category,subcategory,sku,image,status,name,featured,new_arrival,brand,quantity,Sample Price,Wholesale Price List 10 Items,Wholesale Price List 50 Items,Wholesale Price List 100 Items,Cost Price,short_description,description
Fashion,Watches,2724326715926,2724326715926,Enable,"Smart Bluetooth Watch by U Watch, White, U80",0,0,Bluedio,1000,49,49,49,49,49,"Smart Bluetooth Watch by U Watch, White, U80
Type:Watch","Smart Bluetooth Watch by U Watch, White, U80
Type:Watch"
Fashion,Watches,2724326715933,2724326715933,Enable,"Smart Bluetooth Watch by U Watch, Red, U80",0,0,Bluedio,1000,43,43,43,43,43,"Smart Bluetooth Watch by U Watch, Red, U80
Type:Watch","Smart Bluetooth Watch by U Watch, Red, U80
Type:Watch"
Electronics,Headphones & Headsets,2724327004128,2724327004128,Enable,"In Ear Headset for Kids , Multi color",0,0,Other,1000,22,22,22,22,22,"<ul><br><li>Soft earbud fits for PC notebook, desktop, Mp3, Mp4 player etc.</li><br><li>5mm audio device</li><br><li>This 3.5mm earbud fits all 3.5mm earphone jacks and delivers great sound</li><br><li>Package Includes: 1 * Earphone</li><br></ul>","<ul><br><li>Soft earbud fits for PC notebook, desktop, Mp3, Mp4 player etc.</li><br><li>5mm audio device</li><br><li>This 3.5mm earbud fits all 3.5mm earphone jacks and delivers great sound</li><br><li>Package Includes: 1 * Earphone</li><br></ul>
Compatible with #5705MP3 Players
Type #5935In Ear"
Electronics,Headphones & Headsets,2724327004142,2724327004142,Enable,"In Ear Headset for Kids , Multi color",0,0,Other,1000,22,22,22,22,22,"<ul><br><li>Soft earbud fits for PC notebook, desktop, Mp3, Mp4 player etc.</li><br><li>5mm audio device</li><br><li>This 3.5mm earbud fits all 3.5mm earphone jacks and delivers great sound</li><br><li>The earbud fits your pocket, purse or backpack</li><br><li>Package Includes: 1 * Earphone</li><br></ul>","<ul><br><li>Soft earbud fits for PC notebook, desktop, Mp3, Mp4 player etc.</li><br><li>5mm audio device</li><br><li>This 3.5mm earbud fits all 3.5mm earphone jacks and delivers great sound</li><br><li>The earbud fits your pocket, purse or backpack</li><br><li>Package Includes: 1 * Earphone</li><br></ul>
Compatible with #5705MP3 Players
Type #5935In Ear"
Electronics,Headphones & Headsets,2724327004203,2724327004203,Enable,"In Ear Headset for Kids , black",0,0,Other,1000,22,22,22,22,22,"<ul><br><li>Soft earbud fits for PC notebook, desktop, Mp3, Mp4 player etc.</li><br><li>5mm audio device</li><br><li>This 3.5mm earbud fits all 3.5mm earphone jacks and delivers great sound</li><br><li>Package Includes: 1 * Earphone</li><br></ul>","<ul><br><li>Soft earbud fits for PC notebook, desktop, Mp3, Mp4 player etc.</li><br><li>5mm audio device</li><br><li>This 3.5mm earbud fits all 3.5mm earphone jacks and delivers great sound</li><br><li>Package Includes: 1 * Earphone</li><br></ul>
Compatible with #5705MP3 Players
Type #5935In Ear"
Electronics,Headphones & Headsets,2724327230251,2724327230251,Enable,Bluedio A (Air) Stylish Wireless Bluetooth Headphones with Mic (Black),0,0,Bluedio,1000,279,279,279,279,279,"<div style=""direction: ltr;""><h2 style=""color: rgb(204, 102, 0); font-size: medium; margin: 0px 0px 0.25em; font-family: verdana, arial, helvetica, sans-serif; background-color: rgb(255, 255, 255);"">Product Description</h2><div class=""disclaim"" style=""margin-top: 3px; font-size: 10px; color: rgb(136, 136, 136); font-family: verdana, arial, helvetica, sans-serif; background-color: rgb(255, 255, 255);"">Color:&nbsp;<strong>Black</strong></div><div class=""content"" style=""margin: 0.5em 0px 0em 25px; color: rgb(51, 51, 51); font-family: verdana, arial, helvetica, sans-serif; font-size: small; background-color: rgb(255, 255, 255);""><h3 class=""productDescriptionSource"" style=""font-size: 1.23em; font-weight: normal; margin: 0.75em 0px 0.375em -15px; clear: left;""></h3><div class=""productDescriptionWrapper"" style=""margin: 0px 0px 1em;""><b>Compatibility</b>&nbsp;<br>The Bluetooth perfectly works with your smartphone, tablet or Bluetooth enabled MP3 player.&nbsp;<br><br><b>Instruction tips</b>&nbsp;<br>Turning 3D sound on: when the headphones are playing music via Bluetooth, press the MF Button and Vol  Button together then release the buttons immediately. You will hear an indication note, the 3D sound is on.&nbsp;<br><br><b>Specifications</b>&nbsp;<br>Bluetooth version:&nbsp;<b>V4.1</b>&nbsp;<br>Supported Profiles: A2DP, AVRCP, HSP, HFP&nbsp;<br>Bluetooth operating range : up to 10m (free space)&nbsp;<br>Transducers: 57mm×2&nbsp;<br>Impedance: 16&nbsp;<br>Frequency response: 15Hz-25KHz&nbsp;<br>Sound pressure level (SPL): 118dB&nbsp;<br>Bluetooth music/talk time: up to&nbsp;<b>20 hours</b>&nbsp;<br>Standby time: up to 1000 hours (about 41 days)&nbsp;<br>Charging time: 2.5 hours for full charge&nbsp;<br><br><b>In the box</b>&nbsp;<br>Bluedio A Bluetooth headphones&nbsp;<br>User manual&nbsp;<br>Carry case with a buckle&nbsp;<br>Audio cable; Talk cable with remote(only for talk not for music); Y audio cable&nbsp;<br>USB charging cable&nbsp;<br>Pouch for cables</div></div></div>","<div style=""direction: ltr;""><h2 style=""color: rgb(204, 102, 0); font-size: medium; margin: 0px 0px 0.25em; font-family: verdana, arial, helvetica, sans-serif; background-color: rgb(255, 255, 255);"">Product Description</h2><div class=""disclaim"" style=""margin-top: 3px; font-size: 10px; color: rgb(136, 136, 136); font-family: verdana, arial, helvetica, sans-serif; background-color: rgb(255, 255, 255);"">Color:&nbsp;<strong>Black</strong></div><div class=""content"" style=""margin: 0.5em 0px 0em 25px; color: rgb(51, 51, 51); font-family: verdana, arial, helvetica, sans-serif; font-size: small; background-color: rgb(255, 255, 255);""><h3 class=""productDescriptionSource"" style=""font-size: 1.23em; font-weight: normal; margin: 0.75em 0px 0.375em -15px; clear: left;""></h3><div class=""productDescriptionWrapper"" style=""margin: 0px 0px 1em;""><b>Compatibility</b>&nbsp;<br>The Bluetooth perfectly works with your smartphone, tablet or Bluetooth enabled MP3 player.&nbsp;<br><br><b>Instruction tips</b>&nbsp;<br>Turning 3D sound on: when the headphones are playing music via Bluetooth, press the MF Button and Vol  Button together then release the buttons immediately. You will hear an indication note, the 3D sound is on.&nbsp;<br><br><b>Specifications</b>&nbsp;<br>Bluetooth version:&nbsp;<b>V4.1</b>&nbsp;<br>Supported Profiles: A2DP, AVRCP, HSP, HFP&nbsp;<br>Bluetooth operating range : up to 10m (free space)&nbsp;<br>Transducers: 57mm×2&nbsp;<br>Impedance: 16&nbsp;<br>Frequency response: 15Hz-25KHz&nbsp;<br>Sound pressure level (SPL): 118dB&nbsp;<br>Bluetooth music/talk time: up to&nbsp;<b>20 hours</b>&nbsp;<br>Standby time: up to 1000 hours (about 41 days)&nbsp;<br>Charging time: 2.5 hours for full charge&nbsp;<br><br><b>In the box</b>&nbsp;<br>Bluedio A Bluetooth headphones&nbsp;<br>User manual&nbsp;<br>Carry case with a buckle&nbsp;<br>Audio cable; Talk cable with remote(only for talk not for music); Y audio cable&nbsp;<br>USB charging cable&nbsp;<br>Pouch for cables</div></div></div>
Color:Black
Model Number: A
Connectivity:Wireless
Compatible with: All
Type: On Ear"
Electronics,Car Audio & Video Accessories,2724327652961,2724327652961,Enable,NIA Collapsible Micro SD/FM Stereo Radio/MP3 Player Headphones For HTC One M9 Blue,0,0,Bluedio,1000,65,65,65,65,65,"NIA Collapsible Micro SD/FM Stereo Radio/MP3 Player Headphones For HTC One M9 Blue
Type:Car Accessories","NIA Collapsible Micro SD/FM Stereo Radio/MP3 Player Headphones For HTC One M9 Blue
Type:Car Accessories"
Electronics,Mobile Accessories,2724328712770,2724328712770,Enable,Universal 360 Rotating Magnetic Car Air Vent Mount Mobile Phone Holder Stand for smartphone,0,0,Other,1000,29,29,29,29,29,"<p 13px="""" 16.9px="""" ""open="""" sans"",="""" arial,="""" helvetica,="""" sans-senif,="""" simsun,="""" ;="""" margin:="""" 0px;="""" padding:="""" border:="""" 0px="""" currentcolor;="""" border-image:="""" none;="""" color:="""" rgb(0,="""" 0,="""" 0);="""" text-transform:="""" text-indent:="""" letter-spacing:="""" normal;="""" word-spacing:="""" vertical-align:="""" baseline;="""" white-space:="""" box-sizing:="""" content-box;="""" widows:="""" 1;="""" font-stretch:="""" inherit;="""" background-color:="""" rgb(255,="""" 255,="""" 255);="""" -webkit-text-stroke-width:="""" 0px;&#39;="""" style=""margin: 0px; padding: 5px 0px;""><span style=""margin: 0px; padding: 0px; border: 0px currentcolor; border-image-slice: initial; border-image-width: initial; border-image-outset: initial; border-image-repeat: initial; border-image-source: none; vertical-align: baseline; box-sizing: content-box; font-stretch: inherit;""><span style=""margin: 0px; padding: 0px; border: 0px currentcolor; border-image-slice: initial; border-image-width: initial; border-image-outset: initial; border-image-repeat: initial; border-image-source: none; vertical-align: baseline; box-sizing: content-box; font-stretch: inherit;""><span style=""margin: 0px; padding: 0px; border: 0px currentcolor; border-image-slice: initial; border-image-width: initial; border-image-outset: initial; border-image-repeat: initial; border-image-source: none; vertical-align: baseline; box-sizing: content-box; font-stretch: inherit;"">A universal mounting solution that will hold most smartphones as well as their cases from 2-4 inches wide</span><br style=""margin: 0px; padding: 0px; box-sizing: content-box;""><span style=""margin: 0px; padding: 0px; border: 0px currentcolor; border-image-slice: initial; border-image-width: initial; border-image-outset: initial; border-image-repeat: initial; border-image-source: none; vertical-align: baseline; box-sizing: content-box; font-stretch: inherit;"">* Magnetic mount securely holds your device with no adhesive residue</span><br style=""margin: 0px; padding: 0px; box-sizing: content-box;""><span style=""margin: 0px; padding: 0px; border: 0px currentcolor; border-image-slice: initial; border-image-width: initial; border-image-outset: initial; border-image-repeat: initial; border-image-source: none; vertical-align: baseline; box-sizing: content-box; font-stretch: inherit;"">* Small and compact Size with a sophisticated design to provide a fully functional cradle-less mounting solution</span><br style=""margin: 0px; padding: 0px; box-sizing: content-box;""><span style=""margin: 0px; padding: 0px; border: 0px currentcolor; border-image-slice: initial; border-image-width: initial; border-image-outset: initial; border-image-repeat: initial; border-image-source: none; vertical-align: baseline; box-sizing: content-box; font-stretch: inherit;"">* Designed for safe driving, won\'t block your sight</span><br style=""margin: 0px; padding: 0px; box-sizing: content-box;""><span style=""margin: 0px; padding: 0px; border: 0px currentcolor; border-image-slice: initial; border-image-width: initial; border-image-outset: initial; border-image-repeat: initial; border-image-source: none; vertical-align: baseline; box-sizing: content-box; font-stretch: inherit;"">* Spring loaded one click lock and release feature to provide a strong clamped hold to users vent blade while also minimizing vibrations to your device</span><br style=""margin: 0px; padding: 0px; box-sizing: content-box;""><span style=""margin: 0px; padding: 0px; border: 0px currentcolor; border-image-slice: initial; border-image-width: initial; border-image-outset: initial; border-image-repeat: initial; border-image-source: none; vertical-align: baseline; box-sizing: content-box; font-stretch: inherit;"">* Comes with 2 metal plates to go with different phone size</span><br style=""margin: 0px; padding: 0px; box-sizing: content-box;""><span style=""margin: 0px; padding: 0px; border: 0px currentcolor; border-image-slice: initial; border-image-width: initial; border-image-outset: initial; border-image-repeat: initial; border-image-source: none; vertical-align: baseline; box-sizing: content-box; font-stretch: inherit;"">* Position in any direction, provides 360° viewing angles</span><br style=""margin: 0px; padding: 0px; box-sizing: content-box;""><span style=""margin: 0px; padding: 0px; border: 0px currentcolor; border-image-slice: initial; border-image-width: initial; border-image-outset: initial; border-image-repeat: initial; border-image-source: none; vertical-align: baseline; box-sizing: content-box; font-stretch: inherit;"">* Easy installation. Simply attach the magnetic plate to your smartphone, mount with one hand and go</span></span></span></p><div 13px="""" 16.9px="""" ""open="""" sans"",="""" arial,="""" helvetica,="""" sans-senif,="""" simsun,="""" ;="""" margin:="""" 0px;="""" padding:="""" border:="""" 0px="""" currentcolor;="""" border-image:="""" none;="""" color:="""" rgb(0,="""" 0,="""" 0);="""" text-transform:="""" text-indent:="""" letter-spacing:="""" normal;="""" word-spacing:="""" vertical-align:="""" baseline;="""" white-space:="""" box-sizing:="""" content-box;="""" widows:="""" 1;="""" font-stretch:="""" inherit;="""" background-color:="""" rgb(255,="""" 255,="""" 255);="""" -webkit-text-stroke-width:="""" 0px;&#39;="""" style=""margin: 0px; padding: 0px;""><span style=""margin: 0px; padding: 0px; border: 0px currentcolor; border-image-source: none; vertical-align: baseline; box-sizing: content-box; font-stretch: inherit;""><span style=""margin: 0px; padding: 0px; border: 0px currentcolor; border-image-source: none; vertical-align: baseline; box-sizing: content-box; font-stretch: inherit;"">*Please note: The magnet may cause some interference to compass function. It will return back to normal after removing the phone from the mount.</span></span></div><div 13px="""" 16.9px="""" ""open="""" sans"",="""" arial,="""" helvetica,="""" sans-senif,="""" simsun,="""" ;="""" margin:="""" 0px;="""" padding:="""" border:="""" 0px="""" currentcolor;="""" border-image:="""" none;="""" color:="""" rgb(0,="""" 0,="""" 0);="""" text-transform:="""" text-indent:="""" letter-spacing:="""" normal;="""" word-spacing:="""" vertical-align:="""" baseline;="""" white-space:="""" box-sizing:="""" content-box;="""" widows:="""" 1;="""" font-stretch:="""" inherit;="""" background-color:="""" rgb(255,="""" 255,="""" 255);="""" -webkit-text-stroke-width:="""" 0px;&#39;="""" style=""margin: 0px; padding: 0px;"">&nbsp;</div><p 13px="""" 16.9px="""" ""open="""" sans"",="""" arial,="""" helvetica,="""" sans-senif,="""" simsun,="""" ;="""" margin:="""" 0px;="""" padding:="""" border:="""" 0px="""" currentcolor;="""" border-image:="""" none;="""" color:="""" rgb(0,="""" 0,="""" 0);="""" text-transform:="""" text-indent:="""" letter-spacing:="""" normal;="""" word-spacing:="""" vertical-align:="""" baseline;="""" white-space:="""" box-sizing:="""" content-box;="""" widows:="""" 1;="""" font-stretch:="""" inherit;="""" background-color:="""" rgb(255,="""" 255,="""" 255);="""" -webkit-text-stroke-width:="""" 0px;&#39;="""" style=""margin: 0px; padding: 5px 0px;""><span style=""margin: 0px; padding: 0px; border: 0px currentcolor; border-image-source: none; vertical-align: baseline; box-sizing: content-box; font-stretch: inherit;""><span style=""margin: 0px; padding: 0px; box-sizing: content-box;"">Specification:</span></span></p><div 13px="""" 16.9px="""" ""open="""" sans"",="""" arial,="""" helvetica,="""" sans-senif,="""" simsun,="""" ;="""" margin:="""" 0px;="""" padding:="""" border:="""" 0px="""" currentcolor;="""" border-image:="""" none;="""" color:="""" rgb(0,="""" 0,="""" 0);="""" text-transform:="""" text-indent:="""" letter-spacing:="""" normal;="""" word-spacing:="""" vertical-align:="""" baseline;="""" white-space:="""" box-sizing:="""" content-box;="""" widows:="""" 1;="""" font-stretch:="""" inherit;="""" background-color:="""" rgb(255,="""" 255,="""" 255);="""" -webkit-text-stroke-width:="""" 0px;&#39;="""" style=""margin: 0px; padding: 0px;""><br style=""margin: 0px; padding: 0px; box-sizing: content-box;""><span style=""margin: 0px; padding: 0px; border: 0px currentcolor; border-image-slice: initial; border-image-width: initial; border-image-outset: initial; border-image-repeat: initial; border-image-source: none; vertical-align: baseline; box-sizing: content-box; font-stretch: inherit;"">Material: Plastic and rubber</span><br style=""margin: 0px; padding: 0px; box-sizing: content-box;""><span style=""margin: 0px; padding: 0px; border: 0px currentcolor; border-image-slice: initial; border-image-width: initial; border-image-outset: initial; border-image-repeat: initial; border-image-source: none; vertical-align: baseline; box-sizing: content-box; font-stretch: inherit;"">Weight: 50g</span><br style=""margin: 0px; padding: 0px; box-sizing: content-box;""><span style=""margin: 0px; padding: 0px; border: 0px currentcolor; border-image-slice: initial; border-image-width: initial; border-image-outset: initial; border-image-repeat: initial; border-image-source: none; vertical-align: baseline; box-sizing: content-box; font-stretch: inherit;"">dimensions: 8 x 6 x 4.5 cm</span><br style=""margin: 0px; padding: 0px; box-sizing: content-box;""><span style=""margin: 0px; padding: 0px; border: 0px currentcolor; border-image-slice: initial; border-image-width: initial; border-image-outset: initial; border-image-repeat: initial; border-image-source: none; vertical-align: baseline; box-sizing: content-box; font-stretch: inherit;"">Color:&nbsp;silver</span></div>","<p 13px="""" 16.9px="""" ""open="""" sans"",="""" arial,="""" helvetica,="""" sans-senif,="""" simsun,="""" ;="""" margin:="""" 0px;="""" padding:="""" border:="""" 0px="""" currentcolor;="""" border-image:="""" none;="""" color:="""" rgb(0,="""" 0,="""" 0);="""" text-transform:="""" text-indent:="""" letter-spacing:="""" normal;="""" word-spacing:="""" vertical-align:="""" baseline;="""" white-space:="""" box-sizing:="""" content-box;="""" widows:="""" 1;="""" font-stretch:="""" inherit;="""" background-color:="""" rgb(255,="""" 255,="""" 255);="""" -webkit-text-stroke-width:="""" 0px;&#39;="""" style=""margin: 0px; padding: 5px 0px;""><span style=""margin: 0px; padding: 0px; border: 0px currentcolor; border-image-slice: initial; border-image-width: initial; border-image-outset: initial; border-image-repeat: initial; border-image-source: none; vertical-align: baseline; box-sizing: content-box; font-stretch: inherit;""><span style=""margin: 0px; padding: 0px; border: 0px currentcolor; border-image-slice: initial; border-image-width: initial; border-image-outset: initial; border-image-repeat: initial; border-image-source: none; vertical-align: baseline; box-sizing: content-box; font-stretch: inherit;""><span style=""margin: 0px; padding: 0px; border: 0px currentcolor; border-image-slice: initial; border-image-width: initial; border-image-outset: initial; border-image-repeat: initial; border-image-source: none; vertical-align: baseline; box-sizing: content-box; font-stretch: inherit;"">A universal mounting solution that will hold most smartphones as well as their cases from 2-4 inches wide</span><br style=""margin: 0px; padding: 0px; box-sizing: content-box;""><span style=""margin: 0px; padding: 0px; border: 0px currentcolor; border-image-slice: initial; border-image-width: initial; border-image-outset: initial; border-image-repeat: initial; border-image-source: none; vertical-align: baseline; box-sizing: content-box; font-stretch: inherit;"">* Magnetic mount securely holds your device with no adhesive residue</span><br style=""margin: 0px; padding: 0px; box-sizing: content-box;""><span style=""margin: 0px; padding: 0px; border: 0px currentcolor; border-image-slice: initial; border-image-width: initial; border-image-outset: initial; border-image-repeat: initial; border-image-source: none; vertical-align: baseline; box-sizing: content-box; font-stretch: inherit;"">* Small and compact Size with a sophisticated design to provide a fully functional cradle-less mounting solution</span><br style=""margin: 0px; padding: 0px; box-sizing: content-box;""><span style=""margin: 0px; padding: 0px; border: 0px currentcolor; border-image-slice: initial; border-image-width: initial; border-image-outset: initial; border-image-repeat: initial; border-image-source: none; vertical-align: baseline; box-sizing: content-box; font-stretch: inherit;"">* Designed for safe driving, won\'t block your sight</span><br style=""margin: 0px; padding: 0px; box-sizing: content-box;""><span style=""margin: 0px; padding: 0px; border: 0px currentcolor; border-image-slice: initial; border-image-width: initial; border-image-outset: initial; border-image-repeat: initial; border-image-source: none; vertical-align: baseline; box-sizing: content-box; font-stretch: inherit;"">* Spring loaded one click lock and release feature to provide a strong clamped hold to users vent blade while also minimizing vibrations to your device</span><br style=""margin: 0px; padding: 0px; box-sizing: content-box;""><span style=""margin: 0px; padding: 0px; border: 0px currentcolor; border-image-slice: initial; border-image-width: initial; border-image-outset: initial; border-image-repeat: initial; border-image-source: none; vertical-align: baseline; box-sizing: content-box; font-stretch: inherit;"">* Comes with 2 metal plates to go with different phone size</span><br style=""margin: 0px; padding: 0px; box-sizing: content-box;""><span style=""margin: 0px; padding: 0px; border: 0px currentcolor; border-image-slice: initial; border-image-width: initial; border-image-outset: initial; border-image-repeat: initial; border-image-source: none; vertical-align: baseline; box-sizing: content-box; font-stretch: inherit;"">* Position in any direction, provides 360° viewing angles</span><br style=""margin: 0px; padding: 0px; box-sizing: content-box;""><span style=""margin: 0px; padding: 0px; border: 0px currentcolor; border-image-slice: initial; border-image-width: initial; border-image-outset: initial; border-image-repeat: initial; border-image-source: none; vertical-align: baseline; box-sizing: content-box; font-stretch: inherit;"">* Easy installation. Simply attach the magnetic plate to your smartphone, mount with one hand and go</span></span></span></p><div 13px="""" 16.9px="""" ""open="""" sans"",="""" arial,="""" helvetica,="""" sans-senif,="""" simsun,="""" ;="""" margin:="""" 0px;="""" padding:="""" border:="""" 0px="""" currentcolor;="""" border-image:="""" none;="""" color:="""" rgb(0,="""" 0,="""" 0);="""" text-transform:="""" text-indent:="""" letter-spacing:="""" normal;="""" word-spacing:="""" vertical-align:="""" baseline;="""" white-space:="""" box-sizing:="""" content-box;="""" widows:="""" 1;="""" font-stretch:="""" inherit;="""" background-color:="""" rgb(255,="""" 255,="""" 255);="""" -webkit-text-stroke-width:="""" 0px;&#39;="""" style=""margin: 0px; padding: 0px;""><span style=""margin: 0px; padding: 0px; border: 0px currentcolor; border-image-source: none; vertical-align: baseline; box-sizing: content-box; font-stretch: inherit;""><span style=""margin: 0px; padding: 0px; border: 0px currentcolor; border-image-source: none; vertical-align: baseline; box-sizing: content-box; font-stretch: inherit;"">*Please note: The magnet may cause some interference to compass function. It will return back to normal after removing the phone from the mount.</span></span></div><div 13px="""" 16.9px="""" ""open="""" sans"",="""" arial,="""" helvetica,="""" sans-senif,="""" simsun,="""" ;="""" margin:="""" 0px;="""" padding:="""" border:="""" 0px="""" currentcolor;="""" border-image:="""" none;="""" color:="""" rgb(0,="""" 0,="""" 0);="""" text-transform:="""" text-indent:="""" letter-spacing:="""" normal;="""" word-spacing:="""" vertical-align:="""" baseline;="""" white-space:="""" box-sizing:="""" content-box;="""" widows:="""" 1;="""" font-stretch:="""" inherit;="""" background-color:="""" rgb(255,="""" 255,="""" 255);="""" -webkit-text-stroke-width:="""" 0px;&#39;="""" style=""margin: 0px; padding: 0px;"">&nbsp;</div><p 13px="""" 16.9px="""" ""open="""" sans"",="""" arial,="""" helvetica,="""" sans-senif,="""" simsun,="""" ;="""" margin:="""" 0px;="""" padding:="""" border:="""" 0px="""" currentcolor;="""" border-image:="""" none;="""" color:="""" rgb(0,="""" 0,="""" 0);="""" text-transform:="""" text-indent:="""" letter-spacing:="""" normal;="""" word-spacing:="""" vertical-align:="""" baseline;="""" white-space:="""" box-sizing:="""" content-box;="""" widows:="""" 1;="""" font-stretch:="""" inherit;="""" background-color:="""" rgb(255,="""" 255,="""" 255);="""" -webkit-text-stroke-width:="""" 0px;&#39;="""" style=""margin: 0px; padding: 5px 0px;""><span style=""margin: 0px; padding: 0px; border: 0px currentcolor; border-image-source: none; vertical-align: baseline; box-sizing: content-box; font-stretch: inherit;""><span style=""margin: 0px; padding: 0px; box-sizing: content-box;"">Specification:</span></span></p><div 13px="""" 16.9px="""" ""open="""" sans"",="""" arial,="""" helvetica,="""" sans-senif,="""" simsun,="""" ;="""" margin:="""" 0px;="""" padding:="""" border:="""" 0px="""" currentcolor;="""" border-image:="""" none;="""" color:="""" rgb(0,="""" 0,="""" 0);="""" text-transform:="""" text-indent:="""" letter-spacing:="""" normal;="""" word-spacing:="""" vertical-align:="""" baseline;="""" white-space:="""" box-sizing:="""" content-box;="""" widows:="""" 1;="""" font-stretch:="""" inherit;="""" background-color:="""" rgb(255,="""" 255,="""" 255);="""" -webkit-text-stroke-width:="""" 0px;&#39;="""" style=""margin: 0px; padding: 0px;""><br style=""margin: 0px; padding: 0px; box-sizing: content-box;""><span style=""margin: 0px; padding: 0px; border: 0px currentcolor; border-image-slice: initial; border-image-width: initial; border-image-outset: initial; border-image-repeat: initial; border-image-source: none; vertical-align: baseline; box-sizing: content-box; font-stretch: inherit;"">Material: Plastic and rubber</span><br style=""margin: 0px; padding: 0px; box-sizing: content-box;""><span style=""margin: 0px; padding: 0px; border: 0px currentcolor; border-image-slice: initial; border-image-width: initial; border-image-outset: initial; border-image-repeat: initial; border-image-source: none; vertical-align: baseline; box-sizing: content-box; font-stretch: inherit;"">Weight: 50g</span><br style=""margin: 0px; padding: 0px; box-sizing: content-box;""><span style=""margin: 0px; padding: 0px; border: 0px currentcolor; border-image-slice: initial; border-image-width: initial; border-image-outset: initial; border-image-repeat: initial; border-image-source: none; vertical-align: baseline; box-sizing: content-box; font-stretch: inherit;"">dimensions: 8 x 6 x 4.5 cm</span><br style=""margin: 0px; padding: 0px; box-sizing: content-box;""><span style=""margin: 0px; padding: 0px; border: 0px currentcolor; border-image-slice: initial; border-image-width: initial; border-image-outset: initial; border-image-repeat: initial; border-image-source: none; vertical-align: baseline; box-sizing: content-box; font-stretch: inherit;"">Color:&nbsp;silver</span></div>
Mobile Accessory Type: Mounts & Holders
Compatible with:HTC"
Electronics,Headphones & Headsets,2724328986485,2724328986485,Enable,Blue color Bluedio N2 Sports Wireless Bluetooth Stereo Earbuds Headset,0,0,Bluedio,1000,89,89,89,89,89,"<div id=""desc-full"" class="""">
<br>            <p>With Bluetooth 4.1  A2DP Wireless Stereo Headset Sport 
<br>Earphone headphone. The advanced Bluetooth 4.0 technology(8 times the 
<br>bandwidth compare over the Bluetooth 2.1 standard). Which can can work 
<br>well with iPhone 5s/5c/5/4s/4/3/2; iPad series/iPod/ iTouch; Samsung 
<br>Galaxy S4/S3/S2/Note2/Note3/Galaxy/Nokia/HTC/aTT/Toshiaba/Sony all Smart
<br> phone and All Tablet/PC/Laptop.</p>
<br><p><strong>With the best Audio Performance</strong><br> Stereo - 
<br>Bluetooth 4.1 - Wireless 30 feet distance - Sport - In the ear. 
<br>Lightweight, comfortable earbuds - quality sound on the go. Media on the
<br> move. Subway commute, Coffee shop lounging, Taking a walk, Whatever 
<br>your scenery, enjoy it more while listening to your own tunes - all 
<br>without the hassle of connecting with a wire.</p>
<br><p><strong>Cutting-edge sound</strong><br> Featuring the 
<br>state-of-the-art Bluetooth 4.1 standard (8 times the bandwidth over the 
<br>2.1 standard) , these earbuds produce clear, full sound. The 
<br>snug-fitting ear tips block out peripheral noise letting you enjoy your 
<br>media - free of distractions. Simply take control.</p>
<br><p>We put the most used functions (adjust volume, skip tracks, power, 
<br>and phone functions) in easy reach and even included a power meter on 
<br>IOS 5 and over. With up to 5 hours of play time between charges, don&#39;t 
<br>worry about charging often, but when you do, the clip-on charger does 
<br>the job with ease. Sportier audio.</p>
<br><p><strong>Bluetooth sporting headset</strong><br> Allows clear 
<br>communication; Enables use as a headset. Music and phone controls ensure
<br> ease of use, digital noise cancellation technology</p>
<br><p><strong>Product Features:</strong></p>
<br><p><strong>Sweat and moisture-proof</strong> <br> Effectively prevent sweat and rain interfere with headset operation. Make every drop of sweat dancing with music.</p>
<br><p><strong>Reproduced true sound</strong> <br> Crafted with 10mm dynamic
<br> driver, and CCAW voice coil created surprising full-bodied timbre, 
<br>clear and bright, better transient response, restore true sound of your 
<br>favorite singer.</p>
<br><p><strong>6th generation CVC noise reduction</strong> <br> 
<br>Significantly improves receive path voice signal by sophisticated 
<br>algorithm technology and altering the spectral shape of the receive path
<br> signal</p>
<br><p><strong>YES or NO</strong> <br> Voice command say Yes or NO decide 
<br>whether to pick a call, free your hands to do what you want. If you are 
<br>busying, say Yes to pick a call,say No to reject a call.</p>
<br><ul><li>Voice prompts</li><li>EQ, Multi-point</li><li>Call waiting, 180hrs standby, Real stereo</li><li>Last call redial, Noise reduction</li><li>Voice control</li></ul>
<br>        </div>","<div id=""desc-full"" class="""">
<br>            <p>With Bluetooth 4.1  A2DP Wireless Stereo Headset Sport 
<br>Earphone headphone. The advanced Bluetooth 4.0 technology(8 times the 
<br>bandwidth compare over the Bluetooth 2.1 standard). Which can can work 
<br>well with iPhone 5s/5c/5/4s/4/3/2; iPad series/iPod/ iTouch; Samsung 
<br>Galaxy S4/S3/S2/Note2/Note3/Galaxy/Nokia/HTC/aTT/Toshiaba/Sony all Smart
<br> phone and All Tablet/PC/Laptop.</p>
<br><p><strong>With the best Audio Performance</strong><br> Stereo - 
<br>Bluetooth 4.1 - Wireless 30 feet distance - Sport - In the ear. 
<br>Lightweight, comfortable earbuds - quality sound on the go. Media on the
<br> move. Subway commute, Coffee shop lounging, Taking a walk, Whatever 
<br>your scenery, enjoy it more while listening to your own tunes - all 
<br>without the hassle of connecting with a wire.</p>
<br><p><strong>Cutting-edge sound</strong><br> Featuring the 
<br>state-of-the-art Bluetooth 4.1 standard (8 times the bandwidth over the 
<br>2.1 standard) , these earbuds produce clear, full sound. The 
<br>snug-fitting ear tips block out peripheral noise letting you enjoy your 
<br>media - free of distractions. Simply take control.</p>
<br><p>We put the most used functions (adjust volume, skip tracks, power, 
<br>and phone functions) in easy reach and even included a power meter on 
<br>IOS 5 and over. With up to 5 hours of play time between charges, don&#39;t 
<br>worry about charging often, but when you do, the clip-on charger does 
<br>the job with ease. Sportier audio.</p>
<br><p><strong>Bluetooth sporting headset</strong><br> Allows clear 
<br>communication; Enables use as a headset. Music and phone controls ensure
<br> ease of use, digital noise cancellation technology</p>
<br><p><strong>Product Features:</strong></p>
<br><p><strong>Sweat and moisture-proof</strong> <br> Effectively prevent sweat and rain interfere with headset operation. Make every drop of sweat dancing with music.</p>
<br><p><strong>Reproduced true sound</strong> <br> Crafted with 10mm dynamic
<br> driver, and CCAW voice coil created surprising full-bodied timbre, 
<br>clear and bright, better transient response, restore true sound of your 
<br>favorite singer.</p>
<br><p><strong>6th generation CVC noise reduction</strong> <br> 
<br>Significantly improves receive path voice signal by sophisticated 
<br>algorithm technology and altering the spectral shape of the receive path
<br> signal</p>
<br><p><strong>YES or NO</strong> <br> Voice command say Yes or NO decide 
<br>whether to pick a call, free your hands to do what you want. If you are 
<br>busying, say Yes to pick a call,say No to reject a call.</p>
<br><ul><li>Voice prompts</li><li>EQ, Multi-point</li><li>Call waiting, 180hrs standby, Real stereo</li><li>Last call redial, Noise reduction</li><li>Voice control</li></ul>
<br>        </div>
Color:Blue
Model Number: N2
Connectivity:Wireless
Compatible with: Mobile Phones
Type: Over Ear"
Electronics,Chargers,2724329148226,2724329148226,Enable,"G7 Bluetooth FM Transmitter with TF Music Player ,Bluetooth Car kit ,USB Car charger",0,0,Bluedio,1000,47,47,47,47,47,"G7 Bluetooth FM Transmitter with TF Music Player ,Bluetooth Car kit ,USB Car charger
Type:charger","G7 Bluetooth FM Transmitter with TF Music Player ,Bluetooth Car kit ,USB Car charger
Type:charger"
Electronics,Smart Watches,2724329206438,2724329206438,Enable,"Wrist Watch Smart Bluetooth Sliver by U8S ,U80",0,0,U8S,1000,58,58,58,58,58,"<p>Gives you an hour u 80 this smart Bluetooth new and wonderful experience. at bindable with tablet computers and Smartphones and at Apple operating systems compatible with Bluetooth 2.0. . This enables you to get reminders and calls and access to the phone book and call log and remote control of music and time equipped high definition touch screen which allows you to read the information displayed in one glance, this screen shows you the time, date and weekday in addition to other information it needs from the calendar, calculator, alarm clock plus pedometers account you take every day.</p>
<ul>
<li>Screen: LCD</li>
<li>Bluetooth: 3.0</li>
<li>Operating System: Android</li>
<li>Supports issuing Android: 3 and above</li>
<li>Case material&nbsp;: Plastic</li>
<li>Band material&nbsp; : Rubber</li>
<li>Multi Language : English, French, Spanish, Portuguese, German, Italian, Dutch</li>
<li>Contains the entrance Micro USB for charging</li>
</ul>","<p>Gives you an hour u 80 this smart Bluetooth new and wonderful experience. at bindable with tablet computers and Smartphones and at Apple operating systems compatible with Bluetooth 2.0. . This enables you to get reminders and calls and access to the phone book and call log and remote control of music and time equipped high definition touch screen which allows you to read the information displayed in one glance, this screen shows you the time, date and weekday in addition to other information it needs from the calendar, calculator, alarm clock plus pedometers account you take every day.</p>
<ul>
<li>Screen: LCD</li>
<li>Bluetooth: 3.0</li>
<li>Operating System: Android</li>
<li>Supports issuing Android: 3 and above</li>
<li>Case material&nbsp;: Plastic</li>
<li>Band material&nbsp; : Rubber</li>
<li>Multi Language : English, French, Spanish, Portuguese, German, Italian, Dutch</li>
<li>Contains the entrance Micro USB for charging</li>
</ul>
Color:Silver
Operating System : Other
SIM card support: yes
With Camera #4215
Band Material : Rubber
Compatible Operating Systems: Android & iOS"
Electronics,Smart Watches,2724329206483,2724329206483,Enable,"Wrist Watch Smart Bluetooth Green by U8S ,U80",0,0,U8S,1000,45,45,45,45,45,"<p>Gives you an hour u 80 this smart Bluetooth new and wonderful experience. at bindable with tablet computers and Smartphones and at Apple operating systems compatible with Bluetooth 2.0. . This enables you to get reminders and calls and access to the phone book and call log and remote control of music and time equipped high definition touch screen which allows you to read the information displayed in one glance, this screen shows you the time, date and weekday in addition to other information it needs from the calendar, calculator, alarm clock plus pedometers account you take every day.</p>
<ul>
<li>Screen: LCD</li>
<li>Bluetooth: 3.0</li>
<li>Operating System: Android</li>
<li>Supports issuing Android: 3 and above</li>
<li>Case material&nbsp;: Plastic</li>
<li>Band material&nbsp; : Rubber</li>
<li>Multi Language : English, French, Spanish, Portuguese, German, Italian, Dutch</li>
<li>Contains the entrance Micro USB for charging</li>
</ul>","<p>Gives you an hour u 80 this smart Bluetooth new and wonderful experience. at bindable with tablet computers and Smartphones and at Apple operating systems compatible with Bluetooth 2.0. . This enables you to get reminders and calls and access to the phone book and call log and remote control of music and time equipped high definition touch screen which allows you to read the information displayed in one glance, this screen shows you the time, date and weekday in addition to other information it needs from the calendar, calculator, alarm clock plus pedometers account you take every day.</p>
<ul>
<li>Screen: LCD</li>
<li>Bluetooth: 3.0</li>
<li>Operating System: Android</li>
<li>Supports issuing Android: 3 and above</li>
<li>Case material&nbsp;: Plastic</li>
<li>Band material&nbsp; : Rubber</li>
<li>Multi Language : English, French, Spanish, Portuguese, German, Italian, Dutch</li>
<li>Contains the entrance Micro USB for charging</li>
</ul>
Color:Green
Operating System : Other
SIM card support: yes
With Camera #4215
Band Material : Rubber
Compatible Operating Systems: Android & iOS"
Electronics,Smart Watches,2724329206490,2724329206490,Enable,"Wrist Watch Smart Bluetooth Pink by U8S ,U80",0,0,U8S,1000,45,45,45,45,45,"<p>Gives you an hour u 80 this smart Bluetooth new and wonderful experience. at bindable with tablet computers and Smartphones and at Apple operating systems compatible with Bluetooth 2.0. . This enables you to get reminders and calls and access to the phone book and call log and remote control of music and time equipped high definition touch screen which allows you to read the information displayed in one glance, this screen shows you the time, date and weekday in addition to other information it needs from the calendar, calculator, alarm clock plus pedometers account you take every day.</p>
<ul>
<li>Screen: LCD</li>
<li>Bluetooth: 3.0</li>
<li>Operating System: Android</li>
<li>Supports issuing Android: 3 and above</li>
<li>Case material&nbsp;: Plastic</li>
<li>Band material&nbsp; : Rubber</li>
<li>Multi Language : English, French, Spanish, Portuguese, German, Italian, Dutch</li>
<li>Contains the entrance Micro USB for charging</li>
</ul>","<p>Gives you an hour u 80 this smart Bluetooth new and wonderful experience. at bindable with tablet computers and Smartphones and at Apple operating systems compatible with Bluetooth 2.0. . This enables you to get reminders and calls and access to the phone book and call log and remote control of music and time equipped high definition touch screen which allows you to read the information displayed in one glance, this screen shows you the time, date and weekday in addition to other information it needs from the calendar, calculator, alarm clock plus pedometers account you take every day.</p>
<ul>
<li>Screen: LCD</li>
<li>Bluetooth: 3.0</li>
<li>Operating System: Android</li>
<li>Supports issuing Android: 3 and above</li>
<li>Case material&nbsp;: Plastic</li>
<li>Band material&nbsp; : Rubber</li>
<li>Multi Language : English, French, Spanish, Portuguese, German, Italian, Dutch</li>
<li>Contains the entrance Micro USB for charging</li>
</ul>
Color:Pink
Operating System : Other
SIM card support: yes
With Camera #4215
Band Material : Rubber
Compatible Operating Systems: Android & iOS"
Electronics,Chargers,2724329256372,2724329256372,Enable,G7 Bluetooth Car Kit Handsfree FM Transmitter Radio MP3 Player USB Charger Gold,0,0,Bluedio,1000,53,53,53,53,53,"G7 Bluetooth Car Kit Handsfree FM Transmitter Radio MP3 Player USB Charger Gold
Type:charger","G7 Bluetooth Car Kit Handsfree FM Transmitter Radio MP3 Player USB Charger Gold
Type:charger"
Electronics,Mobile Accessories,2724329314751,2724329314751,Enable,Fold-able Stand for iPhone and Tablet - White,0,0,Bluedio,1000,55,55,55,55,55,"Fold-able Stand for iPhone and Tablet - White
Type:Mobile Accessories","Fold-able Stand for iPhone and Tablet - White
Type:Mobile Accessories"
Electronics,Speakers,2724329550821,2724329550821,Enable,Wireless Bluetooth Subwoofer Mini Speaker Stereo Colorful Light LED Lamp,0,0,Other,1000,49,49,49,49,49,Wireless Bluetooth&- Wireless Bluetooth Subwoofer Mini Speaker Stereo Colorful Light LED Lamp&- &metal and plastic&- &Black and Silver - Battery Capicity : 450 mAh size :78*78*78 mm<br><ul><li>Wireless Bluetooth</li><li>Mini Speaker</li><li>Stereo Colorful</li><li>LED Lamp</li><li>black and silver</li></ul>,"Wireless Bluetooth&- Wireless Bluetooth Subwoofer Mini Speaker Stereo Colorful Light LED Lamp&- &metal and plastic&- &Black and Silver - Battery Capicity : 450 mAh size :78*78*78 mm<br><ul><li>Wireless Bluetooth</li><li>Mini Speaker</li><li>Stereo Colorful</li><li>LED Lamp</li><li>black and silver</li></ul>
Color: Black
Port Type: Wireless
Speaker Type: Bluetooth Speakers
Connectivity Technology: Wireless
Compatible with: Multi"
Electronics,Speakers,2724329650309,2724329650309,Enable,Bluetooth Speaker Stereo Audio Receiver Mini Wireless Enceinte Subwoofer altavoz Loudspeakers,0,0,Other,1000,59,59,59,59,59,"<p>Product specifictions:<br>Power output: 3W *2 <br>Speaker: 1.6 inches <br>Votage: DC 5V <br>S/N Ratio: 50dB <br>weight: 420g <br>Bluetooth distance: 10M <br>Bluetooth: 2.0 EDR <br>TF card, AUX input<br>Color:silver</p><p>Package includes<br>*1 x Bluetooth Speaker<br>*1 x Audio Cable<br>*1 x USB Charging Cable</p><p><br></p><p><br></p>","<p>Product specifictions:<br>Power output: 3W *2 <br>Speaker: 1.6 inches <br>Votage: DC 5V <br>S/N Ratio: 50dB <br>weight: 420g <br>Bluetooth distance: 10M <br>Bluetooth: 2.0 EDR <br>TF card, AUX input<br>Color:silver</p><p>Package includes<br>*1 x Bluetooth Speaker<br>*1 x Audio Cable<br>*1 x USB Charging Cable</p><p><br></p><p><br></p>
Color: Silver
Port Type: USB
Speaker Type: Bluetooth Speakers
Connectivity Technology: Wired/Wireless
Compatible with: Multi"
Electronics,Speakers,2724329650392,2724329650392,Enable,Bluetooth Speaker Stereo Audio Receiver Mini Wireless Enceinte Subwoofer altavoz Loudspeakers,0,0,Other,1000,59,59,59,59,59,"<p>Product specifictions:<br>Power output: 3W *2 <br>Speaker: 1.6 inches& <br>Votage: DC 5V& <br>S/N Ratio: 50dB& <br>weight: 420g& <br>Bluetooth distance: 10M& <br>Bluetooth: 2.0 EDR& <br>TF card, AUX input<br>Color:red</p><p>Package includes<br>*1 x Bluetooth Speaker<br>*1 x Audio Cable<br>*1 x USB Charging Cable<br></p>","<p>Product specifictions:<br>Power output: 3W *2 <br>Speaker: 1.6 inches& <br>Votage: DC 5V& <br>S/N Ratio: 50dB& <br>weight: 420g& <br>Bluetooth distance: 10M& <br>Bluetooth: 2.0 EDR& <br>TF card, AUX input<br>Color:red</p><p>Package includes<br>*1 x Bluetooth Speaker<br>*1 x Audio Cable<br>*1 x USB Charging Cable<br></p>
Color: Red
Port Type: USB
Speaker Type: Bluetooth Speakers
Connectivity Technology: Wired/Wireless
Compatible with: Multi"
Electronics,Headphones & Headsets,2724329857036,2724329857036,Enable,Mini 503 Sport Headset Micro Bluetooth 4.0 Wireless Music Stereo Earphones For mobile phones,0,0,Other,1000,65,65,65,65,65,"<p>Bluetooth version : V4.0<br>Frequency: 2400.0-2483.5MHz <br>Bluetooth Supported: Headset , Handfree, A2DP and AVRCP<br>chipset: CSR<br>Operation Range: 10M<br>Talk time: 2-3 Hours<br>Music playing Time: Up to 7 hours<br>Stand-by Time: Up to 250 hours<br>Weight: 40g<br>Color: red<br><br>Package Include:<br>1 x Headset<br>1 x User Manua<br>1 x USB Cable</p><p><br></p>","<p>Bluetooth version : V4.0<br>Frequency: 2400.0-2483.5MHz <br>Bluetooth Supported: Headset , Handfree, A2DP and AVRCP<br>chipset: CSR<br>Operation Range: 10M<br>Talk time: 2-3 Hours<br>Music playing Time: Up to 7 hours<br>Stand-by Time: Up to 250 hours<br>Weight: 40g<br>Color: red<br><br>Package Include:<br>1 x Headset<br>1 x User Manua<br>1 x USB Cable</p><p><br></p>
Compatible with #5705Mobile Phones
Type #5935Over Ear"
Electronics,Headphones & Headsets,2724329857173,2724329857173,Enable,Mini 503 Sport Headset Micro Bluetooth 4.0 Wireless Music Stereo Earphones For mobile phones,0,0,Other,1000,89,89,89,89,89,"<p>Bluetooth version : V4.0<br>Frequency: 2400.0-2483.5MHz <br>Bluetooth Supported: Headset , Handfree, A2DP and AVRCP<br>chipset: CSR<br>Operation Range: 10M<br>Talk time: 2-3 Hours<br>Music playing Time: Up to 7 hours<br>Stand-by Time: Up to 250 hours<br>Weight: 40g<br>Color: gold<br><br>Package Include:<br>1 x Headset<br>1 x User Manua<br>1 x USB Cable</p><p><br></p><p><br></p><p><br></p><p><br></p><p><br></p><p><br></p>","<p>Bluetooth version : V4.0<br>Frequency: 2400.0-2483.5MHz <br>Bluetooth Supported: Headset , Handfree, A2DP and AVRCP<br>chipset: CSR<br>Operation Range: 10M<br>Talk time: 2-3 Hours<br>Music playing Time: Up to 7 hours<br>Stand-by Time: Up to 250 hours<br>Weight: 40g<br>Color: gold<br><br>Package Include:<br>1 x Headset<br>1 x User Manua<br>1 x USB Cable</p><p><br></p><p><br></p><p><br></p><p><br></p><p><br></p><p><br></p>
Compatible with #5705Mobile Phones
Type #5935Over Ear"
Electronics,Car Audio & Video Accessories,2724329957620,2724329957620,Enable,Car Mount Holder for smart phones - Black,0,0,Bluedio,1000,25,25,25,25,25,"Car Mount Holder for smart phones - Black
Type:Car Accessories","Car Mount Holder for smart phones - Black
Type:Car Accessories"
Electronics,Car Audio & Video Accessories,2724330086241,2724330086241,Enable,Auto Car Holder Mini Air Vent Outlet Mount Magnet Magnetic Phone Holder For Iphone Samsung,0,0,Bluedio,1000,25,25,25,25,25,"Auto Car Holder Mini Air Vent Outlet Mount Magnet Magnetic Phone Holder For Iphone Samsung
Type:Car Accessories","Auto Car Holder Mini Air Vent Outlet Mount Magnet Magnetic Phone Holder For Iphone Samsung
Type:Car Accessories"
Electronics,Smart Watches,2724330242753,2724330242753,Enable,"Fitmate U8 Smart Watch Silicone Band For Android & iOS,Black - Fitmate U8",0,0,Fitmate,1000,49,49,49,49,49,"<font face=""Arial, Verdana""><span style=""font-size: 13.3333px;"">The Fitmate U8 Bluetooth Smart Wrist Watch lets you stay in step with the time and the world in a new age way. This smart wrist watch features a high resolution, 1.48inch, capacitive touch display that enables you to see what matters at a glance. A high quality, black, plastic strap augments the watch’s matching black, stainless steel case further. The Fitmate U8 smart watch pairs with tablets, smartphones, and PCs that operate on Android v2.3 or higher. It is also compatible with IOS operating systems via its Bluetooth v2.0. It enables hands free calls and gives you instant and discreet access to your mobile’s phonebook, notifications, and more. Those who have paired their Android smart devices with this accessory will also get notifications when they receive messages on WeChat, Twitter, Facebook, Skype, WhatsApp, and other such apps. Android users can also click pictures remotely with this Fitmate U8 smart watch. An onboard pedometer accurately counts the number of steps you take throughout the day. The timepiece incorporates an altitude meter, stopwatch, and barometer for your convenience</span></font><br/><ul><li>Hands Free Phone Call</li><li>Remote Control Phone Music & Camera</li><li>SMS,Whats App,FB,WeChat etc notification</li><li>Alarm,Calendar,Calculator,etc</li><li>Pedometer,Barometer & Sleep Monitor</li></ul>","<font face=""Arial, Verdana""><span style=""font-size: 13.3333px;"">The Fitmate U8 Bluetooth Smart Wrist Watch lets you stay in step with the time and the world in a new age way. This smart wrist watch features a high resolution, 1.48inch, capacitive touch display that enables you to see what matters at a glance. A high quality, black, plastic strap augments the watch’s matching black, stainless steel case further. The Fitmate U8 smart watch pairs with tablets, smartphones, and PCs that operate on Android v2.3 or higher. It is also compatible with IOS operating systems via its Bluetooth v2.0. It enables hands free calls and gives you instant and discreet access to your mobile’s phonebook, notifications, and more. Those who have paired their Android smart devices with this accessory will also get notifications when they receive messages on WeChat, Twitter, Facebook, Skype, WhatsApp, and other such apps. Android users can also click pictures remotely with this Fitmate U8 smart watch. An onboard pedometer accurately counts the number of steps you take throughout the day. The timepiece incorporates an altitude meter, stopwatch, and barometer for your convenience</span></font><br/><ul><li>Hands Free Phone Call</li><li>Remote Control Phone Music & Camera</li><li>SMS,Whats App,FB,WeChat etc notification</li><li>Alarm,Calendar,Calculator,etc</li><li>Pedometer,Barometer & Sleep Monitor</li></ul>
Color: Black
RAM Size: 
Operating System: Android
SIM card support: NO
With Camera: 
Band Material: Silicone
Compatible Operating Systems : Android & iOS"
Electronics,Smart Watches,2724330242814,2724330242814,Enable,Fitmate U8 Smart Watch,0,0,Fitmate,1000,49,49,49,49,49,"<font face=""Arial, Verdana""><span style=""font-size: 13.3333px;"">The Fitmate U8 Bluetooth Smart Wrist Watch lets you stay in step with the time and the world in a new age way. This smart wrist watch features a high resolution, 1.48inch, capacitive touch display that enables you to see what matters at a glance. A high quality, black, plastic strap augments the watch’s matching black, stainless steel case further. The Fitmate U8 smart watch pairs with tablets, smartphones, and PCs that operate on Android v2.3 or higher. It is also compatible with IOS operating systems via its Bluetooth v2.0. It enables hands free calls and gives you instant and discreet access to your mobile’s phonebook, notifications, and more. Those who have paired their Android smart devices with this accessory will also get notifications when they receive messages on WeChat, Twitter, Facebook, Skype, WhatsApp, and other such apps. Android users can also click pictures remotely with this Fitmate U8 smart watch. An onboard pedometer accurately counts the number of steps you take throughout the day. The timepiece incorporates an altitude meter, stopwatch, and barometer for your convenience</span></font><br/><ul><li>Hands Free Phone Call</li><li>Remote Control Music & Camera</li><li>SMS,Whats App,FB,WeChat etc notification</li><li>Alarm,Calendar,Calculator,etc</li><li>Pedometer,Barometer & Sleep Monitor</li></ul>","<font face=""Arial, Verdana""><span style=""font-size: 13.3333px;"">The Fitmate U8 Bluetooth Smart Wrist Watch lets you stay in step with the time and the world in a new age way. This smart wrist watch features a high resolution, 1.48inch, capacitive touch display that enables you to see what matters at a glance. A high quality, black, plastic strap augments the watch’s matching black, stainless steel case further. The Fitmate U8 smart watch pairs with tablets, smartphones, and PCs that operate on Android v2.3 or higher. It is also compatible with IOS operating systems via its Bluetooth v2.0. It enables hands free calls and gives you instant and discreet access to your mobile’s phonebook, notifications, and more. Those who have paired their Android smart devices with this accessory will also get notifications when they receive messages on WeChat, Twitter, Facebook, Skype, WhatsApp, and other such apps. Android users can also click pictures remotely with this Fitmate U8 smart watch. An onboard pedometer accurately counts the number of steps you take throughout the day. The timepiece incorporates an altitude meter, stopwatch, and barometer for your convenience</span></font><br/><ul><li>Hands Free Phone Call</li><li>Remote Control Music & Camera</li><li>SMS,Whats App,FB,WeChat etc notification</li><li>Alarm,Calendar,Calculator,etc</li><li>Pedometer,Barometer & Sleep Monitor</li></ul>
Color: Black
RAM Size: 
Operating System: Android
SIM card support: No
With Camera: 
Band Material: Silicone
Compatible Operating Systems : Android & iOS"
Electronics,Mobile Accessories,2724330277366,2724330277366,Enable,Aluminium Credit Business ID Card Holder Wallet Purse Pocket Case Purple [sfc],0,0,Bluedio,1000,19,19,19,19,19,"Aluminium Credit Business ID Card Holder Wallet Purse Pocket Case Purple [sfc]
Type:Mobile Accessories","Aluminium Credit Business ID Card Holder Wallet Purse Pocket Case Purple [sfc]
Type:Mobile Accessories"
Electronics,Headphones & Headsets,2724330601338,2724330601338,Enable,Bluedio Turbine T2 Bluetooth 4.1 Wireless Stereo Headband Headset for Mobile Phones,0,0,Bluedio,1000,129,129,129,129,129,"<span>Detailed item info Product Identifiers Bluedio Turbine T2 &nbsp;BLUEDIO &nbsp;Q57</span><span>Design Fit Design &nbsp; &nbsp;Headband Earpiece Design &nbsp; &nbsp;Ear-Cup (Over the Ear)</span><span>ConnectivityConnectivity Type &nbsp; &nbsp; Wireless Connector(s) &nbsp; &nbsp;3.5mm</span><span>Features Frequency Response &nbsp; &nbsp;20 Hz - 20 mpedance &nbsp; &nbsp;110 Features &nbsp; &nbsp;Detachable Cable, Foldable, Volume Control</span>","<span>Detailed item info Product Identifiers Bluedio Turbine T2 &nbsp;BLUEDIO &nbsp;Q57</span><span>Design Fit Design &nbsp; &nbsp;Headband Earpiece Design &nbsp; &nbsp;Ear-Cup (Over the Ear)</span><span>ConnectivityConnectivity Type &nbsp; &nbsp; Wireless Connector(s) &nbsp; &nbsp;3.5mm</span><span>Features Frequency Response &nbsp; &nbsp;20 Hz - 20 mpedance &nbsp; &nbsp;110 Features &nbsp; &nbsp;Detachable Cable, Foldable, Volume Control</span>
Compatible with #5705Mobile Phones
Type: Over Ear"
Electronics,Cables,2724330610071,2724330610071,Enable,For Camcorders - Cables,0,0,Other,1000,14,14,14,14,14,"<ul style=""box-sizing: border-box; list-style-position: inside; margin: 0px 1.42857rem 0px 0px; padding: 0px; font-family: DroidNaskh, &quot;Helvetica Neue&quot;, Helvetica, Helvetica, Arial, sans-serif; font-size: 14px; line-height: 22.4px; color: rgb(51, 51, 51); text-align: right; text-transform: uppercase; background-color: rgb(255, 255, 255);""><li style=""box-sizing: border-box; margin: 0px; padding: 0px; text-transform: none; list-style: inherit !important;""> : &nbsp; &nbsp;</li><li style=""box-sizing: border-box; margin: 0px; padding: 0px; text-transform: none; list-style: inherit !important;"">        Mini USB</li><li style=""box-sizing: border-box; margin: 0px; padding: 0px; text-transform: none; list-style: inherit !important;""> : 80 &nbsp;</li><li style=""box-sizing: border-box; margin: 0px; padding: 0px; text-transform: none; list-style: inherit !important;"">  </li></ul>","<ul style=""box-sizing: border-box; list-style-position: inside; margin: 0px 1.42857rem 0px 0px; padding: 0px; font-family: DroidNaskh, &quot;Helvetica Neue&quot;, Helvetica, Helvetica, Arial, sans-serif; font-size: 14px; line-height: 22.4px; color: rgb(51, 51, 51); text-align: right; text-transform: uppercase; background-color: rgb(255, 255, 255);""><li style=""box-sizing: border-box; margin: 0px; padding: 0px; text-transform: none; list-style: inherit !important;""> : &nbsp; &nbsp;</li><li style=""box-sizing: border-box; margin: 0px; padding: 0px; text-transform: none; list-style: inherit !important;"">        Mini USB</li><li style=""box-sizing: border-box; margin: 0px; padding: 0px; text-transform: none; list-style: inherit !important;""> : 80 &nbsp;</li><li style=""box-sizing: border-box; margin: 0px; padding: 0px; text-transform: none; list-style: inherit !important;"">  </li></ul>
Type: Cables
Compatible with: Camcorders"
Electronics,Smart Watches,2724330806740,2724330806740,Enable,"GPS Watch for Kids Model U8, Pink Color",0,0,Other,1000,109,109,109,109,109,<span>Contact the child through 10 numbers for relatives</span><br><span>Determine the child&#39;s location on the Google map</span><br><span>Contact Parental</span><br><span>Determine the child&#39;s location</span><br><span>Determine the area where the child plays</span><br><span>Protection of strangers</span><br><span>Send encouraging messages to the child a voice and written</span><span>Compatible with devices that are running any ios and Android</span>,"<span>Contact the child through 10 numbers for relatives</span><br><span>Determine the child&#39;s location on the Google map</span><br><span>Contact Parental</span><br><span>Determine the child&#39;s location</span><br><span>Determine the area where the child plays</span><br><span>Protection of strangers</span><br><span>Send encouraging messages to the child a voice and written</span><span>Compatible with devices that are running any ios and Android</span>
Color: Pink
RAM Size: 256
Operating System: iOS
SIM card support: No
With Camera: 
Band Material: Silicone
Compatible Operating Systems : iOS"
Electronics,Headphones & Headsets,2724330837744,2724330837744,Enable,Bluedio T3 Plus (Turbine 3rd) Wireless Bluetooth Stereo Headphones with Mic/Micro SD Card Slot Black,0,0,Bluedio,1000,249,249,249,249,249,"<ul><li><span>Micro SD card slot extension (maximum 32GB) makes sure that you can enjoy your music anytime and anywhere.</span></li><li><span>Quality build that guarantees longevity.Built with an alloy frame, which allows these headphones to be super durable and strong.</span></li><li><span>57mm titanizing diaphragm ensures quicker transient response to electrical signals and enhanced overall sound performance, delivers dynamic sound, powerful extra bass.You can hear every beat every word.</span></li><li><span>3D sound effects will give you a lively and stirring experience, especially for movies.</span></li><li><span>Condenser Microphone with a sensitivity of -42dB makes sure that you sound very clear on phone calls</span></li></ul>","<ul><li><span>Micro SD card slot extension (maximum 32GB) makes sure that you can enjoy your music anytime and anywhere.</span></li><li><span>Quality build that guarantees longevity.Built with an alloy frame, which allows these headphones to be super durable and strong.</span></li><li><span>57mm titanizing diaphragm ensures quicker transient response to electrical signals and enhanced overall sound performance, delivers dynamic sound, powerful extra bass.You can hear every beat every word.</span></li><li><span>3D sound effects will give you a lively and stirring experience, especially for movies.</span></li><li><span>Condenser Microphone with a sensitivity of -42dB makes sure that you sound very clear on phone calls</span></li></ul>
Compatible with #5705All
Type: Over Ear"
Electronics,Car Audio & Video Accessories,2724330951280,2724330951280,Enable,All Vehicales Wireless Bluetooth Car Kit FM Transmitter Handsfree USB TF MP3 Player AUX Port Charger,0,0,Other,1000,35,35,35,35,35,"<p style=""margin: 0px; border: 0px; font-family: Arial; font-size: 12px; background-color: rgb(255, 255, 255);""><span style=""margin: 0px; border: 0px; font-size: 14px;""><span style=""margin: 0px; border: 0px; font-family: arial, helvetica, sans-serif;""><span style=""margin: 0px; border: 0px; font-weight: 900;"">Features:</span></span></span></p><ul style=""margin: 0px 0px 0px 20px; border: 0px; list-style: square; padding-left: 0px; font-family: Arial; font-size: 12px; background-color: rgb(255, 255, 255);""><li><span style=""margin: 0px; border: 0px; font-size: 14px;""><span style=""margin: 0px; border: 0px; font-family: arial, helvetica, sans-serif;"">FM transmitter</span></span></li><li><span style=""margin: 0px; border: 0px; font-size: 14px;""><span style=""margin: 0px; border: 0px; font-family: arial, helvetica, sans-serif;"">LED display window</span></span></li><li><span style=""margin: 0px; border: 0px; font-size: 14px;""><span style=""margin: 0px; border: 0px; font-family: arial, helvetica, sans-serif;"">LINE audio input</span></span></li><li><span style=""margin: 0px; border: 0px; font-size: 14px;""><span style=""margin: 0px; border: 0px; font-family: arial, helvetica, sans-serif;"">Independent Bluetooth start /shutdown button</span></span></li><li><span style=""margin: 0px; border: 0px; font-size: 14px;""><span style=""margin: 0px; border: 0px; font-family: arial, helvetica, sans-serif;"">Support playing music by USB disk</span></span></li><li><span style=""margin: 0px; border: 0px; font-size: 14px;""><span style=""margin: 0px; border: 0px; font-family: arial, helvetica, sans-serif;"">Support MP3/WMA music format</span></span></li><li><span style=""margin: 0px; border: 0px; font-size: 14px;""><span style=""margin: 0px; border: 0px; font-family: arial, helvetica, sans-serif;"">Answer /hang up/reject/redial via Bluetooth</span></span></li><li><span style=""margin: 0px; border: 0px; font-size: 14px;""><span style=""margin: 0px; border: 0px; font-family: arial, helvetica, sans-serif;"">Bluetooth stereo music play</span></span></li><li><span style=""margin: 0px; border: 0px; font-size: 14px;""><span style=""margin: 0px; border: 0px; font-family: arial, helvetica, sans-serif;"">Call Echo Cancellation and Noise Reduction(CVC)</span></span></li><li><span style=""margin: 0px; border: 0px; font-size: 14px;""><span style=""margin: 0px; border: 0px; font-family: arial, helvetica, sans-serif;"">USB output voltage, provides power to other devices up to 5V/2.5A</span></span></li><li><span style=""margin: 0px; border: 0px; font-size: 14px;""><span style=""margin: 0px; border: 0px; font-family: arial, helvetica, sans-serif;"">Automatic memory function of power failure frequency point</span></span></li><li><span style=""margin: 0px; border: 0px; font-size: 14px;""><span style=""margin: 0px; border: 0px; font-family: arial, helvetica, sans-serif;"">Display of on-board battery voltage</span></span></li></ul><p style=""margin: 0px; border: 0px; font-family: Arial; font-size: 12px; background-color: rgb(255, 255, 255);"">&nbsp;</p><p style=""margin: 0px; border: 0px; font-family: Arial; font-size: 12px; background-color: rgb(255, 255, 255);""><span style=""margin: 0px; border: 0px; font-size: 14px;""><span style=""margin: 0px; border: 0px; font-family: arial, helvetica, sans-serif;""><span style=""margin: 0px; border: 0px; font-weight: 900;"">Parameters:</span></span></span></p><ul style=""margin: 0px 0px 0px 20px; border: 0px; list-style: square; padding-left: 0px; font-family: Arial; font-size: 12px; background-color: rgb(255, 255, 255);""><li><span style=""margin: 0px; border: 0px; font-size: 14px;""><span style=""margin: 0px; border: 0px; font-family: arial, helvetica, sans-serif;"">Material:Engineering plastics</span></span></li><li><span style=""margin: 0px; border: 0px; font-size: 14px;""><span style=""margin: 0px; border: 0px; font-family: arial, helvetica, sans-serif;"">Rated working voltage:12V-24V</span></span></li><li><span style=""margin: 0px; border: 0px; font-size: 14px;""><span style=""margin: 0px; border: 0px; font-family: arial, helvetica, sans-serif;"">Limit working voltage:9-262V</span></span></li><li><span style=""margin: 0px; border: 0px; font-size: 14px;""><span style=""margin: 0px; border: 0px; font-family: arial, helvetica, sans-serif;"">USB output:2.5A</span></span></li><li><span style=""margin: 0px; border: 0px; font-size: 14px;""><span style=""margin: 0px; border: 0px; font-family: arial, helvetica, sans-serif;"">Working temperature:0-50C</span></span></li><li><span style=""margin: 0px; border: 0px; font-size: 14px;""><span style=""margin: 0px; border: 0px; font-family: arial, helvetica, sans-serif;"">Play format:Mp3 WPA</span></span></li><li><span style=""margin: 0px; border: 0px; font-size: 14px;""><span style=""margin: 0px; border: 0px; font-family: arial, helvetica, sans-serif;"">SNR:&gt;60dB</span></span></li><li><span style=""margin: 0px; border: 0px; font-size: 14px;""><span style=""margin: 0px; border: 0px; font-family: arial, helvetica, sans-serif;"">Degree of distortion: Frequency response:20Hz-15 KHz</span></span></li><li><span style=""margin: 0px; border: 0px; font-size: 14px;""><span style=""margin: 0px; border: 0px; font-family: arial, helvetica, sans-serif;"">Bluetooth version:2.1 EDR</span></span></li><li><span style=""margin: 0px; border: 0px; font-size: 14px;""><span style=""margin: 0px; border: 0px; font-family: arial, helvetica, sans-serif;"">Bluetooth sound processing:A2DP (Advance Audio Distribution Profile)function support</span></span></li><li><span style=""margin: 0px; border: 0px; font-size: 14px;""><span style=""margin: 0px; border: 0px; font-family: arial, helvetica, sans-serif;"">Bluetooth transmission distance:10M</span></span></li><li><span style=""margin: 0px; border: 0px; font-size: 14px;""><span style=""margin: 0px; border: 0px; font-family: arial, helvetica, sans-serif;"">Effective distance of Bluetooth microphone:0-2M</span></span></li><li><span style=""margin: 0px; border: 0px; font-size: 14px;""><span style=""margin: 0px; border: 0px; font-family: arial, helvetica, sans-serif;"">FM frequency:87.5-108 MHz</span></span></li><li><span style=""margin: 0px; border: 0px; font-size: 14px;""><span style=""margin: 0px; border: 0px; font-family: arial, helvetica, sans-serif;"">FM mode:Stereo digital PLL frequency locking</span></span></li></ul><p style=""margin: 0px; border: 0px; font-family: Arial; font-size: 12px; background-color: rgb(255, 255, 255);"">&nbsp;</p><p style=""margin: 0px; border: 0px; font-family: Arial; font-size: 12px; background-color: rgb(255, 255, 255);""><span style=""margin: 0px; border: 0px; font-size: 14px;""><span style=""margin: 0px; border: 0px; font-family: arial, helvetica, sans-serif;""><span style=""margin: 0px; border: 0px; font-weight: 900;"">Packing list:</span></span></span></p><ul style=""margin: 0px 0px 0px 20px; border: 0px; list-style: square; padding-left: 0px; font-family: Arial; font-size: 12px; background-color: rgb(255, 255, 255);""><li><span style=""margin: 0px; border: 0px; font-size: 14px;""><span style=""margin: 0px; border: 0px; font-family: arial, helvetica, sans-serif;"">1 x Car charger</span></span></li><li><span style=""margin: 0px; border: 0px; font-size: 14px;""><span style=""margin: 0px; border: 0px; font-family: arial, helvetica, sans-serif;"">1 x USB charging cable</span></span></li></ul>","<p style=""margin: 0px; border: 0px; font-family: Arial; font-size: 12px; background-color: rgb(255, 255, 255);""><span style=""margin: 0px; border: 0px; font-size: 14px;""><span style=""margin: 0px; border: 0px; font-family: arial, helvetica, sans-serif;""><span style=""margin: 0px; border: 0px; font-weight: 900;"">Features:</span></span></span></p><ul style=""margin: 0px 0px 0px 20px; border: 0px; list-style: square; padding-left: 0px; font-family: Arial; font-size: 12px; background-color: rgb(255, 255, 255);""><li><span style=""margin: 0px; border: 0px; font-size: 14px;""><span style=""margin: 0px; border: 0px; font-family: arial, helvetica, sans-serif;"">FM transmitter</span></span></li><li><span style=""margin: 0px; border: 0px; font-size: 14px;""><span style=""margin: 0px; border: 0px; font-family: arial, helvetica, sans-serif;"">LED display window</span></span></li><li><span style=""margin: 0px; border: 0px; font-size: 14px;""><span style=""margin: 0px; border: 0px; font-family: arial, helvetica, sans-serif;"">LINE audio input</span></span></li><li><span style=""margin: 0px; border: 0px; font-size: 14px;""><span style=""margin: 0px; border: 0px; font-family: arial, helvetica, sans-serif;"">Independent Bluetooth start /shutdown button</span></span></li><li><span style=""margin: 0px; border: 0px; font-size: 14px;""><span style=""margin: 0px; border: 0px; font-family: arial, helvetica, sans-serif;"">Support playing music by USB disk</span></span></li><li><span style=""margin: 0px; border: 0px; font-size: 14px;""><span style=""margin: 0px; border: 0px; font-family: arial, helvetica, sans-serif;"">Support MP3/WMA music format</span></span></li><li><span style=""margin: 0px; border: 0px; font-size: 14px;""><span style=""margin: 0px; border: 0px; font-family: arial, helvetica, sans-serif;"">Answer /hang up/reject/redial via Bluetooth</span></span></li><li><span style=""margin: 0px; border: 0px; font-size: 14px;""><span style=""margin: 0px; border: 0px; font-family: arial, helvetica, sans-serif;"">Bluetooth stereo music play</span></span></li><li><span style=""margin: 0px; border: 0px; font-size: 14px;""><span style=""margin: 0px; border: 0px; font-family: arial, helvetica, sans-serif;"">Call Echo Cancellation and Noise Reduction(CVC)</span></span></li><li><span style=""margin: 0px; border: 0px; font-size: 14px;""><span style=""margin: 0px; border: 0px; font-family: arial, helvetica, sans-serif;"">USB output voltage, provides power to other devices up to 5V/2.5A</span></span></li><li><span style=""margin: 0px; border: 0px; font-size: 14px;""><span style=""margin: 0px; border: 0px; font-family: arial, helvetica, sans-serif;"">Automatic memory function of power failure frequency point</span></span></li><li><span style=""margin: 0px; border: 0px; font-size: 14px;""><span style=""margin: 0px; border: 0px; font-family: arial, helvetica, sans-serif;"">Display of on-board battery voltage</span></span></li></ul><p style=""margin: 0px; border: 0px; font-family: Arial; font-size: 12px; background-color: rgb(255, 255, 255);"">&nbsp;</p><p style=""margin: 0px; border: 0px; font-family: Arial; font-size: 12px; background-color: rgb(255, 255, 255);""><span style=""margin: 0px; border: 0px; font-size: 14px;""><span style=""margin: 0px; border: 0px; font-family: arial, helvetica, sans-serif;""><span style=""margin: 0px; border: 0px; font-weight: 900;"">Parameters:</span></span></span></p><ul style=""margin: 0px 0px 0px 20px; border: 0px; list-style: square; padding-left: 0px; font-family: Arial; font-size: 12px; background-color: rgb(255, 255, 255);""><li><span style=""margin: 0px; border: 0px; font-size: 14px;""><span style=""margin: 0px; border: 0px; font-family: arial, helvetica, sans-serif;"">Material:Engineering plastics</span></span></li><li><span style=""margin: 0px; border: 0px; font-size: 14px;""><span style=""margin: 0px; border: 0px; font-family: arial, helvetica, sans-serif;"">Rated working voltage:12V-24V</span></span></li><li><span style=""margin: 0px; border: 0px; font-size: 14px;""><span style=""margin: 0px; border: 0px; font-family: arial, helvetica, sans-serif;"">Limit working voltage:9-262V</span></span></li><li><span style=""margin: 0px; border: 0px; font-size: 14px;""><span style=""margin: 0px; border: 0px; font-family: arial, helvetica, sans-serif;"">USB output:2.5A</span></span></li><li><span style=""margin: 0px; border: 0px; font-size: 14px;""><span style=""margin: 0px; border: 0px; font-family: arial, helvetica, sans-serif;"">Working temperature:0-50C</span></span></li><li><span style=""margin: 0px; border: 0px; font-size: 14px;""><span style=""margin: 0px; border: 0px; font-family: arial, helvetica, sans-serif;"">Play format:Mp3 WPA</span></span></li><li><span style=""margin: 0px; border: 0px; font-size: 14px;""><span style=""margin: 0px; border: 0px; font-family: arial, helvetica, sans-serif;"">SNR:&gt;60dB</span></span></li><li><span style=""margin: 0px; border: 0px; font-size: 14px;""><span style=""margin: 0px; border: 0px; font-family: arial, helvetica, sans-serif;"">Degree of distortion: Frequency response:20Hz-15 KHz</span></span></li><li><span style=""margin: 0px; border: 0px; font-size: 14px;""><span style=""margin: 0px; border: 0px; font-family: arial, helvetica, sans-serif;"">Bluetooth version:2.1 EDR</span></span></li><li><span style=""margin: 0px; border: 0px; font-size: 14px;""><span style=""margin: 0px; border: 0px; font-family: arial, helvetica, sans-serif;"">Bluetooth sound processing:A2DP (Advance Audio Distribution Profile)function support</span></span></li><li><span style=""margin: 0px; border: 0px; font-size: 14px;""><span style=""margin: 0px; border: 0px; font-family: arial, helvetica, sans-serif;"">Bluetooth transmission distance:10M</span></span></li><li><span style=""margin: 0px; border: 0px; font-size: 14px;""><span style=""margin: 0px; border: 0px; font-family: arial, helvetica, sans-serif;"">Effective distance of Bluetooth microphone:0-2M</span></span></li><li><span style=""margin: 0px; border: 0px; font-size: 14px;""><span style=""margin: 0px; border: 0px; font-family: arial, helvetica, sans-serif;"">FM frequency:87.5-108 MHz</span></span></li><li><span style=""margin: 0px; border: 0px; font-size: 14px;""><span style=""margin: 0px; border: 0px; font-family: arial, helvetica, sans-serif;"">FM mode:Stereo digital PLL frequency locking</span></span></li></ul><p style=""margin: 0px; border: 0px; font-family: Arial; font-size: 12px; background-color: rgb(255, 255, 255);"">&nbsp;</p><p style=""margin: 0px; border: 0px; font-family: Arial; font-size: 12px; background-color: rgb(255, 255, 255);""><span style=""margin: 0px; border: 0px; font-size: 14px;""><span style=""margin: 0px; border: 0px; font-family: arial, helvetica, sans-serif;""><span style=""margin: 0px; border: 0px; font-weight: 900;"">Packing list:</span></span></span></p><ul style=""margin: 0px 0px 0px 20px; border: 0px; list-style: square; padding-left: 0px; font-family: Arial; font-size: 12px; background-color: rgb(255, 255, 255);""><li><span style=""margin: 0px; border: 0px; font-size: 14px;""><span style=""margin: 0px; border: 0px; font-family: arial, helvetica, sans-serif;"">1 x Car charger</span></span></li><li><span style=""margin: 0px; border: 0px; font-size: 14px;""><span style=""margin: 0px; border: 0px; font-family: arial, helvetica, sans-serif;"">1 x USB charging cable</span></span></li></ul>
Compatible with: All Vehicles
Accessory Type: FM Transmitter Modulator"
Electronics,Car Audio & Video Accessories,2724330951662,2724330951662,Enable,All CAR Bluetooth FM Transmitter With TF/USB flash drives Music Transmission Player HTC Iphone 5 5S,0,0,Other,1000,45,45,45,45,45,"<p style=""margin: 0px; border: 0px; font-family: Arial; font-size: 12px; background-color: rgb(255, 255, 255);""><span style=""margin: 0px; border: 0px; font-size: 14px;""><span style=""margin: 0px; border: 0px; font-family: arial, helvetica, sans-serif;""><span style=""margin: 0px; border: 0px; font-weight: 900;"">Features:</span></span></span></p><ul style=""margin: 0px 0px 0px 20px; border: 0px; list-style: square; padding-left: 0px; font-family: Arial; font-size: 12px; background-color: rgb(255, 255, 255);""><li><span style=""margin: 0px; border: 0px; font-size: 14px;""><span style=""margin: 0px; border: 0px; font-family: arial, helvetica, sans-serif;"">FM transmitter</span></span></li><li><span style=""margin: 0px; border: 0px; font-size: 14px;""><span style=""margin: 0px; border: 0px; font-family: arial, helvetica, sans-serif;"">LED display window</span></span></li><li><span style=""margin: 0px; border: 0px; font-size: 14px;""><span style=""margin: 0px; border: 0px; font-family: arial, helvetica, sans-serif;"">LINE audio input</span></span></li><li><span style=""margin: 0px; border: 0px; font-size: 14px;""><span style=""margin: 0px; border: 0px; font-family: arial, helvetica, sans-serif;"">Independent Bluetooth start /shutdown button</span></span></li><li><span style=""margin: 0px; border: 0px; font-size: 14px;""><span style=""margin: 0px; border: 0px; font-family: arial, helvetica, sans-serif;"">Support playing music by USB disk</span></span></li><li><span style=""margin: 0px; border: 0px; font-size: 14px;""><span style=""margin: 0px; border: 0px; font-family: arial, helvetica, sans-serif;"">Support MP3/WMA music format</span></span></li><li><span style=""margin: 0px; border: 0px; font-size: 14px;""><span style=""margin: 0px; border: 0px; font-family: arial, helvetica, sans-serif;"">Answer /hang up/reject/redial via Bluetooth</span></span></li><li><span style=""margin: 0px; border: 0px; font-size: 14px;""><span style=""margin: 0px; border: 0px; font-family: arial, helvetica, sans-serif;"">Bluetooth stereo music play</span></span></li><li><span style=""margin: 0px; border: 0px; font-size: 14px;""><span style=""margin: 0px; border: 0px; font-family: arial, helvetica, sans-serif;"">Call Echo Cancellation and Noise Reduction(CVC)</span></span></li><li><span style=""margin: 0px; border: 0px; font-size: 14px;""><span style=""margin: 0px; border: 0px; font-family: arial, helvetica, sans-serif;"">USB output voltage, provides power to other devices up to 5V/2.5A</span></span></li><li><span style=""margin: 0px; border: 0px; font-size: 14px;""><span style=""margin: 0px; border: 0px; font-family: arial, helvetica, sans-serif;"">Automatic memory function of power failure frequency point</span></span></li><li><span style=""margin: 0px; border: 0px; font-size: 14px;""><span style=""margin: 0px; border: 0px; font-family: arial, helvetica, sans-serif;"">Display of on-board battery voltage</span></span></li></ul><p style=""margin: 0px; border: 0px; font-family: Arial; font-size: 12px; background-color: rgb(255, 255, 255);"">&nbsp;</p><p style=""margin: 0px; border: 0px; font-family: Arial; font-size: 12px; background-color: rgb(255, 255, 255);""><span style=""margin: 0px; border: 0px; font-size: 14px;""><span style=""margin: 0px; border: 0px; font-family: arial, helvetica, sans-serif;""><span style=""margin: 0px; border: 0px; font-weight: 900;"">Parameters:</span></span></span></p><ul style=""margin: 0px 0px 0px 20px; border: 0px; list-style: square; padding-left: 0px; font-family: Arial; font-size: 12px; background-color: rgb(255, 255, 255);""><li><span style=""margin: 0px; border: 0px; font-size: 14px;""><span style=""margin: 0px; border: 0px; font-family: arial, helvetica, sans-serif;"">Material:Engineering plastics</span></span></li><li><span style=""margin: 0px; border: 0px; font-size: 14px;""><span style=""margin: 0px; border: 0px; font-family: arial, helvetica, sans-serif;"">Rated working voltage:12V-24V</span></span></li><li><span style=""margin: 0px; border: 0px; font-size: 14px;""><span style=""margin: 0px; border: 0px; font-family: arial, helvetica, sans-serif;"">Limit working voltage:9-262V</span></span></li><li><span style=""margin: 0px; border: 0px; font-size: 14px;""><span style=""margin: 0px; border: 0px; font-family: arial, helvetica, sans-serif;"">USB output:2.5A</span></span></li><li><span style=""margin: 0px; border: 0px; font-size: 14px;""><span style=""margin: 0px; border: 0px; font-family: arial, helvetica, sans-serif;"">Working temperature:0-50C</span></span></li><li><span style=""margin: 0px; border: 0px; font-size: 14px;""><span style=""margin: 0px; border: 0px; font-family: arial, helvetica, sans-serif;"">Play format:Mp3 WPA</span></span></li><li><span style=""margin: 0px; border: 0px; font-size: 14px;""><span style=""margin: 0px; border: 0px; font-family: arial, helvetica, sans-serif;"">SNR:&gt;60dB</span></span></li><li><span style=""margin: 0px; border: 0px; font-size: 14px;""><span style=""margin: 0px; border: 0px; font-family: arial, helvetica, sans-serif;"">Degree of distortion: Frequency response:20Hz-15 KHz</span></span></li><li><span style=""margin: 0px; border: 0px; font-size: 14px;""><span style=""margin: 0px; border: 0px; font-family: arial, helvetica, sans-serif;"">Bluetooth version:2.1 EDR</span></span></li><li><span style=""margin: 0px; border: 0px; font-size: 14px;""><span style=""margin: 0px; border: 0px; font-family: arial, helvetica, sans-serif;"">Bluetooth sound processing:A2DP (Advance Audio Distribution Profile)function support</span></span></li><li><span style=""margin: 0px; border: 0px; font-size: 14px;""><span style=""margin: 0px; border: 0px; font-family: arial, helvetica, sans-serif;"">Bluetooth transmission distance:10M</span></span></li><li><span style=""margin: 0px; border: 0px; font-size: 14px;""><span style=""margin: 0px; border: 0px; font-family: arial, helvetica, sans-serif;"">Effective distance of Bluetooth microphone:0-2M</span></span></li><li><span style=""margin: 0px; border: 0px; font-size: 14px;""><span style=""margin: 0px; border: 0px; font-family: arial, helvetica, sans-serif;"">FM frequency:87.5-108 MHz</span></span></li><li><span style=""margin: 0px; border: 0px; font-size: 14px;""><span style=""margin: 0px; border: 0px; font-family: arial, helvetica, sans-serif;"">FM mode:Stereo digital PLL frequency locking</span></span></li></ul><p style=""margin: 0px; border: 0px; font-family: Arial; font-size: 12px; background-color: rgb(255, 255, 255);"">&nbsp;</p><p style=""margin: 0px; border: 0px; font-family: Arial; font-size: 12px; background-color: rgb(255, 255, 255);""><span style=""margin: 0px; border: 0px; font-size: 14px;""><span style=""margin: 0px; border: 0px; font-family: arial, helvetica, sans-serif;""><span style=""margin: 0px; border: 0px; font-weight: 900;"">Packing list:</span></span></span></p><ul style=""margin: 0px 0px 0px 20px; border: 0px; list-style: square; padding-left: 0px; font-family: Arial; font-size: 12px; background-color: rgb(255, 255, 255);""><li><span style=""margin: 0px; border: 0px; font-size: 14px;""><span style=""margin: 0px; border: 0px; font-family: arial, helvetica, sans-serif;"">1 x Car charger</span></span></li><li><span style=""margin: 0px; border: 0px; font-size: 14px;""><span style=""margin: 0px; border: 0px; font-family: arial, helvetica, sans-serif;"">1 x USB charging cable</span></span></li></ul>","<p style=""margin: 0px; border: 0px; font-family: Arial; font-size: 12px; background-color: rgb(255, 255, 255);""><span style=""margin: 0px; border: 0px; font-size: 14px;""><span style=""margin: 0px; border: 0px; font-family: arial, helvetica, sans-serif;""><span style=""margin: 0px; border: 0px; font-weight: 900;"">Features:</span></span></span></p><ul style=""margin: 0px 0px 0px 20px; border: 0px; list-style: square; padding-left: 0px; font-family: Arial; font-size: 12px; background-color: rgb(255, 255, 255);""><li><span style=""margin: 0px; border: 0px; font-size: 14px;""><span style=""margin: 0px; border: 0px; font-family: arial, helvetica, sans-serif;"">FM transmitter</span></span></li><li><span style=""margin: 0px; border: 0px; font-size: 14px;""><span style=""margin: 0px; border: 0px; font-family: arial, helvetica, sans-serif;"">LED display window</span></span></li><li><span style=""margin: 0px; border: 0px; font-size: 14px;""><span style=""margin: 0px; border: 0px; font-family: arial, helvetica, sans-serif;"">LINE audio input</span></span></li><li><span style=""margin: 0px; border: 0px; font-size: 14px;""><span style=""margin: 0px; border: 0px; font-family: arial, helvetica, sans-serif;"">Independent Bluetooth start /shutdown button</span></span></li><li><span style=""margin: 0px; border: 0px; font-size: 14px;""><span style=""margin: 0px; border: 0px; font-family: arial, helvetica, sans-serif;"">Support playing music by USB disk</span></span></li><li><span style=""margin: 0px; border: 0px; font-size: 14px;""><span style=""margin: 0px; border: 0px; font-family: arial, helvetica, sans-serif;"">Support MP3/WMA music format</span></span></li><li><span style=""margin: 0px; border: 0px; font-size: 14px;""><span style=""margin: 0px; border: 0px; font-family: arial, helvetica, sans-serif;"">Answer /hang up/reject/redial via Bluetooth</span></span></li><li><span style=""margin: 0px; border: 0px; font-size: 14px;""><span style=""margin: 0px; border: 0px; font-family: arial, helvetica, sans-serif;"">Bluetooth stereo music play</span></span></li><li><span style=""margin: 0px; border: 0px; font-size: 14px;""><span style=""margin: 0px; border: 0px; font-family: arial, helvetica, sans-serif;"">Call Echo Cancellation and Noise Reduction(CVC)</span></span></li><li><span style=""margin: 0px; border: 0px; font-size: 14px;""><span style=""margin: 0px; border: 0px; font-family: arial, helvetica, sans-serif;"">USB output voltage, provides power to other devices up to 5V/2.5A</span></span></li><li><span style=""margin: 0px; border: 0px; font-size: 14px;""><span style=""margin: 0px; border: 0px; font-family: arial, helvetica, sans-serif;"">Automatic memory function of power failure frequency point</span></span></li><li><span style=""margin: 0px; border: 0px; font-size: 14px;""><span style=""margin: 0px; border: 0px; font-family: arial, helvetica, sans-serif;"">Display of on-board battery voltage</span></span></li></ul><p style=""margin: 0px; border: 0px; font-family: Arial; font-size: 12px; background-color: rgb(255, 255, 255);"">&nbsp;</p><p style=""margin: 0px; border: 0px; font-family: Arial; font-size: 12px; background-color: rgb(255, 255, 255);""><span style=""margin: 0px; border: 0px; font-size: 14px;""><span style=""margin: 0px; border: 0px; font-family: arial, helvetica, sans-serif;""><span style=""margin: 0px; border: 0px; font-weight: 900;"">Parameters:</span></span></span></p><ul style=""margin: 0px 0px 0px 20px; border: 0px; list-style: square; padding-left: 0px; font-family: Arial; font-size: 12px; background-color: rgb(255, 255, 255);""><li><span style=""margin: 0px; border: 0px; font-size: 14px;""><span style=""margin: 0px; border: 0px; font-family: arial, helvetica, sans-serif;"">Material:Engineering plastics</span></span></li><li><span style=""margin: 0px; border: 0px; font-size: 14px;""><span style=""margin: 0px; border: 0px; font-family: arial, helvetica, sans-serif;"">Rated working voltage:12V-24V</span></span></li><li><span style=""margin: 0px; border: 0px; font-size: 14px;""><span style=""margin: 0px; border: 0px; font-family: arial, helvetica, sans-serif;"">Limit working voltage:9-262V</span></span></li><li><span style=""margin: 0px; border: 0px; font-size: 14px;""><span style=""margin: 0px; border: 0px; font-family: arial, helvetica, sans-serif;"">USB output:2.5A</span></span></li><li><span style=""margin: 0px; border: 0px; font-size: 14px;""><span style=""margin: 0px; border: 0px; font-family: arial, helvetica, sans-serif;"">Working temperature:0-50C</span></span></li><li><span style=""margin: 0px; border: 0px; font-size: 14px;""><span style=""margin: 0px; border: 0px; font-family: arial, helvetica, sans-serif;"">Play format:Mp3 WPA</span></span></li><li><span style=""margin: 0px; border: 0px; font-size: 14px;""><span style=""margin: 0px; border: 0px; font-family: arial, helvetica, sans-serif;"">SNR:&gt;60dB</span></span></li><li><span style=""margin: 0px; border: 0px; font-size: 14px;""><span style=""margin: 0px; border: 0px; font-family: arial, helvetica, sans-serif;"">Degree of distortion: Frequency response:20Hz-15 KHz</span></span></li><li><span style=""margin: 0px; border: 0px; font-size: 14px;""><span style=""margin: 0px; border: 0px; font-family: arial, helvetica, sans-serif;"">Bluetooth version:2.1 EDR</span></span></li><li><span style=""margin: 0px; border: 0px; font-size: 14px;""><span style=""margin: 0px; border: 0px; font-family: arial, helvetica, sans-serif;"">Bluetooth sound processing:A2DP (Advance Audio Distribution Profile)function support</span></span></li><li><span style=""margin: 0px; border: 0px; font-size: 14px;""><span style=""margin: 0px; border: 0px; font-family: arial, helvetica, sans-serif;"">Bluetooth transmission distance:10M</span></span></li><li><span style=""margin: 0px; border: 0px; font-size: 14px;""><span style=""margin: 0px; border: 0px; font-family: arial, helvetica, sans-serif;"">Effective distance of Bluetooth microphone:0-2M</span></span></li><li><span style=""margin: 0px; border: 0px; font-size: 14px;""><span style=""margin: 0px; border: 0px; font-family: arial, helvetica, sans-serif;"">FM frequency:87.5-108 MHz</span></span></li><li><span style=""margin: 0px; border: 0px; font-size: 14px;""><span style=""margin: 0px; border: 0px; font-family: arial, helvetica, sans-serif;"">FM mode:Stereo digital PLL frequency locking</span></span></li></ul><p style=""margin: 0px; border: 0px; font-family: Arial; font-size: 12px; background-color: rgb(255, 255, 255);"">&nbsp;</p><p style=""margin: 0px; border: 0px; font-family: Arial; font-size: 12px; background-color: rgb(255, 255, 255);""><span style=""margin: 0px; border: 0px; font-size: 14px;""><span style=""margin: 0px; border: 0px; font-family: arial, helvetica, sans-serif;""><span style=""margin: 0px; border: 0px; font-weight: 900;"">Packing list:</span></span></span></p><ul style=""margin: 0px 0px 0px 20px; border: 0px; list-style: square; padding-left: 0px; font-family: Arial; font-size: 12px; background-color: rgb(255, 255, 255);""><li><span style=""margin: 0px; border: 0px; font-size: 14px;""><span style=""margin: 0px; border: 0px; font-family: arial, helvetica, sans-serif;"">1 x Car charger</span></span></li><li><span style=""margin: 0px; border: 0px; font-size: 14px;""><span style=""margin: 0px; border: 0px; font-family: arial, helvetica, sans-serif;"">1 x USB charging cable</span></span></li></ul>
Compatible with: All Vehicles
Accessory Type: FM Transmitter Modulator"
Electronics,Car Audio & Video Accessories,2724330952171,2724330952171,Enable,G7 wireless Bluetooth Handsfree Car Kit with USB Port Charger and FM Transmitter SD MP3 Player,0,0,Other,1000,55,55,55,55,55,"blue-tooth car charger mp3 player for vehicle . Adapting professional-grade bluetooth module ,built-in mp3/wma decoder chip make it capable of playing the music files in u disk,firing into the car stereo via wireless. Besides, during the bluetooth connecting, play the phone’s music and FM transmitter to Car Audio, perfect ,as the calls incoming automatically switches to the speaker state, call end then automatically back the music player. So you do not do any modifications, easily enjoying the music and handsfree phone calls while you are driving.&nbsp;Description:This product is bluetooth car charger mp3 player for vehicle. Adapting professional-grade bluetooth Module, built-in mp3/wma decoder chip make it capable of playing the music flies in u disk, firing into the car stereo via wireless. Besides, during the bluetooth connecting ,play the phone&#39;s music and FM transmitter to Car Audio, perfect ,as calling incoming automatically switches to the speeaker&#39;s state, call end then automatically back the music player. So you do not do any modifications, easily enjoying the music and handsfree phone calls while you are driving. This item not only support Bluetooth Handsfree call but also music play.&nbsp;Rated operating voltage: 12VWorking Voltage limits: 9-26VUSB Output: 5V/2AWorking Temp: 0-50°Support Play format: MP3 WMASNR: &gt;60dbDistortion: &lt;0.1%Frequency Response: 20Hz-15KhzLeft and right channel separation: &gt;60dbBT Version: Version 2.1 EDRBluetooth sound processing: A2DP(Advance Audio Distribution Profile)Bluetooth transmission distance: 10MBluetooth microphone effective range: 0.5-2MFM transmission frequency: 87.5-108MhzFM transmitter mode: Stereo digital PLL locking&nbsp;Color: Gold,Full frequency fm transmitterDigtal displaySupports line audio inputWith power off switch (usb direct connect)Supports U disk TF card playerSupports mp3, WMA format music&nbsp;Bluetooth answer, hang up, reject, redial calls and other functionsBluetooth stereo music playEcho cancellation and noise supports (CVC) technolony a callSupports USB output voltage, the maximum output 5V/2.5AAutomatic power-off memory function&nbsp;Package Included:&nbsp;1x Bluetooth FM transmitter Car Charger1x Audio Cable1x User Manual","blue-tooth car charger mp3 player for vehicle . Adapting professional-grade bluetooth module ,built-in mp3/wma decoder chip make it capable of playing the music files in u disk,firing into the car stereo via wireless. Besides, during the bluetooth connecting, play the phone’s music and FM transmitter to Car Audio, perfect ,as the calls incoming automatically switches to the speaker state, call end then automatically back the music player. So you do not do any modifications, easily enjoying the music and handsfree phone calls while you are driving.&nbsp;Description:This product is bluetooth car charger mp3 player for vehicle. Adapting professional-grade bluetooth Module, built-in mp3/wma decoder chip make it capable of playing the music flies in u disk, firing into the car stereo via wireless. Besides, during the bluetooth connecting ,play the phone&#39;s music and FM transmitter to Car Audio, perfect ,as calling incoming automatically switches to the speeaker&#39;s state, call end then automatically back the music player. So you do not do any modifications, easily enjoying the music and handsfree phone calls while you are driving. This item not only support Bluetooth Handsfree call but also music play.&nbsp;Rated operating voltage: 12VWorking Voltage limits: 9-26VUSB Output: 5V/2AWorking Temp: 0-50°Support Play format: MP3 WMASNR: &gt;60dbDistortion: &lt;0.1%Frequency Response: 20Hz-15KhzLeft and right channel separation: &gt;60dbBT Version: Version 2.1 EDRBluetooth sound processing: A2DP(Advance Audio Distribution Profile)Bluetooth transmission distance: 10MBluetooth microphone effective range: 0.5-2MFM transmission frequency: 87.5-108MhzFM transmitter mode: Stereo digital PLL locking&nbsp;Color: Gold,Full frequency fm transmitterDigtal displaySupports line audio inputWith power off switch (usb direct connect)Supports U disk TF card playerSupports mp3, WMA format music&nbsp;Bluetooth answer, hang up, reject, redial calls and other functionsBluetooth stereo music playEcho cancellation and noise supports (CVC) technolony a callSupports USB output voltage, the maximum output 5V/2.5AAutomatic power-off memory function&nbsp;Package Included:&nbsp;1x Bluetooth FM transmitter Car Charger1x Audio Cable1x User Manual
Compatible with: All Vehicles
Accessory Type: FM Transmitter Modulator"
Electronics,Headphones & Headsets,2724330960305,2724330960305,Enable,Headset Bluedio Turbine Hurricane H (Plus) Bluetooth 4.1 Stereo Headphones FM/SD Music White,0,0,Bluedio,1000,129,129,129,129,129,"<div style=""font-size: 13.3333330154419px;""><font face=""Arial, Verdana"">Specification:</font></div><div style=""font-size: 13.3333330154419px;""><font face=""Arial, Verdana"">Drivers: 57mm speaker X 2</font></div><div style=""font-size: 13.3333330154419px;""><font face=""Arial, Verdana"">Transducer type: dynamic</font></div><div style=""font-size: 13.3333330154419px;""><font face=""Arial, Verdana"">Bluetooth version: V4.1</font></div><div style=""font-size: 13.3333330154419px;""><font face=""Arial, Verdana"">Frequency range: 2.4GHz-2.48GHz</font></div><div style=""font-size: 13.3333330154419px;""><font face=""Arial, Verdana"">Operating distance: up to 10m (free space)</font></div><div style=""font-size: 13.3333330154419px;""><font face=""Arial, Verdana"">Bluetooth profiles: A2DP / AVRCP / HSP / HFP</font></div><div style=""font-size: 13.3333330154419px;""><font face=""Arial, Verdana"">Impedance: 16</font></div><div style=""font-size: 13.3333330154419px;""><font face=""Arial, Verdana"">Frequency response: 20Hz-20kHz</font></div><div style=""font-size: 13.3333330154419px;""><font face=""Arial, Verdana"">Sensitivity: 110dB</font></div><div style=""font-size: 13.3333330154419px;""><font face=""Arial, Verdana"">Distortion:&lt;0.1%(THD)</font></div><div style=""font-size: 13.3333330154419px;""><font face=""Arial, Verdana"">Music playtime: up to 40 hours</font></div><div style=""font-size: 13.3333330154419px;""><font face=""Arial, Verdana"">Talk time: up to 45 hours</font></div><div style=""font-size: 13.3333330154419px;""><font face=""Arial, Verdana"">MP3 play time: up to 15 hours</font></div><div style=""font-size: 13.3333330154419px;""><font face=""Arial, Verdana"">FM play time: up to 15 hours</font></div><div style=""font-size: 13.3333330154419px;""><font face=""Arial, Verdana"">Standby time: up to 1625 hours</font></div><div style=""font-size: 13.3333330154419px;""><font face=""Arial, Verdana"">Charging time: about 2 hours</font></div><div style=""font-size: 13.3333330154419px;""><font face=""Arial, Verdana"">Operational temperature: -10 to 50°C</font></div><div style=""font-size: 13.3333330154419px;""><font face=""Arial, Verdana""><br></font></div><div style=""font-size: 13.3333330154419px;""><font face=""Arial, Verdana"">Package included:</font></div><div style=""font-size: 13.3333330154419px;""><font face=""Arial, Verdana"">1 x Bluedio Turbine Hurricane H (Plus) Bluetooth 4.1 Stereo Headset</font></div><div style=""font-size: 13.3333330154419px;""><font face=""Arial, Verdana"">1 x USB charging cable</font></div><div style=""font-size: 13.3333330154419px;""><font face=""Arial, Verdana"">1 x Audio to Audio cable</font></div>","<div style=""font-size: 13.3333330154419px;""><font face=""Arial, Verdana"">Specification:</font></div><div style=""font-size: 13.3333330154419px;""><font face=""Arial, Verdana"">Drivers: 57mm speaker X 2</font></div><div style=""font-size: 13.3333330154419px;""><font face=""Arial, Verdana"">Transducer type: dynamic</font></div><div style=""font-size: 13.3333330154419px;""><font face=""Arial, Verdana"">Bluetooth version: V4.1</font></div><div style=""font-size: 13.3333330154419px;""><font face=""Arial, Verdana"">Frequency range: 2.4GHz-2.48GHz</font></div><div style=""font-size: 13.3333330154419px;""><font face=""Arial, Verdana"">Operating distance: up to 10m (free space)</font></div><div style=""font-size: 13.3333330154419px;""><font face=""Arial, Verdana"">Bluetooth profiles: A2DP / AVRCP / HSP / HFP</font></div><div style=""font-size: 13.3333330154419px;""><font face=""Arial, Verdana"">Impedance: 16</font></div><div style=""font-size: 13.3333330154419px;""><font face=""Arial, Verdana"">Frequency response: 20Hz-20kHz</font></div><div style=""font-size: 13.3333330154419px;""><font face=""Arial, Verdana"">Sensitivity: 110dB</font></div><div style=""font-size: 13.3333330154419px;""><font face=""Arial, Verdana"">Distortion:&lt;0.1%(THD)</font></div><div style=""font-size: 13.3333330154419px;""><font face=""Arial, Verdana"">Music playtime: up to 40 hours</font></div><div style=""font-size: 13.3333330154419px;""><font face=""Arial, Verdana"">Talk time: up to 45 hours</font></div><div style=""font-size: 13.3333330154419px;""><font face=""Arial, Verdana"">MP3 play time: up to 15 hours</font></div><div style=""font-size: 13.3333330154419px;""><font face=""Arial, Verdana"">FM play time: up to 15 hours</font></div><div style=""font-size: 13.3333330154419px;""><font face=""Arial, Verdana"">Standby time: up to 1625 hours</font></div><div style=""font-size: 13.3333330154419px;""><font face=""Arial, Verdana"">Charging time: about 2 hours</font></div><div style=""font-size: 13.3333330154419px;""><font face=""Arial, Verdana"">Operational temperature: -10 to 50°C</font></div><div style=""font-size: 13.3333330154419px;""><font face=""Arial, Verdana""><br></font></div><div style=""font-size: 13.3333330154419px;""><font face=""Arial, Verdana"">Package included:</font></div><div style=""font-size: 13.3333330154419px;""><font face=""Arial, Verdana"">1 x Bluedio Turbine Hurricane H (Plus) Bluetooth 4.1 Stereo Headset</font></div><div style=""font-size: 13.3333330154419px;""><font face=""Arial, Verdana"">1 x USB charging cable</font></div><div style=""font-size: 13.3333330154419px;""><font face=""Arial, Verdana"">1 x Audio to Audio cable</font></div>
Compatible with #5705All
Type #5935Over Ear"
Electronics,Headphones & Headsets,2724330960336,2724330960336,Enable,Fashion Bluedio Turbo Wireless Bluetooth 4.1 Stereo Headphone Noise canceling Headset with Mic,0,0,Bluedio,1000,150,150,150,150,150,"<div><font face=""Arial, Verdana""><span style=""font-size: 13.3333330154419px;"">Main Feature</span></font></div><div><font face=""Arial, Verdana""><span style=""font-size: 13.3333330154419px;"">Main Features:</span></font></div><div><font face=""Arial, Verdana""><span style=""font-size: 13.3333330154419px;"">Iconic powerful bass resonance of Bluedio: 57mm ultra-large dynamic drivers, turbine style housing, with the iconic Bluedio surging low-frequency shock, let you feel the bass resonate deep in the chest, enjoying the best sound quality. Clear and transparent bass, mids and treble, fully exposed to all the details of song, you can hear what the artists really want you to hear, Coldplay or Linkin Park concert played in your ear</span></font></div><div><font face=""Arial, Verdana""><span style=""font-size: 13.3333330154419px;"">Ultra-long operation and carefree calling from Bluetooth 4.1: With robust high speed CPU of Bluetooth 4.1 operating system, comes with ultra-long using of 40 hours music, 45 hours talk and 1625 hours (approximately 67 days) standby time, the same battery, decrease up to 40% power consumption compare to Bluetooth 4.0. Acoustic echo cancellation and noise reduction effectively reduce ambient noise while talking, make far-end listener cannot hear what you said become history, just like talking face to face</span></font></div><div><font face=""Arial, Verdana""><span style=""font-size: 13.3333330154419px;"">Micro SD card music supported: Support Micro SD / TF card up to 32GB</span></font></div><div><font face=""Arial, Verdana""><span style=""font-size: 13.3333330154419px;"">Customized function: Audio Sharing allows you to connect to another H headphone via an audio cable, share music feast with your friends instantly (recommended to use headphones with impedance of 32 or higher) Simultaneously connect two Bluetooth devices, connects with your phone and tablet seamlessly, listen to music or enjoy foreign blockbusters, do as you think about it</span></font></div><div><font face=""Arial, Verdana""><span style=""font-size: 13.3333330154419px;"">Comfortable wearing: Custom fit supra-aural soft earmuffs, artificial protein leather of earmuffs simulated to human skin texture, ensure long lasting comfort in various rugged circumstances</span></font></div><div><font face=""Arial, Verdana""><span style=""font-size: 13.3333330154419px;"">Convenience: Just a plug with audio cable, then listen to your favorite tracks without using any battery, no matter how long is your playlist. H-turbine also incorporate 4 languages voice prompt(Chinese, English, French, Spanish), to communicate with you in your language</span></font></div><div><font face=""Arial, Verdana""><span style=""font-size: 13.3333330154419px;"">Three Modes Automatically Switch: Bluetooth Mode, FM Mode and SD Card Mode</span></font></div>","<div><font face=""Arial, Verdana""><span style=""font-size: 13.3333330154419px;"">Main Feature</span></font></div><div><font face=""Arial, Verdana""><span style=""font-size: 13.3333330154419px;"">Main Features:</span></font></div><div><font face=""Arial, Verdana""><span style=""font-size: 13.3333330154419px;"">Iconic powerful bass resonance of Bluedio: 57mm ultra-large dynamic drivers, turbine style housing, with the iconic Bluedio surging low-frequency shock, let you feel the bass resonate deep in the chest, enjoying the best sound quality. Clear and transparent bass, mids and treble, fully exposed to all the details of song, you can hear what the artists really want you to hear, Coldplay or Linkin Park concert played in your ear</span></font></div><div><font face=""Arial, Verdana""><span style=""font-size: 13.3333330154419px;"">Ultra-long operation and carefree calling from Bluetooth 4.1: With robust high speed CPU of Bluetooth 4.1 operating system, comes with ultra-long using of 40 hours music, 45 hours talk and 1625 hours (approximately 67 days) standby time, the same battery, decrease up to 40% power consumption compare to Bluetooth 4.0. Acoustic echo cancellation and noise reduction effectively reduce ambient noise while talking, make far-end listener cannot hear what you said become history, just like talking face to face</span></font></div><div><font face=""Arial, Verdana""><span style=""font-size: 13.3333330154419px;"">Micro SD card music supported: Support Micro SD / TF card up to 32GB</span></font></div><div><font face=""Arial, Verdana""><span style=""font-size: 13.3333330154419px;"">Customized function: Audio Sharing allows you to connect to another H headphone via an audio cable, share music feast with your friends instantly (recommended to use headphones with impedance of 32 or higher) Simultaneously connect two Bluetooth devices, connects with your phone and tablet seamlessly, listen to music or enjoy foreign blockbusters, do as you think about it</span></font></div><div><font face=""Arial, Verdana""><span style=""font-size: 13.3333330154419px;"">Comfortable wearing: Custom fit supra-aural soft earmuffs, artificial protein leather of earmuffs simulated to human skin texture, ensure long lasting comfort in various rugged circumstances</span></font></div><div><font face=""Arial, Verdana""><span style=""font-size: 13.3333330154419px;"">Convenience: Just a plug with audio cable, then listen to your favorite tracks without using any battery, no matter how long is your playlist. H-turbine also incorporate 4 languages voice prompt(Chinese, English, French, Spanish), to communicate with you in your language</span></font></div><div><font face=""Arial, Verdana""><span style=""font-size: 13.3333330154419px;"">Three Modes Automatically Switch: Bluetooth Mode, FM Mode and SD Card Mode</span></font></div>
Compatible with #5705Mobile Phones
Type #5935Over Ear"
Electronics,Headphones & Headsets,2724330961364,2724330961364,Enable,Bluedio T2 Wireless Bluetooth 4.1 Stereo Headphone Headset Foldable Stretchable Support FM SD CARD,0,0,Bluedio,1000,129,129,129,129,129,"<div><font face=""Arial, Verdana""><span style=""font-size: 13.3333330154419px;"">Features:</span></font></div><div><font face=""Arial, Verdana""><span style=""font-size: 13.3333330154419px;"">&nbsp;</span></font></div><div><font face=""Arial, Verdana""><span style=""font-size: 13.3333330154419px;"">&nbsp;1. Foldable &amp; Portable, 195°rotary design, to save more space and easy to carry&amp; Support Micro SD card(up to 32G) and FM radio.</span></font></div><div><font face=""Arial, Verdana""><span style=""font-size: 13.3333330154419px;"">&nbsp;</span></font></div><div><font face=""Arial, Verdana""><span style=""font-size: 13.3333330154419px;"">2. 57mm ultra-big speaker, brings amazing bass for you. But its impedance is only 16, easy to drive by smart phones, tablets and PCs.</span></font></div><div><font face=""Arial, Verdana""><span style=""font-size: 13.3333330154419px;"">&nbsp;</span></font></div><div><font face=""Arial, Verdana""><span style=""font-size: 13.3333330154419px;"">3. Bluetooth 4.1, the latest Bluetooth version, brings top speed &amp; power saving &amp; enhanced transmission, superbly compatible with iOS, Android and Microsoft, a perfect match for 4G, standby time up to 1625hrs.</span></font></div><div><font face=""Arial, Verdana""><span style=""font-size: 13.3333330154419px;"">&nbsp;</span></font></div><div><font face=""Arial, Verdana""><span style=""font-size: 13.3333330154419px;"">4. Comfortable, Newest Ergonomic design, together with artificial leather &amp; memory foam to ensure comfortable wearing</span></font></div><div><font face=""Arial, Verdana""><span style=""font-size: 13.3333330154419px;"">&nbsp;</span></font></div><div><font face=""Arial, Verdana""><span style=""font-size: 13.3333330154419px;"">5. Line-in audio, to enjoy music without interruption. Line-out audio, to share music with your friends anytime.</span></font></div>","<div><font face=""Arial, Verdana""><span style=""font-size: 13.3333330154419px;"">Features:</span></font></div><div><font face=""Arial, Verdana""><span style=""font-size: 13.3333330154419px;"">&nbsp;</span></font></div><div><font face=""Arial, Verdana""><span style=""font-size: 13.3333330154419px;"">&nbsp;1. Foldable &amp; Portable, 195°rotary design, to save more space and easy to carry&amp; Support Micro SD card(up to 32G) and FM radio.</span></font></div><div><font face=""Arial, Verdana""><span style=""font-size: 13.3333330154419px;"">&nbsp;</span></font></div><div><font face=""Arial, Verdana""><span style=""font-size: 13.3333330154419px;"">2. 57mm ultra-big speaker, brings amazing bass for you. But its impedance is only 16, easy to drive by smart phones, tablets and PCs.</span></font></div><div><font face=""Arial, Verdana""><span style=""font-size: 13.3333330154419px;"">&nbsp;</span></font></div><div><font face=""Arial, Verdana""><span style=""font-size: 13.3333330154419px;"">3. Bluetooth 4.1, the latest Bluetooth version, brings top speed &amp; power saving &amp; enhanced transmission, superbly compatible with iOS, Android and Microsoft, a perfect match for 4G, standby time up to 1625hrs.</span></font></div><div><font face=""Arial, Verdana""><span style=""font-size: 13.3333330154419px;"">&nbsp;</span></font></div><div><font face=""Arial, Verdana""><span style=""font-size: 13.3333330154419px;"">4. Comfortable, Newest Ergonomic design, together with artificial leather &amp; memory foam to ensure comfortable wearing</span></font></div><div><font face=""Arial, Verdana""><span style=""font-size: 13.3333330154419px;"">&nbsp;</span></font></div><div><font face=""Arial, Verdana""><span style=""font-size: 13.3333330154419px;"">5. Line-in audio, to enjoy music without interruption. Line-out audio, to share music with your friends anytime.</span></font></div>
Compatible with #5705Mobile Phones
Type: Over Ear"
Electronics,Headphones & Headsets,2724330962477,2724330962477,Enable,Bluedio T2 Wireless Bluetooth 4.1 Stereo Headphone Headset Foldable Stretchable Support FM TF Card,0,0,Bluedio,1000,120,120,120,120,120,"<div><font face=""Arial, Verdana""><span style=""font-size: 13.3333330154419px;"">&nbsp;1. Foldable &amp; Portable, 195°rotary design, to save more space and easy to carry&amp; Support Micro SD card(up to 32G) and FM radio.</span></font></div><div><font face=""Arial, Verdana""><span style=""font-size: 13.3333330154419px;"">&nbsp;</span></font></div><div><font face=""Arial, Verdana""><span style=""font-size: 13.3333330154419px;"">2. 57mm ultra-big speaker, brings amazing bass for you. But its impedance is only 16, easy to drive by smart phones, tablets and PCs.</span></font></div><div><font face=""Arial, Verdana""><span style=""font-size: 13.3333330154419px;"">&nbsp;</span></font></div><div><font face=""Arial, Verdana""><span style=""font-size: 13.3333330154419px;"">3. Bluetooth 4.1, the latest Bluetooth version, brings top speed &amp; power saving &amp; enhanced transmission, superbly compatible with iOS, Android and Microsoft, a perfect match for 4G, standby time up to 1625hrs.</span></font></div><div><font face=""Arial, Verdana""><span style=""font-size: 13.3333330154419px;"">&nbsp;</span></font></div><div><font face=""Arial, Verdana""><span style=""font-size: 13.3333330154419px;"">4. Comfortable, Newest Ergonomic design, together with artificial leather &amp; memory foam to ensure comfortable wearing</span></font></div><div><font face=""Arial, Verdana""><span style=""font-size: 13.3333330154419px;"">&nbsp;</span></font></div><div><font face=""Arial, Verdana""><span style=""font-size: 13.3333330154419px;"">5. Line-in audio, to enjoy music without interruption. Line-out audio, to share music with your friends anytime.</span></font></div><div><font face=""Arial, Verdana""><span style=""font-size: 13.3333330154419px;""><br></span></font></div><div><font face=""Arial, Verdana""><span style=""font-size: 13.3333330154419px;"">&nbsp; &nbsp; &nbsp; &nbsp; &nbsp; &nbsp; &nbsp; &nbsp; &nbsp; &nbsp;SD CARD NOT INCLOWDED</span></font></div>","<div><font face=""Arial, Verdana""><span style=""font-size: 13.3333330154419px;"">&nbsp;1. Foldable &amp; Portable, 195°rotary design, to save more space and easy to carry&amp; Support Micro SD card(up to 32G) and FM radio.</span></font></div><div><font face=""Arial, Verdana""><span style=""font-size: 13.3333330154419px;"">&nbsp;</span></font></div><div><font face=""Arial, Verdana""><span style=""font-size: 13.3333330154419px;"">2. 57mm ultra-big speaker, brings amazing bass for you. But its impedance is only 16, easy to drive by smart phones, tablets and PCs.</span></font></div><div><font face=""Arial, Verdana""><span style=""font-size: 13.3333330154419px;"">&nbsp;</span></font></div><div><font face=""Arial, Verdana""><span style=""font-size: 13.3333330154419px;"">3. Bluetooth 4.1, the latest Bluetooth version, brings top speed &amp; power saving &amp; enhanced transmission, superbly compatible with iOS, Android and Microsoft, a perfect match for 4G, standby time up to 1625hrs.</span></font></div><div><font face=""Arial, Verdana""><span style=""font-size: 13.3333330154419px;"">&nbsp;</span></font></div><div><font face=""Arial, Verdana""><span style=""font-size: 13.3333330154419px;"">4. Comfortable, Newest Ergonomic design, together with artificial leather &amp; memory foam to ensure comfortable wearing</span></font></div><div><font face=""Arial, Verdana""><span style=""font-size: 13.3333330154419px;"">&nbsp;</span></font></div><div><font face=""Arial, Verdana""><span style=""font-size: 13.3333330154419px;"">5. Line-in audio, to enjoy music without interruption. Line-out audio, to share music with your friends anytime.</span></font></div><div><font face=""Arial, Verdana""><span style=""font-size: 13.3333330154419px;""><br></span></font></div><div><font face=""Arial, Verdana""><span style=""font-size: 13.3333330154419px;"">&nbsp; &nbsp; &nbsp; &nbsp; &nbsp; &nbsp; &nbsp; &nbsp; &nbsp; &nbsp;SD CARD NOT INCLOWDED</span></font></div>
Compatible with #5705Mobile Phones
Type: Over Ear"
Electronics,Car Audio & Video Accessories,2724331139939,2724331139939,Enable,DIHAO G7 Car MP3 FM Transmitter Bluetooth Car mp3 For All Vehicles,0,0,Other,1000,36,36,36,36,36,"<div><font face=""Arial, Verdana""><span style=""font-size: 13.3333330154419px;"">Description:</span></font></div><div><font face=""Arial, Verdana""><span style=""font-size: 13.3333330154419px;"">&nbsp;</span></font></div><div><font face=""Arial, Verdana""><span style=""font-size: 13.3333330154419px;"">Rated operating voltage: 12V</span></font></div><div><font face=""Arial, Verdana""><span style=""font-size: 13.3333330154419px;"">Working Voltage limits: 9-26V</span></font></div><div><font face=""Arial, Verdana""><span style=""font-size: 13.3333330154419px;"">USB Output: 5V/2A</span></font></div><div><font face=""Arial, Verdana""><span style=""font-size: 13.3333330154419px;"">Working Temp: 0-50°</span></font></div><div><font face=""Arial, Verdana""><span style=""font-size: 13.3333330154419px;"">Support Play format: MP3 WMA</span></font></div><div><font face=""Arial, Verdana""><span style=""font-size: 13.3333330154419px;"">SNR: &gt;60db</span></font></div><div><font face=""Arial, Verdana""><span style=""font-size: 13.3333330154419px;"">Distortion: &lt;0.1%</span></font></div><div><font face=""Arial, Verdana""><span style=""font-size: 13.3333330154419px;"">Frequency Response: 20Hz-15Khz</span></font></div><div><font face=""Arial, Verdana""><span style=""font-size: 13.3333330154419px;"">Left and right channel separation: &gt;60db</span></font></div><div><font face=""Arial, Verdana""><span style=""font-size: 13.3333330154419px;"">BT Version: Version 2.1 EDR</span></font></div><div><font face=""Arial, Verdana""><span style=""font-size: 13.3333330154419px;"">Bluetooth sound processing: A2DP(Advance Audio Distribution Profile)</span></font></div><div><font face=""Arial, Verdana""><span style=""font-size: 13.3333330154419px;"">Bluetooth transmission distance: 10M</span></font></div><div><font face=""Arial, Verdana""><span style=""font-size: 13.3333330154419px;"">Bluetooth microphone effective range: 0.5-2M</span></font></div><div><font face=""Arial, Verdana""><span style=""font-size: 13.3333330154419px;"">FM transmission frequency: 87.5-108Mhz</span></font></div><div><font face=""Arial, Verdana""><span style=""font-size: 13.3333330154419px;"">FM transmitter mode: Stereo digital PLL locking</span></font></div><div><font face=""Arial, Verdana""><span style=""font-size: 13.3333330154419px;"">&nbsp;</span></font></div><div><font face=""Arial, Verdana""><span style=""font-size: 13.3333330154419px;"">Color: Gold &nbsp;</span></font></div><div><font face=""Arial, Verdana""><span style=""font-size: 13.3333330154419px;""><br></span></font></div><div><font face=""Arial, Verdana""><span style=""font-size: 13.3333330154419px;"">Full frequency fm transmitter</span></font></div><div><font face=""Arial, Verdana""><span style=""font-size: 13.3333330154419px;"">Digtal display</span></font></div><div><font face=""Arial, Verdana""><span style=""font-size: 13.3333330154419px;"">Supports line audio input</span></font></div><div><font face=""Arial, Verdana""><span style=""font-size: 13.3333330154419px;"">With power off switch (usb direct connect)</span></font></div><div><font face=""Arial, Verdana""><span style=""font-size: 13.3333330154419px;"">Supports U disk TF card player</span></font></div><div><font face=""Arial, Verdana""><span style=""font-size: 13.3333330154419px;"">Supports mp3, WMA format music</span></font></div><div><font face=""Arial, Verdana""><span style=""font-size: 13.3333330154419px;"">Bluetooth answer, hang up, reject, redial calls and other functions</span></font></div><div><font face=""Arial, Verdana""><span style=""font-size: 13.3333330154419px;"">Bluetooth stereo music play</span></font></div><div><font face=""Arial, Verdana""><span style=""font-size: 13.3333330154419px;"">Echo cancellation and noise supports (CVC) technolony a call</span></font></div><div><font face=""Arial, Verdana""><span style=""font-size: 13.3333330154419px;"">Supports USB output voltage, the maximum output 5V/2.5A</span></font></div><div><font face=""Arial, Verdana""><span style=""font-size: 13.3333330154419px;"">Automatic power-off memory function</span></font></div><div><font face=""Arial, Verdana""><span style=""font-size: 13.3333330154419px;"">&nbsp;</span></font></div><div><font face=""Arial, Verdana""><span style=""font-size: 13.3333330154419px;"">Package Included:</span></font></div><div><font face=""Arial, Verdana""><span style=""font-size: 13.3333330154419px;"">&nbsp;</span></font></div><div><font face=""Arial, Verdana""><span style=""font-size: 13.3333330154419px;"">1x Bluetooth FM transmitter Car Charger</span></font></div><div><font face=""Arial, Verdana""><span style=""font-size: 13.3333330154419px;"">1x Audio Cable</span></font></div><div><font face=""Arial, Verdana""><span style=""font-size: 13.3333330154419px;"">1x User Manual</span></font></div>","<div><font face=""Arial, Verdana""><span style=""font-size: 13.3333330154419px;"">Description:</span></font></div><div><font face=""Arial, Verdana""><span style=""font-size: 13.3333330154419px;"">&nbsp;</span></font></div><div><font face=""Arial, Verdana""><span style=""font-size: 13.3333330154419px;"">Rated operating voltage: 12V</span></font></div><div><font face=""Arial, Verdana""><span style=""font-size: 13.3333330154419px;"">Working Voltage limits: 9-26V</span></font></div><div><font face=""Arial, Verdana""><span style=""font-size: 13.3333330154419px;"">USB Output: 5V/2A</span></font></div><div><font face=""Arial, Verdana""><span style=""font-size: 13.3333330154419px;"">Working Temp: 0-50°</span></font></div><div><font face=""Arial, Verdana""><span style=""font-size: 13.3333330154419px;"">Support Play format: MP3 WMA</span></font></div><div><font face=""Arial, Verdana""><span style=""font-size: 13.3333330154419px;"">SNR: &gt;60db</span></font></div><div><font face=""Arial, Verdana""><span style=""font-size: 13.3333330154419px;"">Distortion: &lt;0.1%</span></font></div><div><font face=""Arial, Verdana""><span style=""font-size: 13.3333330154419px;"">Frequency Response: 20Hz-15Khz</span></font></div><div><font face=""Arial, Verdana""><span style=""font-size: 13.3333330154419px;"">Left and right channel separation: &gt;60db</span></font></div><div><font face=""Arial, Verdana""><span style=""font-size: 13.3333330154419px;"">BT Version: Version 2.1 EDR</span></font></div><div><font face=""Arial, Verdana""><span style=""font-size: 13.3333330154419px;"">Bluetooth sound processing: A2DP(Advance Audio Distribution Profile)</span></font></div><div><font face=""Arial, Verdana""><span style=""font-size: 13.3333330154419px;"">Bluetooth transmission distance: 10M</span></font></div><div><font face=""Arial, Verdana""><span style=""font-size: 13.3333330154419px;"">Bluetooth microphone effective range: 0.5-2M</span></font></div><div><font face=""Arial, Verdana""><span style=""font-size: 13.3333330154419px;"">FM transmission frequency: 87.5-108Mhz</span></font></div><div><font face=""Arial, Verdana""><span style=""font-size: 13.3333330154419px;"">FM transmitter mode: Stereo digital PLL locking</span></font></div><div><font face=""Arial, Verdana""><span style=""font-size: 13.3333330154419px;"">&nbsp;</span></font></div><div><font face=""Arial, Verdana""><span style=""font-size: 13.3333330154419px;"">Color: Gold &nbsp;</span></font></div><div><font face=""Arial, Verdana""><span style=""font-size: 13.3333330154419px;""><br></span></font></div><div><font face=""Arial, Verdana""><span style=""font-size: 13.3333330154419px;"">Full frequency fm transmitter</span></font></div><div><font face=""Arial, Verdana""><span style=""font-size: 13.3333330154419px;"">Digtal display</span></font></div><div><font face=""Arial, Verdana""><span style=""font-size: 13.3333330154419px;"">Supports line audio input</span></font></div><div><font face=""Arial, Verdana""><span style=""font-size: 13.3333330154419px;"">With power off switch (usb direct connect)</span></font></div><div><font face=""Arial, Verdana""><span style=""font-size: 13.3333330154419px;"">Supports U disk TF card player</span></font></div><div><font face=""Arial, Verdana""><span style=""font-size: 13.3333330154419px;"">Supports mp3, WMA format music</span></font></div><div><font face=""Arial, Verdana""><span style=""font-size: 13.3333330154419px;"">Bluetooth answer, hang up, reject, redial calls and other functions</span></font></div><div><font face=""Arial, Verdana""><span style=""font-size: 13.3333330154419px;"">Bluetooth stereo music play</span></font></div><div><font face=""Arial, Verdana""><span style=""font-size: 13.3333330154419px;"">Echo cancellation and noise supports (CVC) technolony a call</span></font></div><div><font face=""Arial, Verdana""><span style=""font-size: 13.3333330154419px;"">Supports USB output voltage, the maximum output 5V/2.5A</span></font></div><div><font face=""Arial, Verdana""><span style=""font-size: 13.3333330154419px;"">Automatic power-off memory function</span></font></div><div><font face=""Arial, Verdana""><span style=""font-size: 13.3333330154419px;"">&nbsp;</span></font></div><div><font face=""Arial, Verdana""><span style=""font-size: 13.3333330154419px;"">Package Included:</span></font></div><div><font face=""Arial, Verdana""><span style=""font-size: 13.3333330154419px;"">&nbsp;</span></font></div><div><font face=""Arial, Verdana""><span style=""font-size: 13.3333330154419px;"">1x Bluetooth FM transmitter Car Charger</span></font></div><div><font face=""Arial, Verdana""><span style=""font-size: 13.3333330154419px;"">1x Audio Cable</span></font></div><div><font face=""Arial, Verdana""><span style=""font-size: 13.3333330154419px;"">1x User Manual</span></font></div>
Compatible with: All Vehicles
Accessory Type: FM Transmitter Modulator"
Electronics,Mobile Accessories,2724331140270,2724331140270,Enable,For Iphone IOS Android Joystick Ipega Wireless Bluetooth Game Controller iPad Samsung iPod Black,0,0,Bluedio,1000,150,150,150,150,150,"For Iphone IOS Android Joystick Ipega Wireless Bluetooth Game Controller iPad Samsung iPod Black
Type:Mobile Accessories","For Iphone IOS Android Joystick Ipega Wireless Bluetooth Game Controller iPad Samsung iPod Black
Type:Mobile Accessories"
Electronics,Headphones & Headsets,2724332386523,2724332386523,Enable,"Bluetooth Headset Model x5 Retractable ,By Zealot , Black",0,0,Zealot,1000,65,65,65,65,65,<p>Supports desktop and laptop computers and mobile phones - can run FM - MP3 - WMA addition to the reader memories - Inpedence: 32OHM - Rater Power: 40 MW - Frequency Range: 20 HZ - Distance 10 -20 M headset - USB Charger</p>,"<p>Supports desktop and laptop computers and mobile phones - can run FM - MP3 - WMA addition to the reader memories - Inpedence: 32OHM - Rater Power: 40 MW - Frequency Range: 20 HZ - Distance 10 -20 M headset - USB Charger</p>
Compatible with #5705All
Type #5935Over Ear"
Electronics,Headphones & Headsets,2724332386790,2724332386790,Enable,"Bluetooth Headset Model x5 Retractable ,By Zealot , Blue",0,0,Zealot,1000,65,65,65,65,65,<p>Supports desktop and laptop computers and mobile phones - can run FM - MP3 - WMA addition to the reader memories - Inpedence: 32OHM - Rater Power: 40 MW - Frequency Range: 20 HZ - Distance 10 -20 M headset - USB Charger</p>,"<p>Supports desktop and laptop computers and mobile phones - can run FM - MP3 - WMA addition to the reader memories - Inpedence: 32OHM - Rater Power: 40 MW - Frequency Range: 20 HZ - Distance 10 -20 M headset - USB Charger</p>
Compatible with #5705All
Type #5935Over Ear"
Electronics,Speakers,2724332386851,2724332386851,Enable,"Bluetooth Speaker & MP3 Player With USB, MicroSD and AUX Black",0,0,Other,1000,45,45,45,45,45,"<p>FM Radio.<br /> MicroSD slot, Aux and USB input.<br /> Can make phone calls on bluetooth.<br /> Good Sound<br /> . SUPPORTS BLUETOOTH A2DP, AVRCP, HANDSFREE AND HEADSET . <br /> ALLOWS YOU TO STREAM MUSIC FROM DEVICES SUCH AS MOBILE PHONES, PDAS, MP3 PLAYERS, AND COMPUTERS, BLUETOOTH-ENABLED LAPTOPS.<br /> &PROVIDES A WIRELESS CONNECTION RANGE OF 10 METERS (33 FEET).<br /> &ALLOWS CONNECTION WITH A BLUETOOTH AUDIO DEVICE THAT SUPPORTS 3.5MM AUDIO INPUT. <br /> PLAY MP3 MUSIC DIRECTLY FROM THE MEMORY CARD MICROSD (TRANSFLASH). VOLUME CONTROL.<br /> &LED INDICATOR.POWERED BY BUILT-IN RECHARGEABLE BATTERY USB PORT. COLOR: RED</p>","<p>FM Radio.<br /> MicroSD slot, Aux and USB input.<br /> Can make phone calls on bluetooth.<br /> Good Sound<br /> . SUPPORTS BLUETOOTH A2DP, AVRCP, HANDSFREE AND HEADSET . <br /> ALLOWS YOU TO STREAM MUSIC FROM DEVICES SUCH AS MOBILE PHONES, PDAS, MP3 PLAYERS, AND COMPUTERS, BLUETOOTH-ENABLED LAPTOPS.<br /> &PROVIDES A WIRELESS CONNECTION RANGE OF 10 METERS (33 FEET).<br /> &ALLOWS CONNECTION WITH A BLUETOOTH AUDIO DEVICE THAT SUPPORTS 3.5MM AUDIO INPUT. <br /> PLAY MP3 MUSIC DIRECTLY FROM THE MEMORY CARD MICROSD (TRANSFLASH). VOLUME CONTROL.<br /> &LED INDICATOR.POWERED BY BUILT-IN RECHARGEABLE BATTERY USB PORT. COLOR: RED</p>
Color: Black
Port Type: USB
Speaker Type: Bluetooth Speakers
Connectivity Technology: Wired/Wireless
Compatible with: Multi"
Electronics,Headphones & Headsets,2724332387087,2724332387087,Enable,"Bluetooth Headset Model x5 Retractable ,By Zealot , White",0,0,Zealot,1000,65,65,65,65,65,<p>Supports desktop and laptop computers and mobile phones - can run FM - MP3 - WMA addition to the reader memories - Inpedence: 32OHM - Rater Power: 40 MW - Frequency Range: 20 HZ - Distance 10 -20 M headset - USB Charger</p>,"<p>Supports desktop and laptop computers and mobile phones - can run FM - MP3 - WMA addition to the reader memories - Inpedence: 32OHM - Rater Power: 40 MW - Frequency Range: 20 HZ - Distance 10 -20 M headset - USB Charger</p>
Compatible with #5705All
Type #5935Over Ear"
Electronics,Car Audio & Video Accessories,2724332474305,2724332474305,Enable,Baseus Universal Magnetic Car Mobile Phone Holder Air Vent Mount Stand For smartphone,0,0,Bluedio,1000,20,20,20,20,20,"Baseus Universal Magnetic Car Mobile Phone Holder Air Vent Mount Stand For smartphone
Type:Car Accessories","Baseus Universal Magnetic Car Mobile Phone Holder Air Vent Mount Stand For smartphone
Type:Car Accessories"
Electronics,Headphones & Headsets,2724332479454,2724332479454,Enable,Bluedio T2 Turbine Wireless Bluetooth 4.1 Headset Bass Stereo Folding Headphones,0,0,Bluedio,1000,129,129,129,129,129,"<span><span>ICONIC POWERFUL BASS RESONANCE:</span><br><span>57MM ULTRA-LARGE DYNAMIC DRIVERS, TURBINE STYLE HOUSING, AND BLUEDIO&#39;S ICONIC SURGING LOW-FREQUENCY SHOCK LET YOU FEEL DEEP BASS RESONANCE FOR SUPERIOR SOUND QUALITY.<br><br></span></span><span><span>ULTRA-LONG OPERATION AND CAREFREE CALLING FROM BLUETOOTH 4.1</span><br><span>WITH THE ROBUST HIGH SPEED CPU OF BLUETOOTH 4.1 OPERATING SYSTEM, THE BLUEDIO TURBINE HURRICANE H BOASTS A LONG USAGE TIME OF 40 HOURS OF MUSIC, 45 HOURS TALK TIME, AND 1625 HOURS (APPROXIMATELY 67 DAYS) STANDBY TIME.&nbsp;<br>ACOUSTIC ECHO CANCELLATION AND NOISE REDUCTION REDUCE AMBIENT NOISE WHILE SPEAKING.<br><br></span></span><span><span>CUSTOMIZED FUNCTION:</span><br><span>AUDIO SHARING ALLOWS YOU TO CONNECT TO ANOTHER H HEADSET VIA AN AUDIO CABLE, AND SHARE MUSIC WITH YOUR FRIENDS (* IT IS RECOMMENDED THAT HEADPHONES WITH IMPEDANCE OF 32 OR HIGHER BE USED). SIMULTANEOUSLY CONNECT TWO BLUETOOTH DEVICES, CONNECT WITH YOUR PHONE AND TABLET SEAMLESSLY, AND LISTEN TO MUSIC AS YOU PLEASE!<br><br></span></span><span><span>COMFORT:</span><br><span>CUSTOM FIT SUPRA-AURAL SOFT EARMUFFS AND ARTIFICIAL PROTEIN LEATHER OF EARMUFFS SIMULATED TO HUMAN SKIN TEXTURE ENSURE LONG-LASTING COMFORT.</span></span><br><br><span><span>CONVENIENCE:</span><br><span>JUST PLUG IN WITH AN AUDIO CABLE , AND LISTEN TO YOUR FAVORITE MUSIC TRACKS. THE HURRICANE H ALSO HAS VOICE PROMPTS IN 4 LANGUAGES (ENGLISH, FRENCH, SPANISH, AND CHINESE).<br><br></span><span><span><br>SPECIFICATIONS:</span><br><span>DRIVERS: 57MM SPEAKER X 2</span><br><span>TRANSDUCER TYPE: DYNAMIC</span><br><span>BLUETOOTH VERSION: V4.1</span><br><span>FREQUENCY RANGE: 2.4GHZ-2.48GHZ</span><br><span>OPERATING DISTANCE: UP TO 10M (FREE SPACE)</span><br><span>BLUETOOTH PROFILES: A2DPAVRCPHSPHFP</span><br><span>IMPEDANCE: 16</span><br><span>FREQUENCY RESPONSE: 20HZ-20KHZ</span><br><span>SENSITIVITY: 110DB</span><br><span>DISTORTION:<br><span>MUSIC PLAYTIME: UP TO 40 HOURS</span><br><span>TALK TIME: UP TO 45 HOURS</span><br><span>STANDBY TIME: UP TO 1625 HOURS</span><br><span>CHARGING TIME: ABOUT 2 HOURS</span><br><span>OPERATIONAL TEMPERATURE: -10 TO 50°C</span>&nbsp;<span>THE BLUEDIO TURBINE HURRICANE H HEADSET IS COMPATIBLE WITH IOS, ANDROID, AND WINDOWS.<br><br></span></span><span><span>PACKAGE INCLUDED:</span>&nbsp;<span>1* BLUETOOTH&nbsp;</span><span>HEADPHONE</span>&nbsp;1* USB CHARGING CABLE 1* AUDIO TO AUDIO CABLE<span>1* USER MANUAL</span></span></span></span>","<span><span>ICONIC POWERFUL BASS RESONANCE:</span><br><span>57MM ULTRA-LARGE DYNAMIC DRIVERS, TURBINE STYLE HOUSING, AND BLUEDIO&#39;S ICONIC SURGING LOW-FREQUENCY SHOCK LET YOU FEEL DEEP BASS RESONANCE FOR SUPERIOR SOUND QUALITY.<br><br></span></span><span><span>ULTRA-LONG OPERATION AND CAREFREE CALLING FROM BLUETOOTH 4.1</span><br><span>WITH THE ROBUST HIGH SPEED CPU OF BLUETOOTH 4.1 OPERATING SYSTEM, THE BLUEDIO TURBINE HURRICANE H BOASTS A LONG USAGE TIME OF 40 HOURS OF MUSIC, 45 HOURS TALK TIME, AND 1625 HOURS (APPROXIMATELY 67 DAYS) STANDBY TIME.&nbsp;<br>ACOUSTIC ECHO CANCELLATION AND NOISE REDUCTION REDUCE AMBIENT NOISE WHILE SPEAKING.<br><br></span></span><span><span>CUSTOMIZED FUNCTION:</span><br><span>AUDIO SHARING ALLOWS YOU TO CONNECT TO ANOTHER H HEADSET VIA AN AUDIO CABLE, AND SHARE MUSIC WITH YOUR FRIENDS (* IT IS RECOMMENDED THAT HEADPHONES WITH IMPEDANCE OF 32 OR HIGHER BE USED). SIMULTANEOUSLY CONNECT TWO BLUETOOTH DEVICES, CONNECT WITH YOUR PHONE AND TABLET SEAMLESSLY, AND LISTEN TO MUSIC AS YOU PLEASE!<br><br></span></span><span><span>COMFORT:</span><br><span>CUSTOM FIT SUPRA-AURAL SOFT EARMUFFS AND ARTIFICIAL PROTEIN LEATHER OF EARMUFFS SIMULATED TO HUMAN SKIN TEXTURE ENSURE LONG-LASTING COMFORT.</span></span><br><br><span><span>CONVENIENCE:</span><br><span>JUST PLUG IN WITH AN AUDIO CABLE , AND LISTEN TO YOUR FAVORITE MUSIC TRACKS. THE HURRICANE H ALSO HAS VOICE PROMPTS IN 4 LANGUAGES (ENGLISH, FRENCH, SPANISH, AND CHINESE).<br><br></span><span><span><br>SPECIFICATIONS:</span><br><span>DRIVERS: 57MM SPEAKER X 2</span><br><span>TRANSDUCER TYPE: DYNAMIC</span><br><span>BLUETOOTH VERSION: V4.1</span><br><span>FREQUENCY RANGE: 2.4GHZ-2.48GHZ</span><br><span>OPERATING DISTANCE: UP TO 10M (FREE SPACE)</span><br><span>BLUETOOTH PROFILES: A2DPAVRCPHSPHFP</span><br><span>IMPEDANCE: 16</span><br><span>FREQUENCY RESPONSE: 20HZ-20KHZ</span><br><span>SENSITIVITY: 110DB</span><br><span>DISTORTION:<br><span>MUSIC PLAYTIME: UP TO 40 HOURS</span><br><span>TALK TIME: UP TO 45 HOURS</span><br><span>STANDBY TIME: UP TO 1625 HOURS</span><br><span>CHARGING TIME: ABOUT 2 HOURS</span><br><span>OPERATIONAL TEMPERATURE: -10 TO 50°C</span>&nbsp;<span>THE BLUEDIO TURBINE HURRICANE H HEADSET IS COMPATIBLE WITH IOS, ANDROID, AND WINDOWS.<br><br></span></span><span><span>PACKAGE INCLUDED:</span>&nbsp;<span>1* BLUETOOTH&nbsp;</span><span>HEADPHONE</span>&nbsp;1* USB CHARGING CABLE 1* AUDIO TO AUDIO CABLE<span>1* USER MANUAL</span></span></span></span>
Compatible with #5705All
Type: Over Ear"
Electronics,Headphones & Headsets,2724332739633,2724332739633,Enable,NIA Wireless Bluetooth Headset Micro SD Player FM Radio On Ear Headphones Green,0,0,NIA,1000,59,59,59,59,59,"<span><span><strong><span>Enjoy music:</span></strong></span></span><br><span><span>Enjoy music wirelessly from stereo bluetooth enabled music player and mobile phones.</span></span><br><span><span>With the built-in quality MP3 decoding chip, you can enjoy MP3 format music stored in the mini</span></span><br><span><span>memory card, wireless music enjoyment is much more wonderful. The built-in FM stereo radio can</span></span><br><span><span>store 20 channels program enriching your enjoyment.</span></span><br><span><span>Use connector:</span></span><br><span><span>Plug one end of the accessory cable into audio input interface of the earphone, and connect the</span></span><br><span><span>other end with the 3.5mm earphone jack of the music player, or earphone jack on the PC. Thus, you</span></span><br><span><span>will get an earphone with excellent performance.</span></span><br><br><span><span><strong><span>Specification:</span></strong></span></span><br><span><span>Bluetooth version:V2.1 EDR</span></span><br><span><span>Transmission distance:10m(32.8FT)</span></span><br><span><span>Compatible bluetooth profiles:A2DP,AVRCP,HSP,HFP</span></span><br><span><span>Specker diameter: 40mm</span></span><br><span><span>Specker impedance: 32ohm</span></span><br><span><span>Specker sensibility: 108db  /- 3db</span></span><br><span><span>Frequency response: 20-20000Hz</span></span><br><span><span>Radio:Frequency range: 87-108MHz</span></span><br><br><span><span><strong><span>Package included:</span></strong></span></span><br><span><span>1x Headset</span></span><br><span><span>1x USB cable</span></span>","<span><span><strong><span>Enjoy music:</span></strong></span></span><br><span><span>Enjoy music wirelessly from stereo bluetooth enabled music player and mobile phones.</span></span><br><span><span>With the built-in quality MP3 decoding chip, you can enjoy MP3 format music stored in the mini</span></span><br><span><span>memory card, wireless music enjoyment is much more wonderful. The built-in FM stereo radio can</span></span><br><span><span>store 20 channels program enriching your enjoyment.</span></span><br><span><span>Use connector:</span></span><br><span><span>Plug one end of the accessory cable into audio input interface of the earphone, and connect the</span></span><br><span><span>other end with the 3.5mm earphone jack of the music player, or earphone jack on the PC. Thus, you</span></span><br><span><span>will get an earphone with excellent performance.</span></span><br><br><span><span><strong><span>Specification:</span></strong></span></span><br><span><span>Bluetooth version:V2.1 EDR</span></span><br><span><span>Transmission distance:10m(32.8FT)</span></span><br><span><span>Compatible bluetooth profiles:A2DP,AVRCP,HSP,HFP</span></span><br><span><span>Specker diameter: 40mm</span></span><br><span><span>Specker impedance: 32ohm</span></span><br><span><span>Specker sensibility: 108db  /- 3db</span></span><br><span><span>Frequency response: 20-20000Hz</span></span><br><span><span>Radio:Frequency range: 87-108MHz</span></span><br><br><span><span><strong><span>Package included:</span></strong></span></span><br><span><span>1x Headset</span></span><br><span><span>1x USB cable</span></span>
Compatible with #5705Mobile Phones
Type #5935Over Ear"
Electronics,Headphones & Headsets,2724332741827,2724332741827,Enable,NIA Wireless Bluetooth Headset Micro SD Player FM Radio On Ear Headphones Rose Red,0,0,NIA,1000,65,65,65,65,65,"<span><span><strong><span>Enjoy music:</span></strong></span></span><br><span><span>Enjoy music wirelessly from stereo bluetooth enabled music player and mobile phones.</span></span><br><span><span>With the built-in quality MP3 decoding chip, you can enjoy MP3 format music stored in the mini</span></span><br><span><span>memory card, wireless music enjoyment is much more wonderful. The built-in FM stereo radio can</span></span><br><span><span>store 20 channels program enriching your enjoyment.</span></span><br><span><span>Use connector:</span></span><br><span><span>Plug one end of the accessory cable into audio input interface of the earphone, and connect the</span></span><br><span><span>other end with the 3.5mm earphone jack of the music player, or earphone jack on the PC. Thus, you</span></span><br><span><span>will get an earphone with excellent performance.</span></span><br><br><span><span><strong><span>Specification:</span></strong></span></span><br><span><span>Bluetooth version:V2.1 EDR</span></span><br><span><span>Transmission distance:10m(32.8FT)</span></span><br><span><span>Compatible bluetooth profiles:A2DP,AVRCP,HSP,HFP</span></span><br><span><span>Specker diameter: 40mm</span></span><br><span><span>Specker impedance: 32ohm</span></span><br><span><span>Specker sensibility: 108db  /- 3db</span></span><br><span><span>Frequency response: 20-20000Hz</span></span><br><span><span>Radio:Frequency range: 87-108MHz</span></span><br><br><span><span><strong><span>Package included:</span></strong></span></span><br><span><span>1x Headset</span></span><br><span><span>1x USB cable</span></span>","<span><span><strong><span>Enjoy music:</span></strong></span></span><br><span><span>Enjoy music wirelessly from stereo bluetooth enabled music player and mobile phones.</span></span><br><span><span>With the built-in quality MP3 decoding chip, you can enjoy MP3 format music stored in the mini</span></span><br><span><span>memory card, wireless music enjoyment is much more wonderful. The built-in FM stereo radio can</span></span><br><span><span>store 20 channels program enriching your enjoyment.</span></span><br><span><span>Use connector:</span></span><br><span><span>Plug one end of the accessory cable into audio input interface of the earphone, and connect the</span></span><br><span><span>other end with the 3.5mm earphone jack of the music player, or earphone jack on the PC. Thus, you</span></span><br><span><span>will get an earphone with excellent performance.</span></span><br><br><span><span><strong><span>Specification:</span></strong></span></span><br><span><span>Bluetooth version:V2.1 EDR</span></span><br><span><span>Transmission distance:10m(32.8FT)</span></span><br><span><span>Compatible bluetooth profiles:A2DP,AVRCP,HSP,HFP</span></span><br><span><span>Specker diameter: 40mm</span></span><br><span><span>Specker impedance: 32ohm</span></span><br><span><span>Specker sensibility: 108db  /- 3db</span></span><br><span><span>Frequency response: 20-20000Hz</span></span><br><span><span>Radio:Frequency range: 87-108MHz</span></span><br><br><span><span><strong><span>Package included:</span></strong></span></span><br><span><span>1x Headset</span></span><br><span><span>1x USB cable</span></span>
Compatible with #5705Mobile Phones
Type #5935Over Ear"
Electronics,Mobile Accessories,2724332857085,2724332857085,Enable,Nia Micro SD Card Bluetooth Headphones For Iphone/FM Radio/MP3 Player With Mic Black,0,0,Bluedio,1000,59,59,59,59,59,"Nia Micro SD Card Bluetooth Headphones For Iphone/FM Radio/MP3 Player With Mic Black
Type:Mobile Accessories","Nia Micro SD Card Bluetooth Headphones For Iphone/FM Radio/MP3 Player With Mic Black
Type:Mobile Accessories"
Electronics,Smart Watches,2724332917536,2724332917536,Enable,"Smart Watch Resin Band For Android & iOS , White - u8",0,0,Other,1000,55,55,55,55,55,"<p style=""font-size: 13.3333px;"">   8       &nbsp;   .   8    1.48            .       .                     2.3   . &nbsp;          2.0.                           .                (         )                    .          .           .              .</p><p style=""font-size: 13.3333px;"">&nbsp;</p><ul style=""font-size: 13.3333px;""><li>  :  6 </li><li> 3.0</li><li>   :  160 </li><li>  :  3 </li><li> : 230  </li></ul><p style=""font-size: 13.3333px;"">&nbsp;</p><p style=""font-size: 13.3333px;"">&nbsp;</p><p style=""font-size: 13.3333px;"">   </p><p style=""font-size: 13.3333px;""> 80               .               .     8     1.48           .</p><p style=""font-size: 13.3333px;"">&nbsp;</p><p style=""font-size: 13.3333px;""> </p><p style=""font-size: 13.3333px;"">  8             .                  10   .           .</p>","<p style=""font-size: 13.3333px;"">   8       &nbsp;   .   8    1.48            .       .                     2.3   . &nbsp;          2.0.                           .                (         )                    .          .           .              .</p><p style=""font-size: 13.3333px;"">&nbsp;</p><ul style=""font-size: 13.3333px;""><li>  :  6 </li><li> 3.0</li><li>   :  160 </li><li>  :  3 </li><li> : 230  </li></ul><p style=""font-size: 13.3333px;"">&nbsp;</p><p style=""font-size: 13.3333px;"">&nbsp;</p><p style=""font-size: 13.3333px;"">   </p><p style=""font-size: 13.3333px;""> 80               .               .     8     1.48           .</p><p style=""font-size: 13.3333px;"">&nbsp;</p><p style=""font-size: 13.3333px;""> </p><p style=""font-size: 13.3333px;"">  8             .                  10   .           .</p>
Color: White
RAM Size: 4
Operating System: Android
SIM card support: 
With Camera: 
Band Material: Resin
Compatible Operating Systems : Android & iOS"
Electronics,Headphones & Headsets,2724333032917,2724333032917,Enable,Sport Wireless Bluetooth Earphone V4.0 Headphone Music Stereo Headset Mini for Samsung (Gold),0,0,Other,1000,88,88,88,88,88,"<div><span style=""font-family: Arial, sans-serif, sans-serif; font-size: 12pt;"">Adopt of high speed bluetooth V4.0 standard, to ensure pure stereo sound transmission</span><br style=""font-family: Arial, sans-serif, sans-serif; font-size: 12pt;""><span style=""font-family: Arial, sans-serif, sans-serif; font-size: 12pt;"">- High speed transmission in 10 meters, portable and wireless</span><br style=""font-family: Arial, sans-serif, sans-serif; font-size: 12pt;""><span style=""font-family: Arial, sans-serif, sans-serif; font-size: 12pt;"">- Innovated double damping balancing technology, present perfect music</span><br style=""font-family: Arial, sans-serif, sans-serif; font-size: 12pt;""><span style=""font-family: Arial, sans-serif, sans-serif; font-size: 12pt;"">- With bluetooth, noise cancelling, microphone functions - Easy pair and auto reconnect</span><br style=""font-family: Arial, sans-serif, sans-serif; font-size: 12pt;""><span style=""font-family: Arial, sans-serif, sans-serif; font-size: 12pt;"">- Works as a hands free headset for any bluetooth device.</span><br style=""font-family: Arial, sans-serif, sans-serif; font-size: 12pt;""><span style=""font-family: Arial, sans-serif, sans-serif; font-size: 12pt;"">- Unique in shape. Ultimate in sound</span><br style=""font-family: Arial, sans-serif, sans-serif; font-size: 12pt;""><span style=""font-family: Arial, sans-serif, sans-serif; font-size: 12pt;"">- There is a charging port on it, if you run out battery, you can recharge it.</span></div><div>&nbsp;</div><div><strong>Specification:</strong></div><div>&nbsp;</div><div><span style=""font-family: Verdana; font-size: 12pt;"">Changing voltage: MICRO USB 5V</span><br style=""font-family: Verdana; font-size: 12pt;""><span style=""font-family: Verdana; font-size: 12pt;"">Blue tooth working range: 10M</span><br style=""font-family: Verdana; font-size: 12pt;""><span style=""font-family: Verdana; font-size: 12pt;"">Frequency range: 2.401-2.480GHz</span><br style=""font-family: Verdana; font-size: 12pt;""><span style=""font-family: Verdana; font-size: 12pt;"">Frequency response:20HZ-20KHz</span><br style=""font-family: Verdana; font-size: 12pt;""><span style=""font-family: Verdana; font-size: 12pt;"">Talk Time: Up to 10 Hours</span><br style=""font-family: Verdana; font-size: 12pt;""><span style=""font-family: Verdana; font-size: 12pt;"">Charging Time: 2-3 Hours</span><br style=""font-family: Verdana; font-size: 12pt;""><span style=""font-family: Verdana; font-size: 12pt;"">Music Playing Time: Up to 7 Hours</span><br style=""font-family: Verdana; font-size: 12pt;""><span style=""font-family: Verdana; font-size: 12pt;"">Stand-by Time: Up to 250 Hours</span><br style=""font-family: Verdana; font-size: 12pt;""><span style=""font-family: Verdana; font-size: 12pt;"">Bluetooth Version: V4.0  EDR Classll</span><br style=""font-family: Verdana; font-size: 12pt;""><span style=""font-family: Verdana; font-size: 12pt;"">Weight: 45g</span>&nbsp;</div><div>&nbsp;<span style=""font-size: 12pt;"">&nbsp;</span></div><div><span style=""font-family: Verdana; font-size: 12pt;"">&nbsp;<span style=""color:#cc0000;font-weight:bold"">Package</span> included:</span></div><div style=""font-family: Verdana; font-size: 12pt;"">&nbsp;</div><div style=""font-family: Verdana; font-size: 12pt;"">1 x stereo headset</div><div style=""font-family: Verdana; font-size: 12pt;"">1 x manual</div><div><span style=""font-family: Verdana; font-size: 12pt;"">1 x usb cable <br></span></div>","<div><span style=""font-family: Arial, sans-serif, sans-serif; font-size: 12pt;"">Adopt of high speed bluetooth V4.0 standard, to ensure pure stereo sound transmission</span><br style=""font-family: Arial, sans-serif, sans-serif; font-size: 12pt;""><span style=""font-family: Arial, sans-serif, sans-serif; font-size: 12pt;"">- High speed transmission in 10 meters, portable and wireless</span><br style=""font-family: Arial, sans-serif, sans-serif; font-size: 12pt;""><span style=""font-family: Arial, sans-serif, sans-serif; font-size: 12pt;"">- Innovated double damping balancing technology, present perfect music</span><br style=""font-family: Arial, sans-serif, sans-serif; font-size: 12pt;""><span style=""font-family: Arial, sans-serif, sans-serif; font-size: 12pt;"">- With bluetooth, noise cancelling, microphone functions - Easy pair and auto reconnect</span><br style=""font-family: Arial, sans-serif, sans-serif; font-size: 12pt;""><span style=""font-family: Arial, sans-serif, sans-serif; font-size: 12pt;"">- Works as a hands free headset for any bluetooth device.</span><br style=""font-family: Arial, sans-serif, sans-serif; font-size: 12pt;""><span style=""font-family: Arial, sans-serif, sans-serif; font-size: 12pt;"">- Unique in shape. Ultimate in sound</span><br style=""font-family: Arial, sans-serif, sans-serif; font-size: 12pt;""><span style=""font-family: Arial, sans-serif, sans-serif; font-size: 12pt;"">- There is a charging port on it, if you run out battery, you can recharge it.</span></div><div>&nbsp;</div><div><strong>Specification:</strong></div><div>&nbsp;</div><div><span style=""font-family: Verdana; font-size: 12pt;"">Changing voltage: MICRO USB 5V</span><br style=""font-family: Verdana; font-size: 12pt;""><span style=""font-family: Verdana; font-size: 12pt;"">Blue tooth working range: 10M</span><br style=""font-family: Verdana; font-size: 12pt;""><span style=""font-family: Verdana; font-size: 12pt;"">Frequency range: 2.401-2.480GHz</span><br style=""font-family: Verdana; font-size: 12pt;""><span style=""font-family: Verdana; font-size: 12pt;"">Frequency response:20HZ-20KHz</span><br style=""font-family: Verdana; font-size: 12pt;""><span style=""font-family: Verdana; font-size: 12pt;"">Talk Time: Up to 10 Hours</span><br style=""font-family: Verdana; font-size: 12pt;""><span style=""font-family: Verdana; font-size: 12pt;"">Charging Time: 2-3 Hours</span><br style=""font-family: Verdana; font-size: 12pt;""><span style=""font-family: Verdana; font-size: 12pt;"">Music Playing Time: Up to 7 Hours</span><br style=""font-family: Verdana; font-size: 12pt;""><span style=""font-family: Verdana; font-size: 12pt;"">Stand-by Time: Up to 250 Hours</span><br style=""font-family: Verdana; font-size: 12pt;""><span style=""font-family: Verdana; font-size: 12pt;"">Bluetooth Version: V4.0  EDR Classll</span><br style=""font-family: Verdana; font-size: 12pt;""><span style=""font-family: Verdana; font-size: 12pt;"">Weight: 45g</span>&nbsp;</div><div>&nbsp;<span style=""font-size: 12pt;"">&nbsp;</span></div><div><span style=""font-family: Verdana; font-size: 12pt;"">&nbsp;<span style=""color:#cc0000;font-weight:bold"">Package</span> included:</span></div><div style=""font-family: Verdana; font-size: 12pt;"">&nbsp;</div><div style=""font-family: Verdana; font-size: 12pt;"">1 x stereo headset</div><div style=""font-family: Verdana; font-size: 12pt;"">1 x manual</div><div><span style=""font-family: Verdana; font-size: 12pt;"">1 x usb cable <br></span></div>
Compatible with: All
Type: Over Ear"
Electronics,Mobile Accessories,2724333056043,2724333056043,Enable,Adjustable 360 Rotating Arm Holder for All Mobile Phones,0,0,Other,1000,13,13,13,13,13,"<p class=""MsoListParagraphCxSpFirst"">&nbsp;1- 360 Adjustable Rotating Arm Holder</p><p class=""MsoListParagraphCxSpFirst"">&nbsp;2- Compatible with all smartphones&nbsp;</p><p class=""MsoListParagraphCxSpFirst"">&nbsp;3- Strong Clip Mount&nbsp;</p>","<p class=""MsoListParagraphCxSpFirst"">&nbsp;1- 360 Adjustable Rotating Arm Holder</p><p class=""MsoListParagraphCxSpFirst"">&nbsp;2- Compatible with all smartphones&nbsp;</p><p class=""MsoListParagraphCxSpFirst"">&nbsp;3- Strong Clip Mount&nbsp;</p>
Mobile Accessory Type: Mounts & Holders
Compatible with: Multi"
Electronics,Mobile Accessories,2724333135694,2724333135694,Enable,Game Board For Mobile Phones,0,0,Bluedio,1000,85,85,85,85,85,"Game Board For Mobile Phones
Type:Mobile Accessories","Game Board For Mobile Phones
Type:Mobile Accessories"
Electronics,Cables,2724333421285,2724333421285,Enable,Remax For Mobile Phones - Cables,0,0,Remax,1000,44,44,44,44,44,<ul><li>     </li><li> 32CM</li><li> </li><li>  Remax </li></ul>,"<ul><li>     </li><li> 32CM</li><li> </li><li>  Remax </li></ul>
Type: Cables
Compatible with: Mobile Phones"
Electronics,Headphones & Headsets,2724333776606,2724333776606,Enable,Bluetooth Headset Mini S530 Beige,0,0,Other,1000,30,30,30,30,30,"<div><font face=""Arial, Verdana""><span style=""font-size: 13.3333330154419px;"">Compact, Ultra mini design, light weigth, popular and easy to carry.</span></font></div><div><font face=""Arial, Verdana""><span style=""font-size: 13.3333330154419px;"">Rechargeable, long battery life, fast charging.</span></font></div><div><span style=""font-size: 13.3333330154419px; font-family: Arial, Verdana;"">&nbsp;enjoy songs.</span></div><div><font face=""Arial, Verdana""><span style=""font-size: 13.3333330154419px;"">Voice broadcast when you receive a call.</span></font></div><div><font face=""Arial, Verdana""><span style=""font-size: 13.3333330154419px;"">One button to answer call, built-in microphone.</span></font></div><div><font face=""Arial, Verdana""><span style=""font-size: 13.3333330154419px;"">Supports two bluetooth devices simultaneously connected.</span></font></div><div><font face=""Arial, Verdana""><span style=""font-size: 13.3333330154419px;"">Can be compatible with various bluetooth enabled devices such as Mobile Phones, Tablets, PC and so on.</span></font></div><div><font face=""Arial, Verdana""><span style=""font-size: 13.3333330154419px;""><br></span></font></div><div><font face=""Arial, Verdana""><span style=""font-size: 13.3333330154419px;"">Specifications:</span></font></div><div><font face=""Arial, Verdana""><span style=""font-size: 13.3333330154419px;"">Bluetooth Version: V4.0 EDR</span></font></div><div><font face=""Arial, Verdana""><span style=""font-size: 13.3333330154419px;"">Power Level: Class II</span></font></div><div><font face=""Arial, Verdana""><span style=""font-size: 13.3333330154419px;"">Wireless Frequency: 2.402-2.480GHz</span></font></div><div><font face=""Arial, Verdana""><span style=""font-size: 13.3333330154419px;"">Talk Time: about 4 hours</span></font></div><div><font face=""Arial, Verdana""><span style=""font-size: 13.3333330154419px;"">Music Playing Time: about 3 hours</span></font></div><div><font face=""Arial, Verdana""><span style=""font-size: 13.3333330154419px;"">Standby Time: about 120 hours</span></font></div><div><font face=""Arial, Verdana""><span style=""font-size: 13.3333330154419px;"">Effective Range: 10 meters</span></font></div><div><font face=""Arial, Verdana""><span style=""font-size: 13.3333330154419px;"">Weight: about 45g</span></font></div><div><font face=""Arial, Verdana""><span style=""font-size: 13.3333330154419px;""><br></span></font></div><div><font face=""Arial, Verdana""><span style=""font-size: 13.3333330154419px;"">Package Included:</span></font></div><div><font face=""Arial, Verdana""><span style=""font-size: 13.3333330154419px;"">1 x Bluetooth Earphone</span></font></div><div><font face=""Arial, Verdana""><span style=""font-size: 13.3333330154419px;"">1 x USB Charging Cable)</span></font></div>","<div><font face=""Arial, Verdana""><span style=""font-size: 13.3333330154419px;"">Compact, Ultra mini design, light weigth, popular and easy to carry.</span></font></div><div><font face=""Arial, Verdana""><span style=""font-size: 13.3333330154419px;"">Rechargeable, long battery life, fast charging.</span></font></div><div><span style=""font-size: 13.3333330154419px; font-family: Arial, Verdana;"">&nbsp;enjoy songs.</span></div><div><font face=""Arial, Verdana""><span style=""font-size: 13.3333330154419px;"">Voice broadcast when you receive a call.</span></font></div><div><font face=""Arial, Verdana""><span style=""font-size: 13.3333330154419px;"">One button to answer call, built-in microphone.</span></font></div><div><font face=""Arial, Verdana""><span style=""font-size: 13.3333330154419px;"">Supports two bluetooth devices simultaneously connected.</span></font></div><div><font face=""Arial, Verdana""><span style=""font-size: 13.3333330154419px;"">Can be compatible with various bluetooth enabled devices such as Mobile Phones, Tablets, PC and so on.</span></font></div><div><font face=""Arial, Verdana""><span style=""font-size: 13.3333330154419px;""><br></span></font></div><div><font face=""Arial, Verdana""><span style=""font-size: 13.3333330154419px;"">Specifications:</span></font></div><div><font face=""Arial, Verdana""><span style=""font-size: 13.3333330154419px;"">Bluetooth Version: V4.0 EDR</span></font></div><div><font face=""Arial, Verdana""><span style=""font-size: 13.3333330154419px;"">Power Level: Class II</span></font></div><div><font face=""Arial, Verdana""><span style=""font-size: 13.3333330154419px;"">Wireless Frequency: 2.402-2.480GHz</span></font></div><div><font face=""Arial, Verdana""><span style=""font-size: 13.3333330154419px;"">Talk Time: about 4 hours</span></font></div><div><font face=""Arial, Verdana""><span style=""font-size: 13.3333330154419px;"">Music Playing Time: about 3 hours</span></font></div><div><font face=""Arial, Verdana""><span style=""font-size: 13.3333330154419px;"">Standby Time: about 120 hours</span></font></div><div><font face=""Arial, Verdana""><span style=""font-size: 13.3333330154419px;"">Effective Range: 10 meters</span></font></div><div><font face=""Arial, Verdana""><span style=""font-size: 13.3333330154419px;"">Weight: about 45g</span></font></div><div><font face=""Arial, Verdana""><span style=""font-size: 13.3333330154419px;""><br></span></font></div><div><font face=""Arial, Verdana""><span style=""font-size: 13.3333330154419px;"">Package Included:</span></font></div><div><font face=""Arial, Verdana""><span style=""font-size: 13.3333330154419px;"">1 x Bluetooth Earphone</span></font></div><div><font face=""Arial, Verdana""><span style=""font-size: 13.3333330154419px;"">1 x USB Charging Cable)</span></font></div>
Compatible with #5705All
Type #5935In Ear"
Electronics,Headphones & Headsets,2724334635988,2724334635988,Enable,Bluedio HT shooting Brake Wireless Bluetooth Headphones BT 4.1 Version Stereo Bluetooth Headset,0,0,Bluedio,1000,150,150,150,150,150,"<div><font face=""Arial, Verdana""><span style=""font-size: 13.3333330154419px;"">Color: White</span></font></div><div><font face=""Arial, Verdana""><span style=""font-size: 13.3333330154419px;"">Features:</span></font></div><div><font face=""Arial, Verdana""><span style=""font-size: 13.3333330154419px;"">*Support Android APP software (Mobile phone need android 4.0 above)</span></font></div><div><font face=""Arial, Verdana""><span style=""font-size: 13.3333330154419px;"">*Bluetooth 4.1 top CPU,fully compatible with IOS, Android, Microsoft&#39;s three major mobile</span></font></div><div><font face=""Arial, Verdana""><span style=""font-size: 13.3333330154419px;"">&nbsp; phone system brands</span></font></div><div><font face=""Arial, Verdana""><span style=""font-size: 13.3333330154419px;"">*HT using large moving coil drive unit and turbo structure cavity technology, three frequency</span></font></div><div><font face=""Arial, Verdana""><span style=""font-size: 13.3333330154419px;"">&nbsp; sounds natural and clear, sound to achieve truly give you the feeling of the scene</span></font></div><div><font face=""Arial, Verdana""><span style=""font-size: 13.3333330154419px;"">&nbsp; in general</span></font></div><div><font face=""Arial, Verdana""><span style=""font-size: 13.3333330154419px;"">*HT Bluetooth headset support 3.5mm audio output</span></font></div><div><font face=""Arial, Verdana""><span style=""font-size: 13.3333330154419px;"">*Ultra-low-power Bluetooth 4.1</span></font></div><div><font face=""Arial, Verdana""><span style=""font-size: 13.3333330154419px;"">*Audio Sharing allows you to connect to another H headset via an audio cable, and share music</span></font></div><div><font face=""Arial, Verdana""><span style=""font-size: 13.3333330154419px;"">&nbsp; with your friends (* it is recommended that headphones with impedance of 32 or be used).</span></font></div><div><font face=""Arial, Verdana""><span style=""font-size: 13.3333330154419px;"">&nbsp;Simultaneously connect two Bluetooth devices, connect with your phone and tablet seamlessly,</span></font></div><div><font face=""Arial, Verdana""><span style=""font-size: 13.3333330154419px;"">&nbsp;and listen to music as you please.</span></font></div><div><font face=""Arial, Verdana""><span style=""font-size: 13.3333330154419px;"">*57mm ultra-large dynamic drivers, turbo style housing, and Bluedio&#39;s iconic surging low-frequency</span></font></div><div><font face=""Arial, Verdana""><span style=""font-size: 13.3333330154419px;"">&nbsp; shock let you feel deep bass resonance for superior sound.</span></font></div><div><font face=""Arial, Verdana""><span style=""font-size: 13.3333330154419px;"">*Custom fit supra-aural soft earmuffs and artificial protein leather of earmuffs simulated to human</span></font></div><div><font face=""Arial, Verdana""><span style=""font-size: 13.3333330154419px;"">&nbsp; skin texture ensure long-lasting comfort.</span></font></div><div><font face=""Arial, Verdana""><span style=""font-size: 13.3333330154419px;"">*Just plug in with an audio cable , and listen to your favorite music tracks. The Hurricane H also</span></font></div><div><font face=""Arial, Verdana""><span style=""font-size: 13.3333330154419px;"">&nbsp; has voice prompts in 4 languages (English, French, Spanish, and Chinese).</span></font></div><div><font face=""Arial, Verdana""><span style=""font-size: 13.3333330154419px;"">Specifications:</span></font></div><div><font face=""Arial, Verdana""><span style=""font-size: 13.3333330154419px;"">Drivers: 57mm speaker X 2</span></font></div><div><font face=""Arial, Verdana""><span style=""font-size: 13.3333330154419px;"">Transducer type: dynamic</span></font></div><div><font face=""Arial, Verdana""><span style=""font-size: 13.3333330154419px;"">Bluetooth version: V4.1</span></font></div><div><font face=""Arial, Verdana""><span style=""font-size: 13.3333330154419px;"">Frequency range: 2.4GHz-2.48GHz</span></font></div><div><font face=""Arial, Verdana""><span style=""font-size: 13.3333330154419px;"">Operating distance: up to 10m (free space)</span></font></div><div><font face=""Arial, Verdana""><span style=""font-size: 13.3333330154419px;"">Bluetooth profiles: A2DP, AVRCP,HSP,HFP</span></font></div><div><font face=""Arial, Verdana""><span style=""font-size: 13.3333330154419px;"">Impedance: 16</span></font></div><div><font face=""Arial, Verdana""><span style=""font-size: 13.3333330154419px;"">Frequency response: 20Hz-20kHz</span></font></div><div><font face=""Arial, Verdana""><span style=""font-size: 13.3333330154419px;"">Sensitivity: 110dB</span></font></div><div><font face=""Arial, Verdana""><span style=""font-size: 13.3333330154419px;"">Distortion:&lt;0.1%(TT2D)</span></font></div><div><font face=""Arial, Verdana""><span style=""font-size: 13.3333330154419px;"">Music playtime: up to 40 hours</span></font></div><div><font face=""Arial, Verdana""><span style=""font-size: 13.3333330154419px;"">Talk time: up to 45 hours</span></font></div><div><font face=""Arial, Verdana""><span style=""font-size: 13.3333330154419px;"">Standby time: up to 1625 hours</span></font></div><div><font face=""Arial, Verdana""><span style=""font-size: 13.3333330154419px;"">Charging time: about 2 hours</span></font></div><div><font face=""Arial, Verdana""><span style=""font-size: 13.3333330154419px;"">Operational temperature: -10 to 50°C</span></font></div><div><font face=""Arial, Verdana""><span style=""font-size: 13.3333330154419px;"">Package list:</span></font></div><div><font face=""Arial, Verdana""><span style=""font-size: 13.3333330154419px;"">1* Bluetooth headphone</span></font></div><div><font face=""Arial, Verdana""><span style=""font-size: 13.3333330154419px;"">1* USB charging cable</span></font></div><div><font face=""Arial, Verdana""><span style=""font-size: 13.3333330154419px;"">1* Audio to Audio cable</span></font></div><div><font face=""Arial, Verdana""><span style=""font-size: 13.3333330154419px;"">1* User manual</span></font></div>","<div><font face=""Arial, Verdana""><span style=""font-size: 13.3333330154419px;"">Color: White</span></font></div><div><font face=""Arial, Verdana""><span style=""font-size: 13.3333330154419px;"">Features:</span></font></div><div><font face=""Arial, Verdana""><span style=""font-size: 13.3333330154419px;"">*Support Android APP software (Mobile phone need android 4.0 above)</span></font></div><div><font face=""Arial, Verdana""><span style=""font-size: 13.3333330154419px;"">*Bluetooth 4.1 top CPU,fully compatible with IOS, Android, Microsoft&#39;s three major mobile</span></font></div><div><font face=""Arial, Verdana""><span style=""font-size: 13.3333330154419px;"">&nbsp; phone system brands</span></font></div><div><font face=""Arial, Verdana""><span style=""font-size: 13.3333330154419px;"">*HT using large moving coil drive unit and turbo structure cavity technology, three frequency</span></font></div><div><font face=""Arial, Verdana""><span style=""font-size: 13.3333330154419px;"">&nbsp; sounds natural and clear, sound to achieve truly give you the feeling of the scene</span></font></div><div><font face=""Arial, Verdana""><span style=""font-size: 13.3333330154419px;"">&nbsp; in general</span></font></div><div><font face=""Arial, Verdana""><span style=""font-size: 13.3333330154419px;"">*HT Bluetooth headset support 3.5mm audio output</span></font></div><div><font face=""Arial, Verdana""><span style=""font-size: 13.3333330154419px;"">*Ultra-low-power Bluetooth 4.1</span></font></div><div><font face=""Arial, Verdana""><span style=""font-size: 13.3333330154419px;"">*Audio Sharing allows you to connect to another H headset via an audio cable, and share music</span></font></div><div><font face=""Arial, Verdana""><span style=""font-size: 13.3333330154419px;"">&nbsp; with your friends (* it is recommended that headphones with impedance of 32 or be used).</span></font></div><div><font face=""Arial, Verdana""><span style=""font-size: 13.3333330154419px;"">&nbsp;Simultaneously connect two Bluetooth devices, connect with your phone and tablet seamlessly,</span></font></div><div><font face=""Arial, Verdana""><span style=""font-size: 13.3333330154419px;"">&nbsp;and listen to music as you please.</span></font></div><div><font face=""Arial, Verdana""><span style=""font-size: 13.3333330154419px;"">*57mm ultra-large dynamic drivers, turbo style housing, and Bluedio&#39;s iconic surging low-frequency</span></font></div><div><font face=""Arial, Verdana""><span style=""font-size: 13.3333330154419px;"">&nbsp; shock let you feel deep bass resonance for superior sound.</span></font></div><div><font face=""Arial, Verdana""><span style=""font-size: 13.3333330154419px;"">*Custom fit supra-aural soft earmuffs and artificial protein leather of earmuffs simulated to human</span></font></div><div><font face=""Arial, Verdana""><span style=""font-size: 13.3333330154419px;"">&nbsp; skin texture ensure long-lasting comfort.</span></font></div><div><font face=""Arial, Verdana""><span style=""font-size: 13.3333330154419px;"">*Just plug in with an audio cable , and listen to your favorite music tracks. The Hurricane H also</span></font></div><div><font face=""Arial, Verdana""><span style=""font-size: 13.3333330154419px;"">&nbsp; has voice prompts in 4 languages (English, French, Spanish, and Chinese).</span></font></div><div><font face=""Arial, Verdana""><span style=""font-size: 13.3333330154419px;"">Specifications:</span></font></div><div><font face=""Arial, Verdana""><span style=""font-size: 13.3333330154419px;"">Drivers: 57mm speaker X 2</span></font></div><div><font face=""Arial, Verdana""><span style=""font-size: 13.3333330154419px;"">Transducer type: dynamic</span></font></div><div><font face=""Arial, Verdana""><span style=""font-size: 13.3333330154419px;"">Bluetooth version: V4.1</span></font></div><div><font face=""Arial, Verdana""><span style=""font-size: 13.3333330154419px;"">Frequency range: 2.4GHz-2.48GHz</span></font></div><div><font face=""Arial, Verdana""><span style=""font-size: 13.3333330154419px;"">Operating distance: up to 10m (free space)</span></font></div><div><font face=""Arial, Verdana""><span style=""font-size: 13.3333330154419px;"">Bluetooth profiles: A2DP, AVRCP,HSP,HFP</span></font></div><div><font face=""Arial, Verdana""><span style=""font-size: 13.3333330154419px;"">Impedance: 16</span></font></div><div><font face=""Arial, Verdana""><span style=""font-size: 13.3333330154419px;"">Frequency response: 20Hz-20kHz</span></font></div><div><font face=""Arial, Verdana""><span style=""font-size: 13.3333330154419px;"">Sensitivity: 110dB</span></font></div><div><font face=""Arial, Verdana""><span style=""font-size: 13.3333330154419px;"">Distortion:&lt;0.1%(TT2D)</span></font></div><div><font face=""Arial, Verdana""><span style=""font-size: 13.3333330154419px;"">Music playtime: up to 40 hours</span></font></div><div><font face=""Arial, Verdana""><span style=""font-size: 13.3333330154419px;"">Talk time: up to 45 hours</span></font></div><div><font face=""Arial, Verdana""><span style=""font-size: 13.3333330154419px;"">Standby time: up to 1625 hours</span></font></div><div><font face=""Arial, Verdana""><span style=""font-size: 13.3333330154419px;"">Charging time: about 2 hours</span></font></div><div><font face=""Arial, Verdana""><span style=""font-size: 13.3333330154419px;"">Operational temperature: -10 to 50°C</span></font></div><div><font face=""Arial, Verdana""><span style=""font-size: 13.3333330154419px;"">Package list:</span></font></div><div><font face=""Arial, Verdana""><span style=""font-size: 13.3333330154419px;"">1* Bluetooth headphone</span></font></div><div><font face=""Arial, Verdana""><span style=""font-size: 13.3333330154419px;"">1* USB charging cable</span></font></div><div><font face=""Arial, Verdana""><span style=""font-size: 13.3333330154419px;"">1* Audio to Audio cable</span></font></div><div><font face=""Arial, Verdana""><span style=""font-size: 13.3333330154419px;"">1* User manual</span></font></div>
Color:White
Model Number: Q57
Connectivity:Wireless
Compatible with: All
Type: Over Ear"
Electronics,Car Audio & Video Accessories,2724334857380,2724334857380,Enable,STAR Car Kit MP3 Player LCD Wireless Bluetooth FM Transmitter Modulator USB SD MMC,0,0,CarG7,1000,36,36,36,36,36,"<div><font face=""Arial, Verdana""><span style=""font-size: 13.3333330154419px;"">Feature:</span></font></div><div><font face=""Arial, Verdana""><span style=""font-size: 13.3333330154419px;"">&nbsp;</span></font></div><div><font face=""Arial, Verdana""><span style=""font-size: 13.3333330154419px;"">1. Adjustable to any angles,and fit to all types of vehicles</span></font></div><div><font face=""Arial, Verdana""><span style=""font-size: 13.3333330154419px;"">2. Full frequency FM transmitter</span></font></div><div><font face=""Arial, Verdana""><span style=""font-size: 13.3333330154419px;"">3. Digital display</span></font></div><div><font face=""Arial, Verdana""><span style=""font-size: 13.3333330154419px;"">4. Supports MP3 player audio input</span></font></div><div><font face=""Arial, Verdana""><span style=""font-size: 13.3333330154419px;"">5. Supports U disk player</span></font></div><div><font face=""Arial, Verdana""><span style=""font-size: 13.3333330154419px;"">6. Supports MP3/WMA music format</span></font></div><div><font face=""Arial, Verdana""><span style=""font-size: 13.3333330154419px;"">7. Supports automatic power-off memory function</span></font></div><div><font face=""Arial, Verdana""><span style=""font-size: 13.3333330154419px;"">8. With power off switch(USB direct connect)</span></font></div><div><font face=""Arial, Verdana""><span style=""font-size: 13.3333330154419px;"">9. Bluetooth answer,hang up,reject,redial calls etc.</span></font></div><div><font face=""Arial, Verdana""><span style=""font-size: 13.3333330154419px;"">10. Bluetooth stereo music play</span></font></div><div><font face=""Arial, Verdana""><span style=""font-size: 13.3333330154419px;"">11. Echo cancellation and noise suppression (CVC) technology</span></font></div><div><font face=""Arial, Verdana""><span style=""font-size: 13.3333330154419px;"">12. Support listening Cell phone&#39;s music and answering calls via bluetooth</span></font></div><div><font face=""Arial, Verdana""><span style=""font-size: 13.3333330154419px;"">&nbsp;</span></font></div><div><font face=""Arial, Verdana""><span style=""font-size: 13.3333330154419px;"">Specification:</span></font></div><div><font face=""Arial, Verdana""><span style=""font-size: 13.3333330154419px;"">1. Frequency Response:20Hz-15Khz</span></font></div><div><font face=""Arial, Verdana""><span style=""font-size: 13.3333330154419px;"">2. FM Transmitter Frequency: 87.5-108Mhz</span></font></div><div><font face=""Arial, Verdana""><span style=""font-size: 13.3333330154419px;"">3. Supported Format: MP3, WMA</span></font></div><div><font face=""Arial, Verdana""><span style=""font-size: 13.3333330154419px;"">4. Rated Operating Voltage:12 V</span></font></div><div><font face=""Arial, Verdana""><span style=""font-size: 13.3333330154419px;"">5. Ultimate Operating Voltage: 9-26 V</span></font></div><div><font face=""Arial, Verdana""><span style=""font-size: 13.3333330154419px;"">6. SNR Ratio &gt; 60dB</span></font></div><div><font face=""Arial, Verdana""><span style=""font-size: 13.3333330154419px;"">7. Left/ Right Channel Separation &gt; 60dB</span></font></div><div><font face=""Arial, Verdana""><span style=""font-size: 13.3333330154419px;"">8. Bluetooth Version: 2.0</span></font></div><div><font face=""Arial, Verdana""><span style=""font-size: 13.3333330154419px;"">9. Bluetooth Transmission Distance: 10-15 meters</span></font></div><div><font face=""Arial, Verdana""><span style=""font-size: 13.3333330154419px;"">10.Color:Gold</span></font></div><div><span style=""font-size: 13.3333330154419px; font-family: Arial, Verdana;"">&nbsp;</span></div><div><font face=""Arial, Verdana""><span style=""font-size: 13.3333330154419px;"">Package Content:</span></font></div><div><font face=""Arial, Verdana""><span style=""font-size: 13.3333330154419px;"">&nbsp;</span></font></div><div><font face=""Arial, Verdana""><span style=""font-size: 13.3333330154419px;"">1 x Car Kit Bluetooth FM Transmitter(Gold)</span></font></div><div><font face=""Arial, Verdana""><span style=""font-size: 13.3333330154419px;"">1 x User Manual</span></font></div><div><font face=""Arial, Verdana""><span style=""font-size: 13.3333330154419px;"">1 xAudio Line</span></font></div>","<div><font face=""Arial, Verdana""><span style=""font-size: 13.3333330154419px;"">Feature:</span></font></div><div><font face=""Arial, Verdana""><span style=""font-size: 13.3333330154419px;"">&nbsp;</span></font></div><div><font face=""Arial, Verdana""><span style=""font-size: 13.3333330154419px;"">1. Adjustable to any angles,and fit to all types of vehicles</span></font></div><div><font face=""Arial, Verdana""><span style=""font-size: 13.3333330154419px;"">2. Full frequency FM transmitter</span></font></div><div><font face=""Arial, Verdana""><span style=""font-size: 13.3333330154419px;"">3. Digital display</span></font></div><div><font face=""Arial, Verdana""><span style=""font-size: 13.3333330154419px;"">4. Supports MP3 player audio input</span></font></div><div><font face=""Arial, Verdana""><span style=""font-size: 13.3333330154419px;"">5. Supports U disk player</span></font></div><div><font face=""Arial, Verdana""><span style=""font-size: 13.3333330154419px;"">6. Supports MP3/WMA music format</span></font></div><div><font face=""Arial, Verdana""><span style=""font-size: 13.3333330154419px;"">7. Supports automatic power-off memory function</span></font></div><div><font face=""Arial, Verdana""><span style=""font-size: 13.3333330154419px;"">8. With power off switch(USB direct connect)</span></font></div><div><font face=""Arial, Verdana""><span style=""font-size: 13.3333330154419px;"">9. Bluetooth answer,hang up,reject,redial calls etc.</span></font></div><div><font face=""Arial, Verdana""><span style=""font-size: 13.3333330154419px;"">10. Bluetooth stereo music play</span></font></div><div><font face=""Arial, Verdana""><span style=""font-size: 13.3333330154419px;"">11. Echo cancellation and noise suppression (CVC) technology</span></font></div><div><font face=""Arial, Verdana""><span style=""font-size: 13.3333330154419px;"">12. Support listening Cell phone&#39;s music and answering calls via bluetooth</span></font></div><div><font face=""Arial, Verdana""><span style=""font-size: 13.3333330154419px;"">&nbsp;</span></font></div><div><font face=""Arial, Verdana""><span style=""font-size: 13.3333330154419px;"">Specification:</span></font></div><div><font face=""Arial, Verdana""><span style=""font-size: 13.3333330154419px;"">1. Frequency Response:20Hz-15Khz</span></font></div><div><font face=""Arial, Verdana""><span style=""font-size: 13.3333330154419px;"">2. FM Transmitter Frequency: 87.5-108Mhz</span></font></div><div><font face=""Arial, Verdana""><span style=""font-size: 13.3333330154419px;"">3. Supported Format: MP3, WMA</span></font></div><div><font face=""Arial, Verdana""><span style=""font-size: 13.3333330154419px;"">4. Rated Operating Voltage:12 V</span></font></div><div><font face=""Arial, Verdana""><span style=""font-size: 13.3333330154419px;"">5. Ultimate Operating Voltage: 9-26 V</span></font></div><div><font face=""Arial, Verdana""><span style=""font-size: 13.3333330154419px;"">6. SNR Ratio &gt; 60dB</span></font></div><div><font face=""Arial, Verdana""><span style=""font-size: 13.3333330154419px;"">7. Left/ Right Channel Separation &gt; 60dB</span></font></div><div><font face=""Arial, Verdana""><span style=""font-size: 13.3333330154419px;"">8. Bluetooth Version: 2.0</span></font></div><div><font face=""Arial, Verdana""><span style=""font-size: 13.3333330154419px;"">9. Bluetooth Transmission Distance: 10-15 meters</span></font></div><div><font face=""Arial, Verdana""><span style=""font-size: 13.3333330154419px;"">10.Color:Gold</span></font></div><div><span style=""font-size: 13.3333330154419px; font-family: Arial, Verdana;"">&nbsp;</span></div><div><font face=""Arial, Verdana""><span style=""font-size: 13.3333330154419px;"">Package Content:</span></font></div><div><font face=""Arial, Verdana""><span style=""font-size: 13.3333330154419px;"">&nbsp;</span></font></div><div><font face=""Arial, Verdana""><span style=""font-size: 13.3333330154419px;"">1 x Car Kit Bluetooth FM Transmitter(Gold)</span></font></div><div><font face=""Arial, Verdana""><span style=""font-size: 13.3333330154419px;"">1 x User Manual</span></font></div><div><font face=""Arial, Verdana""><span style=""font-size: 13.3333330154419px;"">1 xAudio Line</span></font></div>
Compatible with: All Vehicles
Accessory Type: FM Transmitter Modulator"
Electronics,Car Audio & Video Accessories,2724334967911,2724334967911,Enable,NIA Collapsible MRH-8809 Micro SD/FM Stereo Radio/MP3 Player Headphones With MIC (PINK),0,0,Bluedio,1000,65,65,65,65,65,"NIA Collapsible MRH-8809 Micro SD/FM Stereo Radio/MP3 Player Headphones With MIC (PINK)
Type:Car Accessories","NIA Collapsible MRH-8809 Micro SD/FM Stereo Radio/MP3 Player Headphones With MIC (PINK)
Type:Car Accessories"
Electronics,Car Audio & Video Accessories,2724334968666,2724334968666,Enable,NIA Collapsible Bluetooth Micro SD/FM Stereo Radio/MP3 Player Headphone With Mic (BLACK),0,0,Bluedio,1000,59,59,59,59,59,"NIA Collapsible Bluetooth Micro SD/FM Stereo Radio/MP3 Player Headphone With Mic (BLACK)
Type:Car Accessories","NIA Collapsible Bluetooth Micro SD/FM Stereo Radio/MP3 Player Headphone With Mic (BLACK)
Type:Car Accessories"
Electronics,Headphones & Headsets,2724334974421,2724334974421,Enable,Bluetooth headphone wireless headphones with microphone in ear headphones Nia For Samsung Iphone 6S,0,0,NIA,1000,65,65,65,65,65,"<font face=""Arial, Verdana""><span style=""font-size: 13.3333330154419px;"">Origina ROMIX Q8 4.0 Bluetooth Headphone Wireless Earphone Sport Headsets Handsfree Earphone Support TF Card,FM Radio With Box</span></font>","<font face=""Arial, Verdana""><span style=""font-size: 13.3333330154419px;"">Origina ROMIX Q8 4.0 Bluetooth Headphone Wireless Earphone Sport Headsets Handsfree Earphone Support TF Card,FM Radio With Box</span></font>
Compatible with #5705All
Type #5935On Ear"
Electronics,Mobile Accessories,2724335039266,2724335039266,Enable,"1byone Universal Air Vent Powerful Magnetic Car Mount Holder for iPhone, Samsung, Black",0,0,1 By One,1000,29,29,29,29,29,"<br><div><li style=""font-size: 13.3333px;"">        .</li><li style=""font-size: 13.3333px;""><span id=""result_box"" class="""" lang=""ar""><span class=""""></span>&nbsp;&nbsp;<span class="""">  </span>.</span></li><li style=""font-size: 13.3333px;""><span id=""result_box"" class="""" lang=""ar""> &nbsp;&nbsp; &nbsp; &nbsp;&nbsp;</span></li><li style=""font-size: 13.3333px;"">                .</li><li style=""font-size: 13.3333px;""><span id=""result_box"" class="""" lang=""ar"">   &nbsp;<span class=""""> </span>&nbsp; .</span></li></div>","<br><div><li style=""font-size: 13.3333px;"">        .</li><li style=""font-size: 13.3333px;""><span id=""result_box"" class="""" lang=""ar""><span class=""""></span>&nbsp;&nbsp;<span class="""">  </span>.</span></li><li style=""font-size: 13.3333px;""><span id=""result_box"" class="""" lang=""ar""> &nbsp;&nbsp; &nbsp; &nbsp;&nbsp;</span></li><li style=""font-size: 13.3333px;"">                .</li><li style=""font-size: 13.3333px;""><span id=""result_box"" class="""" lang=""ar"">   &nbsp;<span class=""""> </span>&nbsp; .</span></li></div>
Mobile Accessory Type: Mounts & Holders
Compatible with: Multi"
Electronics,Mobile Accessories,2724335076322,2724335076322,Enable,Wireless NIA Bluetooth Headset Micro SD Player FM Radio On Ear Headphones Orange,0,0,Bluedio,1000,59,59,59,59,59,"Wireless NIA Bluetooth Headset Micro SD Player FM Radio On Ear Headphones Orange
Type:Mobile Accessories","Wireless NIA Bluetooth Headset Micro SD Player FM Radio On Ear Headphones Orange
Type:Mobile Accessories"
Electronics,Headphones & Headsets,2724335131250,2724335131250,Enable,WHITE COLOR SMALL MINI S520 BLURTOOTH HEADSET HEADPHONE IN-EAR FOR IPHONE 6 PLUS SAMSUNG SONY HP LG,0,0,Other,1000,35,35,35,35,35,"<span>WHITE COLOR SMALL MINI S520 BLURTOOTH HEADSET HEADPHONE IN-EAR FOR IPHONE 6 PLUS SAMSUNG SONY HP LG</span><span><br></span><span>4.0 SMART CHIP,EFFICIENT TRANSMISSION SPEED.</span><span>COMPACT, ULTRA LIGHT DESIGN STEREO BLUETOOTH HEADSET, PORTABLE AND EASY TO CARRY.</span><span>FIDELITY SOUND , WIRELESS SONGS ENJOY</span><span>VOICE REPORT NUMBER, LOW POWER REMIND,CONNECT/DISCONNECT REMIND,BOOT OFF PROMPTS.</span><span>ALLOWS YOU TO CONVENIENTLY ANSWER CALLS WHILE DRIVING.</span><span>SUPPORTS TWO MOBILE PHONES SIMULTANEOUSLY CONNECTED.</span><span>LONG BATTERY LIFE, FAST CHARGING.</span><span>SUPPORT WECHAT, QQ VOICE CALLS,MOVIE,</span><span>COMPATIBLE FOR ALMOST ALL THE MOBILE PHONES AND TABLET PC, ETC.</span><span>SPECIFICATION:</span><span><br></span><span>DRIVE: 40 MM</span><span>IMPEDANCE: 32 OHM</span><span>BLUETOOTH VERSION: BLUETOOTH V4.0 EDR</span><span>POWER LEVEL: CLASS II</span><span>OUTPUT POWER: 30MW</span><span>BLUETOOTH DISTANCE: 10 METERS BARRIER</span><span>FREQUENCY RESPONSE: 20-20000 HZ</span><span>OPERATING VOLTAGE RANGE: 3.0V-4.2V</span><span>MICROPHONE SENSITIVITY: -42DB</span><span>WITH A2DP / AVRCP HIGH-QUALITY STEREO AUDIO TRANSMISSION AND REMOTE CONTROL PROTOCOL</span><span>POWERFUL NOISE NOISE CANCELLATION CIRCUIT (ACTIVE NOISE REDUCTION)</span><span>WIRED AND BLUETOOTH AUTOMATICALLY SWITCH TO SUPPORT AUDIO INPUT</span><span>CHARGING TIME IS ABOUT 1 HOUR (POWER INDICATOR CHARGING: BLUE LIGHT LIGHTS, FULLY CHARGED: BLUE LIGHT GOES OUT)</span><span>DIMENSIONS: DIAMETER LENGTH 20MM. WIDTH 15MM. 18MM HIGH</span><span>TALK TIME ABOUT 4 HOURS</span><span>MUSIC FOR ABOUT 3 HOURS</span><span>THE STANDBY TIME IS ABOUT 3-4 DAYS</span><span>CHARGING POWER: DC5V POWER INTERFACE [THE HOLE] (COMPUTER USB PORT, MOBILE PHONE CHARGER, CAR CHARGER)</span><span>COMPATIBLE: COMPATIBLE WITH ANDROID, APPLE, MICROSOFT, SYMBIAN 99% OF WITH BLUETOOTH CELL PHONES(IOS CELL PHONE HAS POWER DISPLAY)</span><span>COLOR: WHITE</span>","<span>WHITE COLOR SMALL MINI S520 BLURTOOTH HEADSET HEADPHONE IN-EAR FOR IPHONE 6 PLUS SAMSUNG SONY HP LG</span><span><br></span><span>4.0 SMART CHIP,EFFICIENT TRANSMISSION SPEED.</span><span>COMPACT, ULTRA LIGHT DESIGN STEREO BLUETOOTH HEADSET, PORTABLE AND EASY TO CARRY.</span><span>FIDELITY SOUND , WIRELESS SONGS ENJOY</span><span>VOICE REPORT NUMBER, LOW POWER REMIND,CONNECT/DISCONNECT REMIND,BOOT OFF PROMPTS.</span><span>ALLOWS YOU TO CONVENIENTLY ANSWER CALLS WHILE DRIVING.</span><span>SUPPORTS TWO MOBILE PHONES SIMULTANEOUSLY CONNECTED.</span><span>LONG BATTERY LIFE, FAST CHARGING.</span><span>SUPPORT WECHAT, QQ VOICE CALLS,MOVIE,</span><span>COMPATIBLE FOR ALMOST ALL THE MOBILE PHONES AND TABLET PC, ETC.</span><span>SPECIFICATION:</span><span><br></span><span>DRIVE: 40 MM</span><span>IMPEDANCE: 32 OHM</span><span>BLUETOOTH VERSION: BLUETOOTH V4.0 EDR</span><span>POWER LEVEL: CLASS II</span><span>OUTPUT POWER: 30MW</span><span>BLUETOOTH DISTANCE: 10 METERS BARRIER</span><span>FREQUENCY RESPONSE: 20-20000 HZ</span><span>OPERATING VOLTAGE RANGE: 3.0V-4.2V</span><span>MICROPHONE SENSITIVITY: -42DB</span><span>WITH A2DP / AVRCP HIGH-QUALITY STEREO AUDIO TRANSMISSION AND REMOTE CONTROL PROTOCOL</span><span>POWERFUL NOISE NOISE CANCELLATION CIRCUIT (ACTIVE NOISE REDUCTION)</span><span>WIRED AND BLUETOOTH AUTOMATICALLY SWITCH TO SUPPORT AUDIO INPUT</span><span>CHARGING TIME IS ABOUT 1 HOUR (POWER INDICATOR CHARGING: BLUE LIGHT LIGHTS, FULLY CHARGED: BLUE LIGHT GOES OUT)</span><span>DIMENSIONS: DIAMETER LENGTH 20MM. WIDTH 15MM. 18MM HIGH</span><span>TALK TIME ABOUT 4 HOURS</span><span>MUSIC FOR ABOUT 3 HOURS</span><span>THE STANDBY TIME IS ABOUT 3-4 DAYS</span><span>CHARGING POWER: DC5V POWER INTERFACE [THE HOLE] (COMPUTER USB PORT, MOBILE PHONE CHARGER, CAR CHARGER)</span><span>COMPATIBLE: COMPATIBLE WITH ANDROID, APPLE, MICROSOFT, SYMBIAN 99% OF WITH BLUETOOTH CELL PHONES(IOS CELL PHONE HAS POWER DISPLAY)</span><span>COLOR: WHITE</span>
Compatible with: All
Type: In Ear"
Electronics,Headphones & Headsets,2724335131977,2724335131977,Enable,Wireless Bluetooth Headset Handsfree Earphone Mic For iPhone 6 6 6S Plus Samsung S7 Note 5 (Golden),0,0,Other,1000,44,44,44,44,44,"Product Features
<br><br>   
<br><br>
<br>Color: Golden<br>
<br><b>Size (LWH):</b> 1.02 inches, 0.65 inches, 0.59 inches<ul><li><b>Minimum Rated Talk Time:</b> 3 hours</li><li><b>Minimum Rated Standby Time:</b> 120 hours</li><li><b>Battery Type:</b> Lithium Ion</li></ul><p><b>Tips:</b> <br> <br> 1. Pairing :If you can&#39;t pair the Bluetooth with 
<br><br>your phone , please make sure this headset has been going into pairing 
<br><br>mode. (Turn the Bluetooth on and keep press the function key until the 
<br><br>LED light flashing Red and Blue). <br> <br> 2.Connecting: If your phone 
<br><br>can&#39;t search the bluetooth, please kindly try to restart your phone. If 
<br><br>you can&#39;t pair it, please feel free to contact us. We will try our best 
<br><br>to help you. <br> <br> 3. Quantity : This mini earbud is just one earbud for your right or left ear. Not a pair. <br> <br>
<br><br> 4. Size : The size of this Bluetooth is derived from the test date of 
<br><br>our engineers. It can be suitable most person&#39;s ear. Please kindly 
<br><br>understand it could be not suitable for you completely. We will be much 
<br><br>appreciate if you would like to contact us when you find the earphone is
<br><br> not fit for you. <br> <br> 5.Language Change : If you change the language by accident, please try to according to the below step to change it back : <br> 1). Power it off. <br> 2). Power it on and let go of the button before it tries to pair. <br> 3). Now the blue light is on (but not in pairing mode). <br> 4). Hold the button again for a second. The mode will then change back to English. <br> <br> <b>Package Include:</b> <br> 1. 1x earbud <br> 2. 1x instructions <br> 3. 1x USB charging cable </p>","Product Features
<br><br>   
<br><br>
<br>Color: Golden<br>
<br><b>Size (LWH):</b> 1.02 inches, 0.65 inches, 0.59 inches<ul><li><b>Minimum Rated Talk Time:</b> 3 hours</li><li><b>Minimum Rated Standby Time:</b> 120 hours</li><li><b>Battery Type:</b> Lithium Ion</li></ul><p><b>Tips:</b> <br> <br> 1. Pairing :If you can&#39;t pair the Bluetooth with 
<br><br>your phone , please make sure this headset has been going into pairing 
<br><br>mode. (Turn the Bluetooth on and keep press the function key until the 
<br><br>LED light flashing Red and Blue). <br> <br> 2.Connecting: If your phone 
<br><br>can&#39;t search the bluetooth, please kindly try to restart your phone. If 
<br><br>you can&#39;t pair it, please feel free to contact us. We will try our best 
<br><br>to help you. <br> <br> 3. Quantity : This mini earbud is just one earbud for your right or left ear. Not a pair. <br> <br>
<br><br> 4. Size : The size of this Bluetooth is derived from the test date of 
<br><br>our engineers. It can be suitable most person&#39;s ear. Please kindly 
<br><br>understand it could be not suitable for you completely. We will be much 
<br><br>appreciate if you would like to contact us when you find the earphone is
<br><br> not fit for you. <br> <br> 5.Language Change : If you change the language by accident, please try to according to the below step to change it back : <br> 1). Power it off. <br> 2). Power it on and let go of the button before it tries to pair. <br> 3). Now the blue light is on (but not in pairing mode). <br> 4). Hold the button again for a second. The mode will then change back to English. <br> <br> <b>Package Include:</b> <br> 1. 1x earbud <br> 2. 1x instructions <br> 3. 1x USB charging cable </p>
Compatible with: All
Type: In Ear"
Electronics,Headphones & Headsets,2724335176169,2724335176169,Enable,Bluetooth 4.0 Super Mini Stereo Headphone Headset Wireless Invisible for Smartphone Hands Call Music,0,0,Other,1000,31,31,31,31,31,"<span>Bluetooth4.0 Super Mini Stereo Earphone&nbsp;</span><span>This super mini earbud can provide you much convenience and make your hands free for any&nbsp;</span><span>other activities, such as driving or doing sports. So that is a nice choice for fashion people.&nbsp;</span><span><br></span><span>Features:&nbsp;</span><span>Ergonomic design and sweat proof for any hands free activity&nbsp;</span><span>Support simultaneous connection of two Bluetooth device&nbsp;</span><span>Easy to control the music or call by the button on the ear buds&nbsp;</span><span>Support voice report phone call number&nbsp;</span><span>Support Chinese and English freely switch&nbsp;</span><span>Support USB charging&nbsp;</span><span>Easy to wear and connect with your Bluetooth device&nbsp;</span><span><br></span><span>Specifications:&nbsp;</span><span>Bluetooth V4.0 EDR.&nbsp;</span><span>With CSR4.0APT-X audio decode technology&nbsp;</span><span>Effective distance: about 10M&nbsp;</span><span>Working frequency: 2.4GHz&nbsp;</span><span>Sensitivity: 105db&nbsp;</span><span>Output impedance: 16ohm±15%&nbsp;</span><span>Power: Built-in 80mAh lithium polymer battery&nbsp;</span><span>On call time: about 4hours&nbsp;</span><span>Music play time: about 3hours&nbsp;</span><span>Standby time: about 120hours&nbsp;</span><span>Dimension: approx.27x15x14mm/1.1x0.6x0.6&nbsp;</span><span>Net Weight: approx. 28g&nbsp;</span><span>Suitable for:&nbsp;</span><span>Mobile phone, tablet PC or any device with Bluetooth function.&nbsp;</span><span><br></span><span>Package Includes:&nbsp;</span><span>1 x Mini Ear bud&nbsp;</span><span>1 x USB Charging Cable&nbsp;</span><span>1 x User Manual&nbsp;</span><span>1 x Original Package</span>","<span>Bluetooth4.0 Super Mini Stereo Earphone&nbsp;</span><span>This super mini earbud can provide you much convenience and make your hands free for any&nbsp;</span><span>other activities, such as driving or doing sports. So that is a nice choice for fashion people.&nbsp;</span><span><br></span><span>Features:&nbsp;</span><span>Ergonomic design and sweat proof for any hands free activity&nbsp;</span><span>Support simultaneous connection of two Bluetooth device&nbsp;</span><span>Easy to control the music or call by the button on the ear buds&nbsp;</span><span>Support voice report phone call number&nbsp;</span><span>Support Chinese and English freely switch&nbsp;</span><span>Support USB charging&nbsp;</span><span>Easy to wear and connect with your Bluetooth device&nbsp;</span><span><br></span><span>Specifications:&nbsp;</span><span>Bluetooth V4.0 EDR.&nbsp;</span><span>With CSR4.0APT-X audio decode technology&nbsp;</span><span>Effective distance: about 10M&nbsp;</span><span>Working frequency: 2.4GHz&nbsp;</span><span>Sensitivity: 105db&nbsp;</span><span>Output impedance: 16ohm±15%&nbsp;</span><span>Power: Built-in 80mAh lithium polymer battery&nbsp;</span><span>On call time: about 4hours&nbsp;</span><span>Music play time: about 3hours&nbsp;</span><span>Standby time: about 120hours&nbsp;</span><span>Dimension: approx.27x15x14mm/1.1x0.6x0.6&nbsp;</span><span>Net Weight: approx. 28g&nbsp;</span><span>Suitable for:&nbsp;</span><span>Mobile phone, tablet PC or any device with Bluetooth function.&nbsp;</span><span><br></span><span>Package Includes:&nbsp;</span><span>1 x Mini Ear bud&nbsp;</span><span>1 x USB Charging Cable&nbsp;</span><span>1 x User Manual&nbsp;</span><span>1 x Original Package</span>
Compatible with #5705All
Type #5935In Ear"
Electronics,Headphones & Headsets,2724335403135,2724335403135,Enable,Mini Bluetooth Headset Wireless Earphone Ear Earpiece Earbuds With Microphone Smartphone Handsfree,0,0,Other,1000,33,33,33,33,33,"<div><font face=""Arial, Verdana""><span style=""font-size: 13.3333330154419px;"">Feature:</span></font></div><div><font face=""Arial, Verdana""><span style=""font-size: 13.3333330154419px;"">·The Newest bluetooth headset with lightweight and compact portable design. We are committed to the most Mini bluetooth headsets. Simple and Stylish.</span></font></div><div><font face=""Arial, Verdana""><span style=""font-size: 13.3333330154419px;"">· Built-in HD and sensitivity microphone. Ideal for in-car calling or working use. Support A2DP makes you can enjoy clear and natural sound when calling.</span></font></div><div><font face=""Arial, Verdana""><span style=""font-size: 13.3333330154419px;"">· Built-in 50 Mah polymer battery. Up to 4 hours of continuous talk time, 3.5 hours of music time. Only need to charging 2 hours. Do not over 2 hours.</span></font></div><div><font face=""Arial, Verdana""><span style=""font-size: 13.3333330154419px;"">·Pairing Instruction: Press and hold the button until the voice states Ready to pair or the LED light flashing Red and Blue. &nbsp;&nbsp;</span></font></div><div><font face=""Arial, Verdana""><span style=""font-size: 13.3333330154419px;"">&nbsp; &nbsp; &nbsp;&nbsp;</span></font></div><div><font face=""Arial, Verdana""><span style=""font-size: 13.3333330154419px;"">Specification:</span></font></div><div><font face=""Arial, Verdana""><span style=""font-size: 13.3333330154419px;"">Bluetooth version:V4.0   EDR&nbsp;</span></font></div><div><font face=""Arial, Verdana""><span style=""font-size: 13.3333330154419px;"">Bluetooth profiles:Hands free / Headset&nbsp;</span></font></div><div><font face=""Arial, Verdana""><span style=""font-size: 13.3333330154419px;"">Radio frequency:2.402-2.480GHz&nbsp;</span></font></div><div><font face=""Arial, Verdana""><span style=""font-size: 13.3333330154419px;"">Transmission power:Class2&nbsp;</span></font></div><div><font face=""Arial, Verdana""><span style=""font-size: 13.3333330154419px;"">Support A2DP:music playback (audio output: 35mW, Play / Pause)&nbsp;</span></font></div><div><font face=""Arial, Verdana""><span style=""font-size: 13.3333330154419px;"">Multi-point connections can be connected to two one with two Bluetooth devices simultaneously&nbsp;</span></font></div><div><font face=""Arial, Verdana""><span style=""font-size: 13.3333330154419px;"">Transmission range:10 m&nbsp;</span></font></div><div><font face=""Arial, Verdana""><span style=""font-size: 13.3333330154419px;"">Charging Power: AC input 110-240V DC output 5V (charging time / about 2 hours / charging voltage 3.7v) 4 hours talk time (music playback 3 hours / standby time 120 hours / working current &lt;15mA)&nbsp;</span></font></div><div><font face=""Arial, Verdana""><span style=""font-size: 13.3333330154419px;"">Intelligent voice prompts prompted the state of equipment / to cable Noise</span></font></div><div><font face=""Arial, Verdana""><span style=""font-size: 13.3333330154419px;"">Battery type: 50mA rechargeable lithium battery</span></font></div>","<div><font face=""Arial, Verdana""><span style=""font-size: 13.3333330154419px;"">Feature:</span></font></div><div><font face=""Arial, Verdana""><span style=""font-size: 13.3333330154419px;"">·The Newest bluetooth headset with lightweight and compact portable design. We are committed to the most Mini bluetooth headsets. Simple and Stylish.</span></font></div><div><font face=""Arial, Verdana""><span style=""font-size: 13.3333330154419px;"">· Built-in HD and sensitivity microphone. Ideal for in-car calling or working use. Support A2DP makes you can enjoy clear and natural sound when calling.</span></font></div><div><font face=""Arial, Verdana""><span style=""font-size: 13.3333330154419px;"">· Built-in 50 Mah polymer battery. Up to 4 hours of continuous talk time, 3.5 hours of music time. Only need to charging 2 hours. Do not over 2 hours.</span></font></div><div><font face=""Arial, Verdana""><span style=""font-size: 13.3333330154419px;"">·Pairing Instruction: Press and hold the button until the voice states Ready to pair or the LED light flashing Red and Blue. &nbsp;&nbsp;</span></font></div><div><font face=""Arial, Verdana""><span style=""font-size: 13.3333330154419px;"">&nbsp; &nbsp; &nbsp;&nbsp;</span></font></div><div><font face=""Arial, Verdana""><span style=""font-size: 13.3333330154419px;"">Specification:</span></font></div><div><font face=""Arial, Verdana""><span style=""font-size: 13.3333330154419px;"">Bluetooth version:V4.0   EDR&nbsp;</span></font></div><div><font face=""Arial, Verdana""><span style=""font-size: 13.3333330154419px;"">Bluetooth profiles:Hands free / Headset&nbsp;</span></font></div><div><font face=""Arial, Verdana""><span style=""font-size: 13.3333330154419px;"">Radio frequency:2.402-2.480GHz&nbsp;</span></font></div><div><font face=""Arial, Verdana""><span style=""font-size: 13.3333330154419px;"">Transmission power:Class2&nbsp;</span></font></div><div><font face=""Arial, Verdana""><span style=""font-size: 13.3333330154419px;"">Support A2DP:music playback (audio output: 35mW, Play / Pause)&nbsp;</span></font></div><div><font face=""Arial, Verdana""><span style=""font-size: 13.3333330154419px;"">Multi-point connections can be connected to two one with two Bluetooth devices simultaneously&nbsp;</span></font></div><div><font face=""Arial, Verdana""><span style=""font-size: 13.3333330154419px;"">Transmission range:10 m&nbsp;</span></font></div><div><font face=""Arial, Verdana""><span style=""font-size: 13.3333330154419px;"">Charging Power: AC input 110-240V DC output 5V (charging time / about 2 hours / charging voltage 3.7v) 4 hours talk time (music playback 3 hours / standby time 120 hours / working current &lt;15mA)&nbsp;</span></font></div><div><font face=""Arial, Verdana""><span style=""font-size: 13.3333330154419px;"">Intelligent voice prompts prompted the state of equipment / to cable Noise</span></font></div><div><font face=""Arial, Verdana""><span style=""font-size: 13.3333330154419px;"">Battery type: 50mA rechargeable lithium battery</span></font></div>
Compatible with #5705All
Type #5935In Ear"
Electronics,Headphones & Headsets,2724335414025,2724335414025,Enable,Mini Bluetooth 4.0 Wireless Headset Earphone Headphones for Samsung J1 J5 A3 S5 iPhone6 6s 6 Plus Q,0,0,Other,1000,59,59,59,59,59,"<div><font face=""Arial, Verdana""><span style=""font-size: 13.3333330154419px;"">Specifications:</span></font></div><div><font face=""Arial, Verdana""><span style=""font-size: 13.3333330154419px;""><br></span></font></div><div><font face=""Arial, Verdana""><span style=""font-size: 13.3333330154419px;"">&nbsp; &nbsp; &nbsp; &nbsp; Bluetooth Version: V4.0 EDR. Compatible V3.1 V2.1,V2.1,V1.1</span></font></div><div><font face=""Arial, Verdana""><span style=""font-size: 13.3333330154419px;""><br></span></font></div><div><font face=""Arial, Verdana""><span style=""font-size: 13.3333330154419px;"">&nbsp; &nbsp; &nbsp; &nbsp; Frequency range: 2.4GHz</span></font></div><div><font face=""Arial, Verdana""><span style=""font-size: 13.3333330154419px;""><br></span></font></div><div><font face=""Arial, Verdana""><span style=""font-size: 13.3333330154419px;"">&nbsp; &nbsp; &nbsp; &nbsp; Transmission power: Class 2</span></font></div><div><font face=""Arial, Verdana""><span style=""font-size: 13.3333330154419px;""><br></span></font></div><div><font face=""Arial, Verdana""><span style=""font-size: 13.3333330154419px;"">&nbsp; &nbsp; &nbsp; &nbsp; Transmission range: 10 M</span></font></div><div><font face=""Arial, Verdana""><span style=""font-size: 13.3333330154419px;""><br></span></font></div><div><font face=""Arial, Verdana""><span style=""font-size: 13.3333330154419px;"">&nbsp; &nbsp; &nbsp; &nbsp; File Format: A2DP music player, headset and hands free format</span></font></div><div><font face=""Arial, Verdana""><span style=""font-size: 13.3333330154419px;""><br></span></font></div><div><font face=""Arial, Verdana""><span style=""font-size: 13.3333330154419px;"">&nbsp; &nbsp; &nbsp; &nbsp; Channel: Support monaural mode and extended headset mode</span></font></div><div><font face=""Arial, Verdana""><span style=""font-size: 13.3333330154419px;""><br></span></font></div><div><font face=""Arial, Verdana""><span style=""font-size: 13.3333330154419px;"">&nbsp; &nbsp; &nbsp; &nbsp; Suitable models:Universal,Android &amp; Ios With Bluetooth Phone</span></font></div><div><font face=""Arial, Verdana""><span style=""font-size: 13.3333330154419px;""><br></span></font></div><div><font face=""Arial, Verdana""><span style=""font-size: 13.3333330154419px;"">&nbsp; &nbsp; &nbsp; &nbsp; Talk time: 3~5 hrs</span></font></div><div><font face=""Arial, Verdana""><span style=""font-size: 13.3333330154419px;""><br></span></font></div><div><font face=""Arial, Verdana""><span style=""font-size: 13.3333330154419px;"">&nbsp; &nbsp; &nbsp; &nbsp; Standby time: 120 hours</span></font></div><div><font face=""Arial, Verdana""><span style=""font-size: 13.3333330154419px;""><br></span></font></div><div><font face=""Arial, Verdana""><span style=""font-size: 13.3333330154419px;"">&nbsp; &nbsp; &nbsp; &nbsp; Color: ,Black,</span></font></div><div><font face=""Arial, Verdana""><span style=""font-size: 13.3333330154419px;""><br></span></font></div><div><font face=""Arial, Verdana""><span style=""font-size: 13.3333330154419px;"">&nbsp; &nbsp; &nbsp; &nbsp; Package</span></font></div><div><font face=""Arial, Verdana""><span style=""font-size: 13.3333330154419px;"">&nbsp; &nbsp; &nbsp; &nbsp;&nbsp;</span></font></div><div><font face=""Arial, Verdana""><span style=""font-size: 13.3333330154419px;"">&nbsp; &nbsp; &nbsp; &nbsp; 1 * Earphone</span></font></div><div><font face=""Arial, Verdana""><span style=""font-size: 13.3333330154419px;"">&nbsp; &nbsp; &nbsp; &nbsp; 1 * charging cable</span></font></div>","<div><font face=""Arial, Verdana""><span style=""font-size: 13.3333330154419px;"">Specifications:</span></font></div><div><font face=""Arial, Verdana""><span style=""font-size: 13.3333330154419px;""><br></span></font></div><div><font face=""Arial, Verdana""><span style=""font-size: 13.3333330154419px;"">&nbsp; &nbsp; &nbsp; &nbsp; Bluetooth Version: V4.0 EDR. Compatible V3.1 V2.1,V2.1,V1.1</span></font></div><div><font face=""Arial, Verdana""><span style=""font-size: 13.3333330154419px;""><br></span></font></div><div><font face=""Arial, Verdana""><span style=""font-size: 13.3333330154419px;"">&nbsp; &nbsp; &nbsp; &nbsp; Frequency range: 2.4GHz</span></font></div><div><font face=""Arial, Verdana""><span style=""font-size: 13.3333330154419px;""><br></span></font></div><div><font face=""Arial, Verdana""><span style=""font-size: 13.3333330154419px;"">&nbsp; &nbsp; &nbsp; &nbsp; Transmission power: Class 2</span></font></div><div><font face=""Arial, Verdana""><span style=""font-size: 13.3333330154419px;""><br></span></font></div><div><font face=""Arial, Verdana""><span style=""font-size: 13.3333330154419px;"">&nbsp; &nbsp; &nbsp; &nbsp; Transmission range: 10 M</span></font></div><div><font face=""Arial, Verdana""><span style=""font-size: 13.3333330154419px;""><br></span></font></div><div><font face=""Arial, Verdana""><span style=""font-size: 13.3333330154419px;"">&nbsp; &nbsp; &nbsp; &nbsp; File Format: A2DP music player, headset and hands free format</span></font></div><div><font face=""Arial, Verdana""><span style=""font-size: 13.3333330154419px;""><br></span></font></div><div><font face=""Arial, Verdana""><span style=""font-size: 13.3333330154419px;"">&nbsp; &nbsp; &nbsp; &nbsp; Channel: Support monaural mode and extended headset mode</span></font></div><div><font face=""Arial, Verdana""><span style=""font-size: 13.3333330154419px;""><br></span></font></div><div><font face=""Arial, Verdana""><span style=""font-size: 13.3333330154419px;"">&nbsp; &nbsp; &nbsp; &nbsp; Suitable models:Universal,Android &amp; Ios With Bluetooth Phone</span></font></div><div><font face=""Arial, Verdana""><span style=""font-size: 13.3333330154419px;""><br></span></font></div><div><font face=""Arial, Verdana""><span style=""font-size: 13.3333330154419px;"">&nbsp; &nbsp; &nbsp; &nbsp; Talk time: 3~5 hrs</span></font></div><div><font face=""Arial, Verdana""><span style=""font-size: 13.3333330154419px;""><br></span></font></div><div><font face=""Arial, Verdana""><span style=""font-size: 13.3333330154419px;"">&nbsp; &nbsp; &nbsp; &nbsp; Standby time: 120 hours</span></font></div><div><font face=""Arial, Verdana""><span style=""font-size: 13.3333330154419px;""><br></span></font></div><div><font face=""Arial, Verdana""><span style=""font-size: 13.3333330154419px;"">&nbsp; &nbsp; &nbsp; &nbsp; Color: ,Black,</span></font></div><div><font face=""Arial, Verdana""><span style=""font-size: 13.3333330154419px;""><br></span></font></div><div><font face=""Arial, Verdana""><span style=""font-size: 13.3333330154419px;"">&nbsp; &nbsp; &nbsp; &nbsp; Package</span></font></div><div><font face=""Arial, Verdana""><span style=""font-size: 13.3333330154419px;"">&nbsp; &nbsp; &nbsp; &nbsp;&nbsp;</span></font></div><div><font face=""Arial, Verdana""><span style=""font-size: 13.3333330154419px;"">&nbsp; &nbsp; &nbsp; &nbsp; 1 * Earphone</span></font></div><div><font face=""Arial, Verdana""><span style=""font-size: 13.3333330154419px;"">&nbsp; &nbsp; &nbsp; &nbsp; 1 * charging cable</span></font></div>
Compatible with #5705All
Type #5935In Ear"
Electronics,Headphones & Headsets,2724335577867,2724335577867,Enable,Inviting Mini Wireless Bluetooth 4.0 Stereo In-Ear Headset Earphone Earpiece For iPhone Samsung,0,0,Other,1000,35,35,35,35,35,"<span>SPECIFICATIONS:4.0 SMART CHIP, EFFICIENT TRANSMISSION SPEED.COMPACT, ULTRA LIGHT DESIGN STEREO BLUETOOTH HEADSET, PORTABLE AND EASY TO CARRY.HIGH-FIDELITY SOUND QUALITY, WIRELESS SONGS ENJOY.VOICE REPORT NUMBER, LOW POWER REMIND, CONNECT/DISCONNECT REMIND, BOOT OFF PROMPTS.ALLOWS YOU TO CONVENIENTLY ANSWER CALLS WHILE DRIVING.SUPPORTS TWO MOBILE PHONES SIMULTANEOUSLY CONNECTED.LONG BATTERY LIFE, FAST CHARGING.SUPPORT FOR WECHAT, QQ VOICE CALLS, MOVIE.COMPATIBLE FOR ALMOST ALL THE MOBILE PHONES AND TABLET PC, ETC.WITH A2DP/AVRCP HIGH-QUALITY STEREO AUDIO TRANSMISSION AND REMOTE CONTROL PROTOCOL.POWERFUL NOISE CANCELLATION CIRCUIT.(ACTIVE NOISE REDUCTION.)WIRED AND BLUETOOTH AUTOMATICALLY SWITCH TO SUPPORT AUDIO INPUT.CHARGING TIME IS ABOUT 1 HOUR.(POWER INDICATOR CHARGING: BLUE LIGHT LIGHTS, FULLY CHARGED: BLUE LIGHT GOES OUT.) TYPE: BLUETOOTH WIRELESS EARPHONESOUND TRACK: STEREOIMPEDANCE: 32 OHMEARPIECE: SINGLETRANSMISSION RANGE: 10MFIT DESIGN: IN-EAR ONLYCOMPATIBLE BRAND: UNIVERSALBATTERY CAPACITY: 50MAHEARPIECE DESIGN: EARBUD (IN EAR)MATERIAL: HIGH TECHNOLOGY PVCBLUETOOTH VERSION: BLUETOOTH V4.0 EDRPOWER LEVEL: CLASS IIOUTPUT POWER: 30MWBLUETOOTH DISTANCE: 10 METERS BARRIERFREQUENCY RESPONSE: 20-20000 HZOPERATING VOLTAGE RANGE: 3.0V-4.2VMICROPHONE SENSITIVITY: -42DBPLAY TIME: ABOUT 4 – 5 HOURSCHARGING POWER: DC5V POWER INTERFACE [THE HOLE] (COMPUTER USB PORT, MOBILE PHONE CHARGER, CAR CHARGER.)COMPATIBLE: FOR ANDROID, APPLE, MICROSOFT, SYMBIAN 99% OF WITH BLUETOOTH CELL PHONES(IOS CELL PHONE HAS POWER DISPLAY)SIZE(DIA X W X H): 20MM X 15MM X 18MM/0.79 X 0.59 X 0.71 (APPEOX.) &nbsp;PACKAGE INCLUDES: 1 X WIRELESS BLUETOOTH HEADSET (WITH BUILT-IN RECHARGEABLE LI-ION BATTERY)1 X USB CHARGING CABLE1 X USER MANUAL</span><span>Read less</span>","<span>SPECIFICATIONS:4.0 SMART CHIP, EFFICIENT TRANSMISSION SPEED.COMPACT, ULTRA LIGHT DESIGN STEREO BLUETOOTH HEADSET, PORTABLE AND EASY TO CARRY.HIGH-FIDELITY SOUND QUALITY, WIRELESS SONGS ENJOY.VOICE REPORT NUMBER, LOW POWER REMIND, CONNECT/DISCONNECT REMIND, BOOT OFF PROMPTS.ALLOWS YOU TO CONVENIENTLY ANSWER CALLS WHILE DRIVING.SUPPORTS TWO MOBILE PHONES SIMULTANEOUSLY CONNECTED.LONG BATTERY LIFE, FAST CHARGING.SUPPORT FOR WECHAT, QQ VOICE CALLS, MOVIE.COMPATIBLE FOR ALMOST ALL THE MOBILE PHONES AND TABLET PC, ETC.WITH A2DP/AVRCP HIGH-QUALITY STEREO AUDIO TRANSMISSION AND REMOTE CONTROL PROTOCOL.POWERFUL NOISE CANCELLATION CIRCUIT.(ACTIVE NOISE REDUCTION.)WIRED AND BLUETOOTH AUTOMATICALLY SWITCH TO SUPPORT AUDIO INPUT.CHARGING TIME IS ABOUT 1 HOUR.(POWER INDICATOR CHARGING: BLUE LIGHT LIGHTS, FULLY CHARGED: BLUE LIGHT GOES OUT.) TYPE: BLUETOOTH WIRELESS EARPHONESOUND TRACK: STEREOIMPEDANCE: 32 OHMEARPIECE: SINGLETRANSMISSION RANGE: 10MFIT DESIGN: IN-EAR ONLYCOMPATIBLE BRAND: UNIVERSALBATTERY CAPACITY: 50MAHEARPIECE DESIGN: EARBUD (IN EAR)MATERIAL: HIGH TECHNOLOGY PVCBLUETOOTH VERSION: BLUETOOTH V4.0 EDRPOWER LEVEL: CLASS IIOUTPUT POWER: 30MWBLUETOOTH DISTANCE: 10 METERS BARRIERFREQUENCY RESPONSE: 20-20000 HZOPERATING VOLTAGE RANGE: 3.0V-4.2VMICROPHONE SENSITIVITY: -42DBPLAY TIME: ABOUT 4 – 5 HOURSCHARGING POWER: DC5V POWER INTERFACE [THE HOLE] (COMPUTER USB PORT, MOBILE PHONE CHARGER, CAR CHARGER.)COMPATIBLE: FOR ANDROID, APPLE, MICROSOFT, SYMBIAN 99% OF WITH BLUETOOTH CELL PHONES(IOS CELL PHONE HAS POWER DISPLAY)SIZE(DIA X W X H): 20MM X 15MM X 18MM/0.79 X 0.59 X 0.71 (APPEOX.) &nbsp;PACKAGE INCLUDES: 1 X WIRELESS BLUETOOTH HEADSET (WITH BUILT-IN RECHARGEABLE LI-ION BATTERY)1 X USB CHARGING CABLE1 X USER MANUAL</span><span>Read less</span>
Compatible with #5705Mobile Phones
Type #5935In Ear"
Electronics,Mobile Accessories,2724336178407,2724336178407,Enable,12X OPTICAL ZOOM MOBILE PHONE TELEPHOTO LENS,0,0,Other,1000,99,99,99,99,99,"<ul style=""box-sizing: border-box; list-style-position: inside; margin: 0px 0px 0px 1.42857rem; padding: 0px;""><li style=""box-sizing: border-box; margin: 0px; padding: 0px; list-style: inherit !important;"">Metal shell, tough, durable and wear resistant</li><li style=""box-sizing: border-box; margin: 0px; padding: 0px; list-style: inherit !important;"">Add 12X optical magnification to your built-in phone camera</li><li style=""box-sizing: border-box; margin: 0px; padding: 0px; list-style: inherit !important;"">With micro manual focus adjustment, enlarges the capacity of cellphone camera shooting ability</li><li style=""box-sizing: border-box; margin: 0px; padding: 0px; list-style: inherit !important;"">Detachable back plastic case provides good protection with full access to all functions</li><li style=""box-sizing: border-box; margin: 0px; padding: 0px; list-style: inherit !important;"">Tripod is also included for better stability, no shaking</li><li style=""box-sizing: border-box; margin: 0px; padding: 0px; list-style: inherit !important;"">Specially designed for Apple iPhone 6 Plus</li><li style=""box-sizing: border-box; margin: 0px; padding: 0px; list-style: inherit !important;"">Specification:</li><li style=""box-sizing: border-box; margin: 0px; padding: 0px; list-style: inherit !important;"">Magnification: 12X</li><li style=""box-sizing: border-box; margin: 0px; padding: 0px; list-style: inherit !important;"">Angle of view: 80°</li><li style=""box-sizing: border-box; margin: 0px; padding: 0px; list-style: inherit !important;"">Field view: 246M</li><li style=""box-sizing: border-box; margin: 0px; padding: 0px; list-style: inherit !important;"">Minimum focus distance: 3M</li><li style=""box-sizing: border-box; margin: 0px; padding: 0px; list-style: inherit !important;"">Telescope size: about 35 x 97mm</li><li style=""box-sizing: border-box; margin: 0px; padding: 0px; list-style: inherit !important;"">&nbsp;Suitable for iPhone, tablet PC, Samsung, Sony, Minolta, mobile phone.</li></ul>","<ul style=""box-sizing: border-box; list-style-position: inside; margin: 0px 0px 0px 1.42857rem; padding: 0px;""><li style=""box-sizing: border-box; margin: 0px; padding: 0px; list-style: inherit !important;"">Metal shell, tough, durable and wear resistant</li><li style=""box-sizing: border-box; margin: 0px; padding: 0px; list-style: inherit !important;"">Add 12X optical magnification to your built-in phone camera</li><li style=""box-sizing: border-box; margin: 0px; padding: 0px; list-style: inherit !important;"">With micro manual focus adjustment, enlarges the capacity of cellphone camera shooting ability</li><li style=""box-sizing: border-box; margin: 0px; padding: 0px; list-style: inherit !important;"">Detachable back plastic case provides good protection with full access to all functions</li><li style=""box-sizing: border-box; margin: 0px; padding: 0px; list-style: inherit !important;"">Tripod is also included for better stability, no shaking</li><li style=""box-sizing: border-box; margin: 0px; padding: 0px; list-style: inherit !important;"">Specially designed for Apple iPhone 6 Plus</li><li style=""box-sizing: border-box; margin: 0px; padding: 0px; list-style: inherit !important;"">Specification:</li><li style=""box-sizing: border-box; margin: 0px; padding: 0px; list-style: inherit !important;"">Magnification: 12X</li><li style=""box-sizing: border-box; margin: 0px; padding: 0px; list-style: inherit !important;"">Angle of view: 80°</li><li style=""box-sizing: border-box; margin: 0px; padding: 0px; list-style: inherit !important;"">Field view: 246M</li><li style=""box-sizing: border-box; margin: 0px; padding: 0px; list-style: inherit !important;"">Minimum focus distance: 3M</li><li style=""box-sizing: border-box; margin: 0px; padding: 0px; list-style: inherit !important;"">Telescope size: about 35 x 97mm</li><li style=""box-sizing: border-box; margin: 0px; padding: 0px; list-style: inherit !important;"">&nbsp;Suitable for iPhone, tablet PC, Samsung, Sony, Minolta, mobile phone.</li></ul>
Mobile Accessory Type: Mobile Phone Lens
Compatible with: Apple"
Electronics,Headphones & Headsets,2724336396597,2724336396597,Enable,Black Bluedio T2 Foldable Bluetooth V4.1 EDR Wireless Stereo Headphones Headsets For Samsung Iphone,0,0,Bluedio,1000,129,129,129,129,129,"<span>Enjoy your hands free calls and music:</span><span>This foldable style Bluedio T2 wireless Bluetooth hands free headset provides you a feeling of quiet and comfortable listening experience. Specially designed with in-ear style, Bluedio T2 gives you ultimate comfort and fit. Characterized by stylish design , you will be cool and trendy once wearing it. Enjoy your hands free calls. You can have a long talk with your friends without disturbing normal action. It is so compact and portable that you can carry and use it anywhere anytime.</span><span><br></span><span>Main Features:</span><span>Bluetooth: V4.1   EDR</span><span>lightweight body allows you to wear more comfortable</span><span>It has built-in battery</span><span>Compatible with various brands of Bluetooth phones and Bluetooth notebooks, tablet PCs, MID, etc.</span><span>&nbsp;</span><span>Brand: Bluedio</span><span>Model : Bluedio T2</span><span>Color : &nbsp;Black</span><span>Wearing type : Headband</span><span>Feature: Wireless Headphone</span><span>Function : Microphone, Answering phone, Bluetooth</span><span>Connectivity : Wireless</span><span>Connecting interface : Micro USB</span><span>Application : Sport, Mobile Phone</span><span>Power supply: Built-in rechargeable battery</span><span>Working time: 45 hours</span><span>Bluetooth: Yes</span><span>Bluetooth version: V4.1</span><span>Bluetooth mode: Hands free, Headset</span><span>Package weight: 0.536 kg</span><span>Product size (L x W x H) : 18.6 x 8.5 x 20 cm / 7.3 x 3.3 x 7.8 inches</span><span>Package size (L x W x H) : 21 x 22 x 9 cm</span><span>Package contents:</span><span>1 x Bluetooth Earphone</span><span>1 x USB Cable</span><span>1 x Audio Cable</span><span>1 x English / Chinese User Manual</span>","<span>Enjoy your hands free calls and music:</span><span>This foldable style Bluedio T2 wireless Bluetooth hands free headset provides you a feeling of quiet and comfortable listening experience. Specially designed with in-ear style, Bluedio T2 gives you ultimate comfort and fit. Characterized by stylish design , you will be cool and trendy once wearing it. Enjoy your hands free calls. You can have a long talk with your friends without disturbing normal action. It is so compact and portable that you can carry and use it anywhere anytime.</span><span><br></span><span>Main Features:</span><span>Bluetooth: V4.1   EDR</span><span>lightweight body allows you to wear more comfortable</span><span>It has built-in battery</span><span>Compatible with various brands of Bluetooth phones and Bluetooth notebooks, tablet PCs, MID, etc.</span><span>&nbsp;</span><span>Brand: Bluedio</span><span>Model : Bluedio T2</span><span>Color : &nbsp;Black</span><span>Wearing type : Headband</span><span>Feature: Wireless Headphone</span><span>Function : Microphone, Answering phone, Bluetooth</span><span>Connectivity : Wireless</span><span>Connecting interface : Micro USB</span><span>Application : Sport, Mobile Phone</span><span>Power supply: Built-in rechargeable battery</span><span>Working time: 45 hours</span><span>Bluetooth: Yes</span><span>Bluetooth version: V4.1</span><span>Bluetooth mode: Hands free, Headset</span><span>Package weight: 0.536 kg</span><span>Product size (L x W x H) : 18.6 x 8.5 x 20 cm / 7.3 x 3.3 x 7.8 inches</span><span>Package size (L x W x H) : 21 x 22 x 9 cm</span><span>Package contents:</span><span>1 x Bluetooth Earphone</span><span>1 x USB Cable</span><span>1 x Audio Cable</span><span>1 x English / Chinese User Manual</span>
Color:Black
Model Number: T2
Connectivity:Wireless
Compatible with: All
Type: Over Ear"
Electronics,Car Audio & Video Accessories,2724336444373,2724336444373,Enable,"New Wireless Bluetooth Car Kit FM Transmitter Handsfree USB TF MP3 Player,For All Kind of Vehicales",0,0,Other,1000,59,59,59,59,59,"<p style=""box-sizing: border-box; margin: 0px; padding: 0px; line-height: 1.6; font-family: Arial; font-size: 12px; text-rendering: optimizeLegibility; color: rgb(51, 51, 51); border: 0px; background-color: rgb(255, 255, 255);""><span style=""box-sizing: border-box; margin: 0px; border: 0px; font-size: 14px;""><span style=""box-sizing: border-box; margin: 0px; border: 0px; font-family: arial, helvetica, sans-serif;""><span style=""box-sizing: border-box; margin: 0px; border: 0px; font-weight: 900;"">Features:</span></span></span></p><ul style=""box-sizing: border-box; list-style: square; margin: 0px 0px 0px 20px; padding: 0px; font-family: Arial; font-size: 12px; line-height: 1.6; color: rgb(51, 51, 51); text-transform: uppercase; border: 0px; background-color: rgb(255, 255, 255);""><li style=""box-sizing: border-box; margin: 0px; padding: 0px; text-transform: none; list-style: inherit !important;""><span style=""box-sizing: border-box; margin: 0px; border: 0px; font-size: 14px;""><span style=""box-sizing: border-box; margin: 0px; border: 0px; font-family: arial, helvetica, sans-serif;"">FM transmitter</span></span></li><li style=""box-sizing: border-box; margin: 0px; padding: 0px; text-transform: none; list-style: inherit !important;""><span style=""box-sizing: border-box; margin: 0px; border: 0px; font-size: 14px;""><span style=""box-sizing: border-box; margin: 0px; border: 0px; font-family: arial, helvetica, sans-serif;"">LED display window</span></span></li><li style=""box-sizing: border-box; margin: 0px; padding: 0px; text-transform: none; list-style: inherit !important;""><span style=""box-sizing: border-box; margin: 0px; border: 0px; font-size: 14px;""><span style=""box-sizing: border-box; margin: 0px; border: 0px; font-family: arial, helvetica, sans-serif;"">LINE audio input</span></span></li><li style=""box-sizing: border-box; margin: 0px; padding: 0px; text-transform: none; list-style: inherit !important;""><span style=""box-sizing: border-box; margin: 0px; border: 0px; font-size: 14px;""><span style=""box-sizing: border-box; margin: 0px; border: 0px; font-family: arial, helvetica, sans-serif;"">Independent Bluetooth start /shutdown button</span></span></li><li style=""box-sizing: border-box; margin: 0px; padding: 0px; text-transform: none; list-style: inherit !important;""><span style=""box-sizing: border-box; margin: 0px; border: 0px; font-size: 14px;""><span style=""box-sizing: border-box; margin: 0px; border: 0px; font-family: arial, helvetica, sans-serif;"">Support playing music by USB disk</span></span></li><li style=""box-sizing: border-box; margin: 0px; padding: 0px; text-transform: none; list-style: inherit !important;""><span style=""box-sizing: border-box; margin: 0px; border: 0px; font-size: 14px;""><span style=""box-sizing: border-box; margin: 0px; border: 0px; font-family: arial, helvetica, sans-serif;"">Support MP3/WMA music format</span></span></li><li style=""box-sizing: border-box; margin: 0px; padding: 0px; text-transform: none; list-style: inherit !important;""><span style=""box-sizing: border-box; margin: 0px; border: 0px; font-size: 14px;""><span style=""box-sizing: border-box; margin: 0px; border: 0px; font-family: arial, helvetica, sans-serif;"">Answer /hang up/reject/redial via Bluetooth</span></span></li><li style=""box-sizing: border-box; margin: 0px; padding: 0px; text-transform: none; list-style: inherit !important;""><span style=""box-sizing: border-box; margin: 0px; border: 0px; font-size: 14px;""><span style=""box-sizing: border-box; margin: 0px; border: 0px; font-family: arial, helvetica, sans-serif;"">Bluetooth stereo music play</span></span></li><li style=""box-sizing: border-box; margin: 0px; padding: 0px; text-transform: none; list-style: inherit !important;""><span style=""box-sizing: border-box; margin: 0px; border: 0px; font-size: 14px;""><span style=""box-sizing: border-box; margin: 0px; border: 0px; font-family: arial, helvetica, sans-serif;"">Call Echo Cancellation and Noise Reduction(CVC)</span></span></li><li style=""box-sizing: border-box; margin: 0px; padding: 0px; text-transform: none; list-style: inherit !important;""><span style=""box-sizing: border-box; margin: 0px; border: 0px; font-size: 14px;""><span style=""box-sizing: border-box; margin: 0px; border: 0px; font-family: arial, helvetica, sans-serif;"">USB output voltage, provides power to other devices up to 5V/2.5A</span></span></li><li style=""box-sizing: border-box; margin: 0px; padding: 0px; text-transform: none; list-style: inherit !important;""><span style=""box-sizing: border-box; margin: 0px; border: 0px; font-size: 14px;""><span style=""box-sizing: border-box; margin: 0px; border: 0px; font-family: arial, helvetica, sans-serif;"">Automatic memory function of power failure frequency point</span></span></li><li style=""box-sizing: border-box; margin: 0px; padding: 0px; text-transform: none; list-style: inherit !important;""><span style=""box-sizing: border-box; margin: 0px; border: 0px; font-size: 14px;""><span style=""box-sizing: border-box; margin: 0px; border: 0px; font-family: arial, helvetica, sans-serif;"">Display of on-board battery voltage</span></span></li></ul><p style=""box-sizing: border-box; margin: 0px; padding: 0px; line-height: 1.6; font-family: Arial; font-size: 12px; text-rendering: optimizeLegibility; color: rgb(51, 51, 51); border: 0px; background-color: rgb(255, 255, 255);"">&nbsp;</p><p style=""box-sizing: border-box; margin: 0px; padding: 0px; line-height: 1.6; font-family: Arial; font-size: 12px; text-rendering: optimizeLegibility; color: rgb(51, 51, 51); border: 0px; background-color: rgb(255, 255, 255);""><span style=""box-sizing: border-box; margin: 0px; border: 0px; font-size: 14px;""><span style=""box-sizing: border-box; margin: 0px; border: 0px; font-family: arial, helvetica, sans-serif;""><span style=""box-sizing: border-box; margin: 0px; border: 0px; font-weight: 900;"">Parameters:</span></span></span></p><ul style=""box-sizing: border-box; list-style: square; margin: 0px 0px 0px 20px; padding: 0px; font-family: Arial; font-size: 12px; line-height: 1.6; color: rgb(51, 51, 51); text-transform: uppercase; border: 0px; background-color: rgb(255, 255, 255);""><li style=""box-sizing: border-box; margin: 0px; padding: 0px; text-transform: none; list-style: inherit !important;""><span style=""box-sizing: border-box; margin: 0px; border: 0px; font-size: 14px;""><span style=""box-sizing: border-box; margin: 0px; border: 0px; font-family: arial, helvetica, sans-serif;"">Material:Engineering plastics</span></span></li><li style=""box-sizing: border-box; margin: 0px; padding: 0px; text-transform: none; list-style: inherit !important;""><span style=""box-sizing: border-box; margin: 0px; border: 0px; font-size: 14px;""><span style=""box-sizing: border-box; margin: 0px; border: 0px; font-family: arial, helvetica, sans-serif;"">Rated working voltage:12V-24V</span></span></li><li style=""box-sizing: border-box; margin: 0px; padding: 0px; text-transform: none; list-style: inherit !important;""><span style=""box-sizing: border-box; margin: 0px; border: 0px; font-size: 14px;""><span style=""box-sizing: border-box; margin: 0px; border: 0px; font-family: arial, helvetica, sans-serif;"">Limit working voltage:9-262V</span></span></li><li style=""box-sizing: border-box; margin: 0px; padding: 0px; text-transform: none; list-style: inherit !important;""><span style=""box-sizing: border-box; margin: 0px; border: 0px; font-size: 14px;""><span style=""box-sizing: border-box; margin: 0px; border: 0px; font-family: arial, helvetica, sans-serif;"">USB output:2.5A</span></span></li><li style=""box-sizing: border-box; margin: 0px; padding: 0px; text-transform: none; list-style: inherit !important;""><span style=""box-sizing: border-box; margin: 0px; border: 0px; font-size: 14px;""><span style=""box-sizing: border-box; margin: 0px; border: 0px; font-family: arial, helvetica, sans-serif;"">Working temperature:0-50C</span></span></li><li style=""box-sizing: border-box; margin: 0px; padding: 0px; text-transform: none; list-style: inherit !important;""><span style=""box-sizing: border-box; margin: 0px; border: 0px; font-size: 14px;""><span style=""box-sizing: border-box; margin: 0px; border: 0px; font-family: arial, helvetica, sans-serif;"">Play format:Mp3 WPA</span></span></li><li style=""box-sizing: border-box; margin: 0px; padding: 0px; text-transform: none; list-style: inherit !important;""><span style=""box-sizing: border-box; margin: 0px; border: 0px; font-size: 14px;""><span style=""box-sizing: border-box; margin: 0px; border: 0px; font-family: arial, helvetica, sans-serif;"">SNR:&gt;60dB</span></span></li><li style=""box-sizing: border-box; margin: 0px; padding: 0px; text-transform: none; list-style: inherit !important;""><span style=""box-sizing: border-box; margin: 0px; border: 0px; font-size: 14px;""><span style=""box-sizing: border-box; margin: 0px; border: 0px; font-family: arial, helvetica, sans-serif;"">Degree of distortion: Frequency response:20Hz-15 KHz</span></span></li><li style=""box-sizing: border-box; margin: 0px; padding: 0px; text-transform: none; list-style: inherit !important;""><span style=""box-sizing: border-box; margin: 0px; border: 0px; font-size: 14px;""><span style=""box-sizing: border-box; margin: 0px; border: 0px; font-family: arial, helvetica, sans-serif;"">Bluetooth version:2.1 EDR</span></span></li><li style=""box-sizing: border-box; margin: 0px; padding: 0px; text-transform: none; list-style: inherit !important;""><span style=""box-sizing: border-box; margin: 0px; border: 0px; font-size: 14px;""><span style=""box-sizing: border-box; margin: 0px; border: 0px; font-family: arial, helvetica, sans-serif;"">Bluetooth sound processing:A2DP (Advance Audio Distribution Profile)function support</span></span></li><li style=""box-sizing: border-box; margin: 0px; padding: 0px; text-transform: none; list-style: inherit !important;""><span style=""box-sizing: border-box; margin: 0px; border: 0px; font-size: 14px;""><span style=""box-sizing: border-box; margin: 0px; border: 0px; font-family: arial, helvetica, sans-serif;"">Bluetooth transmission distance:10M</span></span></li><li style=""box-sizing: border-box; margin: 0px; padding: 0px; text-transform: none; list-style: inherit !important;""><span style=""box-sizing: border-box; margin: 0px; border: 0px; font-size: 14px;""><span style=""box-sizing: border-box; margin: 0px; border: 0px; font-family: arial, helvetica, sans-serif;"">Effective distance of Bluetooth microphone:0-2M</span></span></li><li style=""box-sizing: border-box; margin: 0px; padding: 0px; text-transform: none; list-style: inherit !important;""><span style=""box-sizing: border-box; margin: 0px; border: 0px; font-size: 14px;""><span style=""box-sizing: border-box; margin: 0px; border: 0px; font-family: arial, helvetica, sans-serif;"">FM frequency:87.5-108 MHz</span></span></li><li style=""box-sizing: border-box; margin: 0px; padding: 0px; text-transform: none; list-style: inherit !important;""><span style=""box-sizing: border-box; margin: 0px; border: 0px; font-size: 14px;""><span style=""box-sizing: border-box; margin: 0px; border: 0px; font-family: arial, helvetica, sans-serif;"">FM mode:Stereo digital PLL frequency locking</span></span></li></ul><p style=""box-sizing: border-box; margin: 0px; padding: 0px; line-height: 1.6; font-family: Arial; font-size: 12px; text-rendering: optimizeLegibility; color: rgb(51, 51, 51); border: 0px; background-color: rgb(255, 255, 255);"">&nbsp;</p><p style=""box-sizing: border-box; margin: 0px; padding: 0px; line-height: 1.6; font-family: Arial; font-size: 12px; text-rendering: optimizeLegibility; color: rgb(51, 51, 51); border: 0px; background-color: rgb(255, 255, 255);""><span style=""box-sizing: border-box; margin: 0px; border: 0px; font-size: 14px;""><span style=""box-sizing: border-box; margin: 0px; border: 0px; font-family: arial, helvetica, sans-serif;""><span style=""box-sizing: border-box; margin: 0px; border: 0px; font-weight: 900;"">Packing list:</span></span></span></p><ul style=""box-sizing: border-box; list-style: square; margin: 0px 0px 0px 20px; padding: 0px; font-family: Arial; font-size: 12px; line-height: 1.6; color: rgb(51, 51, 51); text-transform: uppercase; border: 0px; background-color: rgb(255, 255, 255);""><li style=""box-sizing: border-box; margin: 0px; padding: 0px; text-transform: none; list-style: inherit !important;""><span style=""box-sizing: border-box; margin: 0px; border: 0px; font-size: 14px;""><span style=""box-sizing: border-box; margin: 0px; border: 0px; font-family: arial, helvetica, sans-serif;"">1 x Car charger</span></span></li><li style=""box-sizing: border-box; margin: 0px; padding: 0px; text-transform: none; list-style: inherit !important;""><span style=""box-sizing: border-box; margin: 0px; border: 0px; font-size: 14px;""><span style=""box-sizing: border-box; margin: 0px; border: 0px; font-family: arial, helvetica, sans-serif;"">1 x USB charging cable</span></span></li></ul>","<p style=""box-sizing: border-box; margin: 0px; padding: 0px; line-height: 1.6; font-family: Arial; font-size: 12px; text-rendering: optimizeLegibility; color: rgb(51, 51, 51); border: 0px; background-color: rgb(255, 255, 255);""><span style=""box-sizing: border-box; margin: 0px; border: 0px; font-size: 14px;""><span style=""box-sizing: border-box; margin: 0px; border: 0px; font-family: arial, helvetica, sans-serif;""><span style=""box-sizing: border-box; margin: 0px; border: 0px; font-weight: 900;"">Features:</span></span></span></p><ul style=""box-sizing: border-box; list-style: square; margin: 0px 0px 0px 20px; padding: 0px; font-family: Arial; font-size: 12px; line-height: 1.6; color: rgb(51, 51, 51); text-transform: uppercase; border: 0px; background-color: rgb(255, 255, 255);""><li style=""box-sizing: border-box; margin: 0px; padding: 0px; text-transform: none; list-style: inherit !important;""><span style=""box-sizing: border-box; margin: 0px; border: 0px; font-size: 14px;""><span style=""box-sizing: border-box; margin: 0px; border: 0px; font-family: arial, helvetica, sans-serif;"">FM transmitter</span></span></li><li style=""box-sizing: border-box; margin: 0px; padding: 0px; text-transform: none; list-style: inherit !important;""><span style=""box-sizing: border-box; margin: 0px; border: 0px; font-size: 14px;""><span style=""box-sizing: border-box; margin: 0px; border: 0px; font-family: arial, helvetica, sans-serif;"">LED display window</span></span></li><li style=""box-sizing: border-box; margin: 0px; padding: 0px; text-transform: none; list-style: inherit !important;""><span style=""box-sizing: border-box; margin: 0px; border: 0px; font-size: 14px;""><span style=""box-sizing: border-box; margin: 0px; border: 0px; font-family: arial, helvetica, sans-serif;"">LINE audio input</span></span></li><li style=""box-sizing: border-box; margin: 0px; padding: 0px; text-transform: none; list-style: inherit !important;""><span style=""box-sizing: border-box; margin: 0px; border: 0px; font-size: 14px;""><span style=""box-sizing: border-box; margin: 0px; border: 0px; font-family: arial, helvetica, sans-serif;"">Independent Bluetooth start /shutdown button</span></span></li><li style=""box-sizing: border-box; margin: 0px; padding: 0px; text-transform: none; list-style: inherit !important;""><span style=""box-sizing: border-box; margin: 0px; border: 0px; font-size: 14px;""><span style=""box-sizing: border-box; margin: 0px; border: 0px; font-family: arial, helvetica, sans-serif;"">Support playing music by USB disk</span></span></li><li style=""box-sizing: border-box; margin: 0px; padding: 0px; text-transform: none; list-style: inherit !important;""><span style=""box-sizing: border-box; margin: 0px; border: 0px; font-size: 14px;""><span style=""box-sizing: border-box; margin: 0px; border: 0px; font-family: arial, helvetica, sans-serif;"">Support MP3/WMA music format</span></span></li><li style=""box-sizing: border-box; margin: 0px; padding: 0px; text-transform: none; list-style: inherit !important;""><span style=""box-sizing: border-box; margin: 0px; border: 0px; font-size: 14px;""><span style=""box-sizing: border-box; margin: 0px; border: 0px; font-family: arial, helvetica, sans-serif;"">Answer /hang up/reject/redial via Bluetooth</span></span></li><li style=""box-sizing: border-box; margin: 0px; padding: 0px; text-transform: none; list-style: inherit !important;""><span style=""box-sizing: border-box; margin: 0px; border: 0px; font-size: 14px;""><span style=""box-sizing: border-box; margin: 0px; border: 0px; font-family: arial, helvetica, sans-serif;"">Bluetooth stereo music play</span></span></li><li style=""box-sizing: border-box; margin: 0px; padding: 0px; text-transform: none; list-style: inherit !important;""><span style=""box-sizing: border-box; margin: 0px; border: 0px; font-size: 14px;""><span style=""box-sizing: border-box; margin: 0px; border: 0px; font-family: arial, helvetica, sans-serif;"">Call Echo Cancellation and Noise Reduction(CVC)</span></span></li><li style=""box-sizing: border-box; margin: 0px; padding: 0px; text-transform: none; list-style: inherit !important;""><span style=""box-sizing: border-box; margin: 0px; border: 0px; font-size: 14px;""><span style=""box-sizing: border-box; margin: 0px; border: 0px; font-family: arial, helvetica, sans-serif;"">USB output voltage, provides power to other devices up to 5V/2.5A</span></span></li><li style=""box-sizing: border-box; margin: 0px; padding: 0px; text-transform: none; list-style: inherit !important;""><span style=""box-sizing: border-box; margin: 0px; border: 0px; font-size: 14px;""><span style=""box-sizing: border-box; margin: 0px; border: 0px; font-family: arial, helvetica, sans-serif;"">Automatic memory function of power failure frequency point</span></span></li><li style=""box-sizing: border-box; margin: 0px; padding: 0px; text-transform: none; list-style: inherit !important;""><span style=""box-sizing: border-box; margin: 0px; border: 0px; font-size: 14px;""><span style=""box-sizing: border-box; margin: 0px; border: 0px; font-family: arial, helvetica, sans-serif;"">Display of on-board battery voltage</span></span></li></ul><p style=""box-sizing: border-box; margin: 0px; padding: 0px; line-height: 1.6; font-family: Arial; font-size: 12px; text-rendering: optimizeLegibility; color: rgb(51, 51, 51); border: 0px; background-color: rgb(255, 255, 255);"">&nbsp;</p><p style=""box-sizing: border-box; margin: 0px; padding: 0px; line-height: 1.6; font-family: Arial; font-size: 12px; text-rendering: optimizeLegibility; color: rgb(51, 51, 51); border: 0px; background-color: rgb(255, 255, 255);""><span style=""box-sizing: border-box; margin: 0px; border: 0px; font-size: 14px;""><span style=""box-sizing: border-box; margin: 0px; border: 0px; font-family: arial, helvetica, sans-serif;""><span style=""box-sizing: border-box; margin: 0px; border: 0px; font-weight: 900;"">Parameters:</span></span></span></p><ul style=""box-sizing: border-box; list-style: square; margin: 0px 0px 0px 20px; padding: 0px; font-family: Arial; font-size: 12px; line-height: 1.6; color: rgb(51, 51, 51); text-transform: uppercase; border: 0px; background-color: rgb(255, 255, 255);""><li style=""box-sizing: border-box; margin: 0px; padding: 0px; text-transform: none; list-style: inherit !important;""><span style=""box-sizing: border-box; margin: 0px; border: 0px; font-size: 14px;""><span style=""box-sizing: border-box; margin: 0px; border: 0px; font-family: arial, helvetica, sans-serif;"">Material:Engineering plastics</span></span></li><li style=""box-sizing: border-box; margin: 0px; padding: 0px; text-transform: none; list-style: inherit !important;""><span style=""box-sizing: border-box; margin: 0px; border: 0px; font-size: 14px;""><span style=""box-sizing: border-box; margin: 0px; border: 0px; font-family: arial, helvetica, sans-serif;"">Rated working voltage:12V-24V</span></span></li><li style=""box-sizing: border-box; margin: 0px; padding: 0px; text-transform: none; list-style: inherit !important;""><span style=""box-sizing: border-box; margin: 0px; border: 0px; font-size: 14px;""><span style=""box-sizing: border-box; margin: 0px; border: 0px; font-family: arial, helvetica, sans-serif;"">Limit working voltage:9-262V</span></span></li><li style=""box-sizing: border-box; margin: 0px; padding: 0px; text-transform: none; list-style: inherit !important;""><span style=""box-sizing: border-box; margin: 0px; border: 0px; font-size: 14px;""><span style=""box-sizing: border-box; margin: 0px; border: 0px; font-family: arial, helvetica, sans-serif;"">USB output:2.5A</span></span></li><li style=""box-sizing: border-box; margin: 0px; padding: 0px; text-transform: none; list-style: inherit !important;""><span style=""box-sizing: border-box; margin: 0px; border: 0px; font-size: 14px;""><span style=""box-sizing: border-box; margin: 0px; border: 0px; font-family: arial, helvetica, sans-serif;"">Working temperature:0-50C</span></span></li><li style=""box-sizing: border-box; margin: 0px; padding: 0px; text-transform: none; list-style: inherit !important;""><span style=""box-sizing: border-box; margin: 0px; border: 0px; font-size: 14px;""><span style=""box-sizing: border-box; margin: 0px; border: 0px; font-family: arial, helvetica, sans-serif;"">Play format:Mp3 WPA</span></span></li><li style=""box-sizing: border-box; margin: 0px; padding: 0px; text-transform: none; list-style: inherit !important;""><span style=""box-sizing: border-box; margin: 0px; border: 0px; font-size: 14px;""><span style=""box-sizing: border-box; margin: 0px; border: 0px; font-family: arial, helvetica, sans-serif;"">SNR:&gt;60dB</span></span></li><li style=""box-sizing: border-box; margin: 0px; padding: 0px; text-transform: none; list-style: inherit !important;""><span style=""box-sizing: border-box; margin: 0px; border: 0px; font-size: 14px;""><span style=""box-sizing: border-box; margin: 0px; border: 0px; font-family: arial, helvetica, sans-serif;"">Degree of distortion: Frequency response:20Hz-15 KHz</span></span></li><li style=""box-sizing: border-box; margin: 0px; padding: 0px; text-transform: none; list-style: inherit !important;""><span style=""box-sizing: border-box; margin: 0px; border: 0px; font-size: 14px;""><span style=""box-sizing: border-box; margin: 0px; border: 0px; font-family: arial, helvetica, sans-serif;"">Bluetooth version:2.1 EDR</span></span></li><li style=""box-sizing: border-box; margin: 0px; padding: 0px; text-transform: none; list-style: inherit !important;""><span style=""box-sizing: border-box; margin: 0px; border: 0px; font-size: 14px;""><span style=""box-sizing: border-box; margin: 0px; border: 0px; font-family: arial, helvetica, sans-serif;"">Bluetooth sound processing:A2DP (Advance Audio Distribution Profile)function support</span></span></li><li style=""box-sizing: border-box; margin: 0px; padding: 0px; text-transform: none; list-style: inherit !important;""><span style=""box-sizing: border-box; margin: 0px; border: 0px; font-size: 14px;""><span style=""box-sizing: border-box; margin: 0px; border: 0px; font-family: arial, helvetica, sans-serif;"">Bluetooth transmission distance:10M</span></span></li><li style=""box-sizing: border-box; margin: 0px; padding: 0px; text-transform: none; list-style: inherit !important;""><span style=""box-sizing: border-box; margin: 0px; border: 0px; font-size: 14px;""><span style=""box-sizing: border-box; margin: 0px; border: 0px; font-family: arial, helvetica, sans-serif;"">Effective distance of Bluetooth microphone:0-2M</span></span></li><li style=""box-sizing: border-box; margin: 0px; padding: 0px; text-transform: none; list-style: inherit !important;""><span style=""box-sizing: border-box; margin: 0px; border: 0px; font-size: 14px;""><span style=""box-sizing: border-box; margin: 0px; border: 0px; font-family: arial, helvetica, sans-serif;"">FM frequency:87.5-108 MHz</span></span></li><li style=""box-sizing: border-box; margin: 0px; padding: 0px; text-transform: none; list-style: inherit !important;""><span style=""box-sizing: border-box; margin: 0px; border: 0px; font-size: 14px;""><span style=""box-sizing: border-box; margin: 0px; border: 0px; font-family: arial, helvetica, sans-serif;"">FM mode:Stereo digital PLL frequency locking</span></span></li></ul><p style=""box-sizing: border-box; margin: 0px; padding: 0px; line-height: 1.6; font-family: Arial; font-size: 12px; text-rendering: optimizeLegibility; color: rgb(51, 51, 51); border: 0px; background-color: rgb(255, 255, 255);"">&nbsp;</p><p style=""box-sizing: border-box; margin: 0px; padding: 0px; line-height: 1.6; font-family: Arial; font-size: 12px; text-rendering: optimizeLegibility; color: rgb(51, 51, 51); border: 0px; background-color: rgb(255, 255, 255);""><span style=""box-sizing: border-box; margin: 0px; border: 0px; font-size: 14px;""><span style=""box-sizing: border-box; margin: 0px; border: 0px; font-family: arial, helvetica, sans-serif;""><span style=""box-sizing: border-box; margin: 0px; border: 0px; font-weight: 900;"">Packing list:</span></span></span></p><ul style=""box-sizing: border-box; list-style: square; margin: 0px 0px 0px 20px; padding: 0px; font-family: Arial; font-size: 12px; line-height: 1.6; color: rgb(51, 51, 51); text-transform: uppercase; border: 0px; background-color: rgb(255, 255, 255);""><li style=""box-sizing: border-box; margin: 0px; padding: 0px; text-transform: none; list-style: inherit !important;""><span style=""box-sizing: border-box; margin: 0px; border: 0px; font-size: 14px;""><span style=""box-sizing: border-box; margin: 0px; border: 0px; font-family: arial, helvetica, sans-serif;"">1 x Car charger</span></span></li><li style=""box-sizing: border-box; margin: 0px; padding: 0px; text-transform: none; list-style: inherit !important;""><span style=""box-sizing: border-box; margin: 0px; border: 0px; font-size: 14px;""><span style=""box-sizing: border-box; margin: 0px; border: 0px; font-family: arial, helvetica, sans-serif;"">1 x USB charging cable</span></span></li></ul>
Compatible with: All Vehicles
Accessory Type: FM Transmitter Modulator"
Electronics,Cables,2724336538751,2724336538751,Enable,"2.4"" Mini Car DVR Camera Dash Camcorder 1080P Full HD Video Recorder G-sensor Night Vision 170 degree Angle",0,0,Other,1000,139,139,139,139,139,"<div style=""box-sizing: content-box; margin: 0px; padding: 0px; border: 0px; font-stretch: inherit; font-size: 15px; line-height: 21.125px; font-family: 'Open Sans', Arial, Helvetica, sans-serif, SimSun, ; vertical-align: baseline; background-color: rgb(255, 255, 255);""><span style=""box-sizing: content-box; margin: 0px; padding: 0px; border: 0px; font-style: inherit; font-variant: inherit; font-weight: inherit; font-stretch: inherit; font-size: 24px; line-height: inherit; font-family: inherit; vertical-align: baseline;""><span style=""box-sizing: content-box; font-weight: 700;""><span style=""box-sizing: content-box; margin: 0px; padding: 0px; border: 0px; font-style: inherit; font-variant: inherit; font-weight: inherit; font-stretch: inherit; font-size: inherit; line-height: inherit; font-family: arial, helvetica, sans-serif; vertical-align: baseline;"">Features</span></span></span></div><div style=""box-sizing: content-box; margin: 0px; padding: 0px; border: 0px; font-stretch: inherit; font-size: 15px; line-height: 21.125px; font-family: 'Open Sans', Arial, Helvetica, sans-serif, SimSun, ; vertical-align: baseline; background-color: rgb(255, 255, 255);""><span style=""box-sizing: content-box; margin: 0px; padding: 0px; border: 0px; font-style: inherit; font-variant: inherit; font-weight: inherit; font-stretch: inherit; font-size: 16px; line-height: inherit; font-family: inherit; vertical-align: baseline;""><span style=""box-sizing: content-box; margin: 0px; padding: 0px; border: 0px; font-style: inherit; font-variant: inherit; font-weight: inherit; font-stretch: inherit; font-size: inherit; line-height: inherit; font-family: arial, helvetica, sans-serif; vertical-align: baseline;"">- 2 inch high resolution LCD.<br style=""box-sizing: content-box;"">- Quick lock video files or unlock function.<br style=""box-sizing: content-box;"">- Parking monitoring function.<br style=""box-sizing: content-box;"">- Night vision function.<br style=""box-sizing: content-box;"">- Support HDMI full HD video transmission.<br style=""box-sizing: content-box;"">- Support TF memory card, up to 32GB.<br style=""box-sizing: content-box;"">- Seamless loop-cycle recording function.<br style=""box-sizing: content-box;"">- Motion detection function.<br style=""box-sizing: content-box;"">- Build-in G-sensor function, can record the gravity sensing information.<br style=""box-sizing: content-box;"">- Language support: Chinese, English, French, German, Italian, Japanese, Portuguese, Russian, Spanish.<br style=""box-sizing: content-box;"">- 1080P FULL HD resolution.<br style=""box-sizing: content-box;"">- 170-degree high-resolution wide angle lens.<br style=""box-sizing: content-box;"">- Build-in lithium battery, current: 1 - 2A, voltage: 5 - 12V, capacity: 150mAh, standby time: More than 20 minutes.</span></span></div>","<div style=""box-sizing: content-box; margin: 0px; padding: 0px; border: 0px; font-stretch: inherit; font-size: 15px; line-height: 21.125px; font-family: 'Open Sans', Arial, Helvetica, sans-serif, SimSun, ; vertical-align: baseline; background-color: rgb(255, 255, 255);""><span style=""box-sizing: content-box; margin: 0px; padding: 0px; border: 0px; font-style: inherit; font-variant: inherit; font-weight: inherit; font-stretch: inherit; font-size: 24px; line-height: inherit; font-family: inherit; vertical-align: baseline;""><span style=""box-sizing: content-box; font-weight: 700;""><span style=""box-sizing: content-box; margin: 0px; padding: 0px; border: 0px; font-style: inherit; font-variant: inherit; font-weight: inherit; font-stretch: inherit; font-size: inherit; line-height: inherit; font-family: arial, helvetica, sans-serif; vertical-align: baseline;"">Features</span></span></span></div><div style=""box-sizing: content-box; margin: 0px; padding: 0px; border: 0px; font-stretch: inherit; font-size: 15px; line-height: 21.125px; font-family: 'Open Sans', Arial, Helvetica, sans-serif, SimSun, ; vertical-align: baseline; background-color: rgb(255, 255, 255);""><span style=""box-sizing: content-box; margin: 0px; padding: 0px; border: 0px; font-style: inherit; font-variant: inherit; font-weight: inherit; font-stretch: inherit; font-size: 16px; line-height: inherit; font-family: inherit; vertical-align: baseline;""><span style=""box-sizing: content-box; margin: 0px; padding: 0px; border: 0px; font-style: inherit; font-variant: inherit; font-weight: inherit; font-stretch: inherit; font-size: inherit; line-height: inherit; font-family: arial, helvetica, sans-serif; vertical-align: baseline;"">- 2 inch high resolution LCD.<br style=""box-sizing: content-box;"">- Quick lock video files or unlock function.<br style=""box-sizing: content-box;"">- Parking monitoring function.<br style=""box-sizing: content-box;"">- Night vision function.<br style=""box-sizing: content-box;"">- Support HDMI full HD video transmission.<br style=""box-sizing: content-box;"">- Support TF memory card, up to 32GB.<br style=""box-sizing: content-box;"">- Seamless loop-cycle recording function.<br style=""box-sizing: content-box;"">- Motion detection function.<br style=""box-sizing: content-box;"">- Build-in G-sensor function, can record the gravity sensing information.<br style=""box-sizing: content-box;"">- Language support: Chinese, English, French, German, Italian, Japanese, Portuguese, Russian, Spanish.<br style=""box-sizing: content-box;"">- 1080P FULL HD resolution.<br style=""box-sizing: content-box;"">- 170-degree high-resolution wide angle lens.<br style=""box-sizing: content-box;"">- Build-in lithium battery, current: 1 - 2A, voltage: 5 - 12V, capacity: 150mAh, standby time: More than 20 minutes.</span></span></div>
Screen Size: 2 - 2.9 Inch
Resolution: Unkown
Type: DVRs"
Electronics,Mobile Accessories,2724336555772,2724336555772,Enable,Protection Glass iPhone 5 or 5 S screen,0,0,Bluedio,1000,13,13,13,13,13,"Protection Glass iPhone 5 or 5 S screen
Type:Mobile Accessories","Protection Glass iPhone 5 or 5 S screen
Type:Mobile Accessories"
Electronics,Mobile Accessories,2724336741496,2724336741496,Enable,Bolayu MOCUTE Wireless Game Controller Joystick Gamepad Joypad For Smart Phone,0,0,Bluedio,1000,130,130,130,130,130,"Bolayu MOCUTE Wireless Game Controller Joystick Gamepad Joypad For Smart Phone
Type:Mobile Accessories","Bolayu MOCUTE Wireless Game Controller Joystick Gamepad Joypad For Smart Phone
Type:Mobile Accessories"
Electronics,Mobile Accessories,2724336744305,2724336744305,Enable,NIA Headphone Headset Bluetooth MP3 Radio With Equalizer and Call Function Blue,0,0,Bluedio,1000,65,65,65,65,65,"NIA Headphone Headset Bluetooth MP3 Radio With Equalizer and Call Function Blue
Type:Mobile Accessories","NIA Headphone Headset Bluetooth MP3 Radio With Equalizer and Call Function Blue
Type:Mobile Accessories"
Electronics,Mobile Accessories,2724336744824,2724336744824,Enable,NIA Headphone Headset Bluetooth MP3 Radio With Equalizer and Call Function Orange,0,0,Bluedio,1000,59,59,59,59,59,"NIA Headphone Headset Bluetooth MP3 Radio With Equalizer and Call Function Orange
Type:Mobile Accessories","NIA Headphone Headset Bluetooth MP3 Radio With Equalizer and Call Function Orange
Type:Mobile Accessories"
Electronics,Headphones & Headsets,2724336797639,2724336797639,Enable,Wireless Headphone NIA 851S FM Radio Micro SD Player Bluetooth Headset Blue,0,0,NIA,1000,65,65,65,65,65,"<span style=""font-weight: bold;"">Enjoy music:</span><br>Enjoy music wirelessly from stereo bluetooth enabled music player and mobile phones.<br>With the built-in quality MP3 decoding chip, you can enjoy MP3 format music stored in the mini<br>memory card, wireless music enjoyment is much more wonderful. The built-in FM stereo radio can<br>store 20 channels program enriching your enjoyment.<br><span style=""font-weight: bold;""><br><span>Use connector:</span></span><br>Plug one end of the accessory cable into audio input interface of the earphone, and connect the<br>other end with the 3.5mm earphone jack of the music player, or earphone jack on the PC. Thus, you<br>will get an earphone with excellent performance.<br><br><span style=""font-weight: bold;"">Specification:</span><br>Bluetooth version:V2.1 EDR<br>Transmission distance:10m(32.8FT)<br>Compatible bluetooth profiles:A2DP,AVRCP,HSP,HFP<br>Specker diameter: 40mm<br>Specker impedance: 32ohm<br>Specker sensibility: 108db  /- 3db<br>Frequency response: 20-20000Hz<br>Radio:Frequency range: 87-108MHz<br><span style=""font-weight: bold;""><br><span>Package included:</span></span><br>1x Headset<br>1x USB cable","<span style=""font-weight: bold;"">Enjoy music:</span><br>Enjoy music wirelessly from stereo bluetooth enabled music player and mobile phones.<br>With the built-in quality MP3 decoding chip, you can enjoy MP3 format music stored in the mini<br>memory card, wireless music enjoyment is much more wonderful. The built-in FM stereo radio can<br>store 20 channels program enriching your enjoyment.<br><span style=""font-weight: bold;""><br><span>Use connector:</span></span><br>Plug one end of the accessory cable into audio input interface of the earphone, and connect the<br>other end with the 3.5mm earphone jack of the music player, or earphone jack on the PC. Thus, you<br>will get an earphone with excellent performance.<br><br><span style=""font-weight: bold;"">Specification:</span><br>Bluetooth version:V2.1 EDR<br>Transmission distance:10m(32.8FT)<br>Compatible bluetooth profiles:A2DP,AVRCP,HSP,HFP<br>Specker diameter: 40mm<br>Specker impedance: 32ohm<br>Specker sensibility: 108db  /- 3db<br>Frequency response: 20-20000Hz<br>Radio:Frequency range: 87-108MHz<br><span style=""font-weight: bold;""><br><span>Package included:</span></span><br>1x Headset<br>1x USB cable
Color:Blue
Model Number: Q8-851S
Connectivity:Wireless
Compatible with: All
Type: On Ear"
Electronics,Car Audio & Video Accessories,2724336987757,2724336987757,Enable,Car Magnetic Air Vent Mount Holder Stand for Mobile,0,0,Bluedio,1000,19,19,19,19,19,"Car Magnetic Air Vent Mount Holder Stand for Mobile
Type:Car Accessories","Car Magnetic Air Vent Mount Holder Stand for Mobile
Type:Car Accessories"
Electronics,Car Audio & Video Accessories,2724336987894,2724336987894,Enable,All Vehicales Wireless Bluetooth Car Kit FM Transmitter Handsfree USB TF MP3 Player AUX Port Charger,0,0,CarG7,1000,28,28,28,28,28,"<article style=""box-sizing: border-box; color: rgb(51, 51, 51); font-family: DroidNaskh, &quot;Helvetica Neue&quot;, Helvetica, Helvetica, Arial, sans-serif; font-size: 14px; text-align: right; text-transform: uppercase; background-color: rgb(255, 255, 255);""><div id=""description-full"" class="""" style=""box-sizing: border-box; margin: 0px; padding: 0px;""><p style=""box-sizing: border-box; text-rendering: optimizeLegibility; margin: 0px; padding: 0px; line-height: 1.6; font-family: Arial; font-size: 12px; text-transform: none; border: 0px;""><span style=""box-sizing: border-box; margin: 0px; border: 0px; font-size: 14px;""><span style=""box-sizing: border-box; margin: 0px; border: 0px; font-family: arial, helvetica, sans-serif;""><span style=""box-sizing: border-box; margin: 0px; border: 0px; font-weight: 900;"">Features:</span></span></span></p><ul style=""box-sizing: border-box; list-style: square; margin: 0px 0px 0px 20px; padding: 0px; font-family: Arial; font-size: 12px; line-height: 1.6; border: 0px;""><li style=""box-sizing: border-box; margin: 0px; padding: 0px; text-transform: none; list-style: inherit !important;""><span style=""box-sizing: border-box; margin: 0px; border: 0px; font-size: 14px;""><span style=""box-sizing: border-box; margin: 0px; border: 0px; font-family: arial, helvetica, sans-serif;"">FM transmitter</span></span></li><li style=""box-sizing: border-box; margin: 0px; padding: 0px; text-transform: none; list-style: inherit !important;""><span style=""box-sizing: border-box; margin: 0px; border: 0px; font-size: 14px;""><span style=""box-sizing: border-box; margin: 0px; border: 0px; font-family: arial, helvetica, sans-serif;"">LED display window</span></span></li><li style=""box-sizing: border-box; margin: 0px; padding: 0px; text-transform: none; list-style: inherit !important;""><span style=""box-sizing: border-box; margin: 0px; border: 0px; font-size: 14px;""><span style=""box-sizing: border-box; margin: 0px; border: 0px; font-family: arial, helvetica, sans-serif;"">LINE audio input</span></span></li><li style=""box-sizing: border-box; margin: 0px; padding: 0px; text-transform: none; list-style: inherit !important;""><span style=""box-sizing: border-box; margin: 0px; border: 0px; font-size: 14px;""><span style=""box-sizing: border-box; margin: 0px; border: 0px; font-family: arial, helvetica, sans-serif;"">Independent Bluetooth start /shutdown button</span></span></li><li style=""box-sizing: border-box; margin: 0px; padding: 0px; text-transform: none; list-style: inherit !important;""><span style=""box-sizing: border-box; margin: 0px; border: 0px; font-size: 14px;""><span style=""box-sizing: border-box; margin: 0px; border: 0px; font-family: arial, helvetica, sans-serif;"">Support playing music by USB disk</span></span></li><li style=""box-sizing: border-box; margin: 0px; padding: 0px; text-transform: none; list-style: inherit !important;""><span style=""box-sizing: border-box; margin: 0px; border: 0px; font-size: 14px;""><span style=""box-sizing: border-box; margin: 0px; border: 0px; font-family: arial, helvetica, sans-serif;"">Support MP3/WMA music format</span></span></li><li style=""box-sizing: border-box; margin: 0px; padding: 0px; text-transform: none; list-style: inherit !important;""><span style=""box-sizing: border-box; margin: 0px; border: 0px; font-size: 14px;""><span style=""box-sizing: border-box; margin: 0px; border: 0px; font-family: arial, helvetica, sans-serif;"">Answer /hang up/reject/redial via Bluetooth</span></span></li><li style=""box-sizing: border-box; margin: 0px; padding: 0px; text-transform: none; list-style: inherit !important;""><span style=""box-sizing: border-box; margin: 0px; border: 0px; font-size: 14px;""><span style=""box-sizing: border-box; margin: 0px; border: 0px; font-family: arial, helvetica, sans-serif;"">Bluetooth stereo music play</span></span></li><li style=""box-sizing: border-box; margin: 0px; padding: 0px; text-transform: none; list-style: inherit !important;""><span style=""box-sizing: border-box; margin: 0px; border: 0px; font-size: 14px;""><span style=""box-sizing: border-box; margin: 0px; border: 0px; font-family: arial, helvetica, sans-serif;"">Call Echo Cancellation and Noise Reduction(CVC)</span></span></li><li style=""box-sizing: border-box; margin: 0px; padding: 0px; text-transform: none; list-style: inherit !important;""><span style=""box-sizing: border-box; margin: 0px; border: 0px; font-size: 14px;""><span style=""box-sizing: border-box; margin: 0px; border: 0px; font-family: arial, helvetica, sans-serif;"">USB output voltage, provides power to other devices up to 5V/2.5A</span></span></li><li style=""box-sizing: border-box; margin: 0px; padding: 0px; text-transform: none; list-style: inherit !important;""><span style=""box-sizing: border-box; margin: 0px; border: 0px; font-size: 14px;""><span style=""box-sizing: border-box; margin: 0px; border: 0px; font-family: arial, helvetica, sans-serif;"">Automatic memory function of power failure frequency point</span></span></li><li style=""box-sizing: border-box; margin: 0px; padding: 0px; text-transform: none; list-style: inherit !important;""><span style=""box-sizing: border-box; margin: 0px; border: 0px; font-size: 14px;""><span style=""box-sizing: border-box; margin: 0px; border: 0px; font-family: arial, helvetica, sans-serif;"">Display of on-board battery voltage</span></span></li></ul><p style=""box-sizing: border-box; text-rendering: optimizeLegibility; margin: 0px; padding: 0px; line-height: 1.6; font-family: Arial; font-size: 12px; text-transform: none; border: 0px;"">&nbsp;</p><p style=""box-sizing: border-box; text-rendering: optimizeLegibility; margin: 0px; padding: 0px; line-height: 1.6; font-family: Arial; font-size: 12px; text-transform: none; border: 0px;""><span style=""box-sizing: border-box; margin: 0px; border: 0px; font-size: 14px;""><span style=""box-sizing: border-box; margin: 0px; border: 0px; font-family: arial, helvetica, sans-serif;""><span style=""box-sizing: border-box; margin: 0px; border: 0px; font-weight: 900;"">Parameters:</span></span></span></p><ul style=""box-sizing: border-box; list-style: square; margin: 0px 0px 0px 20px; padding: 0px; font-family: Arial; font-size: 12px; line-height: 1.6; border: 0px;""><li style=""box-sizing: border-box; margin: 0px; padding: 0px; text-transform: none; list-style: inherit !important;""><span style=""box-sizing: border-box; margin: 0px; border: 0px; font-size: 14px;""><span style=""box-sizing: border-box; margin: 0px; border: 0px; font-family: arial, helvetica, sans-serif;"">Material:Engineering plastics</span></span></li><li style=""box-sizing: border-box; margin: 0px; padding: 0px; text-transform: none; list-style: inherit !important;""><span style=""box-sizing: border-box; margin: 0px; border: 0px; font-size: 14px;""><span style=""box-sizing: border-box; margin: 0px; border: 0px; font-family: arial, helvetica, sans-serif;"">Rated working voltage:12V-24V</span></span></li><li style=""box-sizing: border-box; margin: 0px; padding: 0px; text-transform: none; list-style: inherit !important;""><span style=""box-sizing: border-box; margin: 0px; border: 0px; font-size: 14px;""><span style=""box-sizing: border-box; margin: 0px; border: 0px; font-family: arial, helvetica, sans-serif;"">Limit working voltage:9-262V</span></span></li><li style=""box-sizing: border-box; margin: 0px; padding: 0px; text-transform: none; list-style: inherit !important;""><span style=""box-sizing: border-box; margin: 0px; border: 0px; font-size: 14px;""><span style=""box-sizing: border-box; margin: 0px; border: 0px; font-family: arial, helvetica, sans-serif;"">USB output:2.5A</span></span></li><li style=""box-sizing: border-box; margin: 0px; padding: 0px; text-transform: none; list-style: inherit !important;""><span style=""box-sizing: border-box; margin: 0px; border: 0px; font-size: 14px;""><span style=""box-sizing: border-box; margin: 0px; border: 0px; font-family: arial, helvetica, sans-serif;"">Working temperature:0-50C</span></span></li><li style=""box-sizing: border-box; margin: 0px; padding: 0px; text-transform: none; list-style: inherit !important;""><span style=""box-sizing: border-box; margin: 0px; border: 0px; font-size: 14px;""><span style=""box-sizing: border-box; margin: 0px; border: 0px; font-family: arial, helvetica, sans-serif;"">Play format:Mp3 WPA</span></span></li><li style=""box-sizing: border-box; margin: 0px; padding: 0px; text-transform: none; list-style: inherit !important;""><span style=""box-sizing: border-box; margin: 0px; border: 0px; font-size: 14px;""><span style=""box-sizing: border-box; margin: 0px; border: 0px; font-family: arial, helvetica, sans-serif;"">SNR:&gt;60dB</span></span></li><li style=""box-sizing: border-box; margin: 0px; padding: 0px; text-transform: none; list-style: inherit !important;""><span style=""box-sizing: border-box; margin: 0px; border: 0px; font-size: 14px;""><span style=""box-sizing: border-box; margin: 0px; border: 0px; font-family: arial, helvetica, sans-serif;"">Degree of distortion: Frequency response:20Hz-15 KHz</span></span></li><li style=""box-sizing: border-box; margin: 0px; padding: 0px; text-transform: none; list-style: inherit !important;""><span style=""box-sizing: border-box; margin: 0px; border: 0px; font-size: 14px;""><span style=""box-sizing: border-box; margin: 0px; border: 0px; font-family: arial, helvetica, sans-serif;"">Bluetooth version:2.1 EDR</span></span></li><li style=""box-sizing: border-box; margin: 0px; padding: 0px; text-transform: none; list-style: inherit !important;""><span style=""box-sizing: border-box; margin: 0px; border: 0px; font-size: 14px;""><span style=""box-sizing: border-box; margin: 0px; border: 0px; font-family: arial, helvetica, sans-serif;"">Bluetooth sound processing:A2DP (Advance Audio Distribution Profile)function support</span></span></li><li style=""box-sizing: border-box; margin: 0px; padding: 0px; text-transform: none; list-style: inherit !important;""><span style=""box-sizing: border-box; margin: 0px; border: 0px; font-size: 14px;""><span style=""box-sizing: border-box; margin: 0px; border: 0px; font-family: arial, helvetica, sans-serif;"">Bluetooth transmission distance:10M</span></span></li><li style=""box-sizing: border-box; margin: 0px; padding: 0px; text-transform: none; list-style: inherit !important;""><span style=""box-sizing: border-box; margin: 0px; border: 0px; font-size: 14px;""><span style=""box-sizing: border-box; margin: 0px; border: 0px; font-family: arial, helvetica, sans-serif;"">Effective distance of Bluetooth microphone:0-2M</span></span></li><li style=""box-sizing: border-box; margin: 0px; padding: 0px; text-transform: none; list-style: inherit !important;""><span style=""box-sizing: border-box; margin: 0px; border: 0px; font-size: 14px;""><span style=""box-sizing: border-box; margin: 0px; border: 0px; font-family: arial, helvetica, sans-serif;"">FM frequency:87.5-108 MHz</span></span></li><li style=""box-sizing: border-box; margin: 0px; padding: 0px; text-transform: none; list-style: inherit !important;""><span style=""box-sizing: border-box; margin: 0px; border: 0px; font-size: 14px;""><span style=""box-sizing: border-box; margin: 0px; border: 0px; font-family: arial, helvetica, sans-serif;"">FM mode:Stereo digital PLL frequency locking</span></span></li></ul><p style=""box-sizing: border-box; text-rendering: optimizeLegibility; margin: 0px; padding: 0px; line-height: 1.6; font-family: Arial; font-size: 12px; text-transform: none; border: 0px;"">&nbsp;</p><p style=""box-sizing: border-box; text-rendering: optimizeLegibility; margin: 0px; padding: 0px; line-height: 1.6; font-family: Arial; font-size: 12px; text-transform: none; border: 0px;""><span style=""box-sizing: border-box; margin: 0px; border: 0px; font-size: 14px;""><span style=""box-sizing: border-box; margin: 0px; border: 0px; font-family: arial, helvetica, sans-serif;""><span style=""box-sizing: border-box; margin: 0px; border: 0px; font-weight: 900;"">Packing list:</span></span></span></p><ul style=""box-sizing: border-box; list-style: square; margin: 0px 0px 0px 20px; padding: 0px; font-family: Arial; font-size: 12px; line-height: 1.6; border: 0px;""><li style=""box-sizing: border-box; margin: 0px; padding: 0px; text-transform: none; list-style: inherit !important;""><span style=""box-sizing: border-box; margin: 0px; border: 0px; font-size: 14px;""><span style=""box-sizing: border-box; margin: 0px; border: 0px; font-family: arial, helvetica, sans-serif;"">1 x Car charger</span></span></li><li style=""box-sizing: border-box; margin: 0px; padding: 0px; text-transform: none; list-style: inherit !important;""><span style=""box-sizing: border-box; margin: 0px; border: 0px; font-size: 14px;""><span style=""box-sizing: border-box; margin: 0px; border: 0px; font-family: arial, helvetica, sans-serif;"">1 x USB charging cable</span></span></li><li></li></ul></div></article>","<article style=""box-sizing: border-box; color: rgb(51, 51, 51); font-family: DroidNaskh, &quot;Helvetica Neue&quot;, Helvetica, Helvetica, Arial, sans-serif; font-size: 14px; text-align: right; text-transform: uppercase; background-color: rgb(255, 255, 255);""><div id=""description-full"" class="""" style=""box-sizing: border-box; margin: 0px; padding: 0px;""><p style=""box-sizing: border-box; text-rendering: optimizeLegibility; margin: 0px; padding: 0px; line-height: 1.6; font-family: Arial; font-size: 12px; text-transform: none; border: 0px;""><span style=""box-sizing: border-box; margin: 0px; border: 0px; font-size: 14px;""><span style=""box-sizing: border-box; margin: 0px; border: 0px; font-family: arial, helvetica, sans-serif;""><span style=""box-sizing: border-box; margin: 0px; border: 0px; font-weight: 900;"">Features:</span></span></span></p><ul style=""box-sizing: border-box; list-style: square; margin: 0px 0px 0px 20px; padding: 0px; font-family: Arial; font-size: 12px; line-height: 1.6; border: 0px;""><li style=""box-sizing: border-box; margin: 0px; padding: 0px; text-transform: none; list-style: inherit !important;""><span style=""box-sizing: border-box; margin: 0px; border: 0px; font-size: 14px;""><span style=""box-sizing: border-box; margin: 0px; border: 0px; font-family: arial, helvetica, sans-serif;"">FM transmitter</span></span></li><li style=""box-sizing: border-box; margin: 0px; padding: 0px; text-transform: none; list-style: inherit !important;""><span style=""box-sizing: border-box; margin: 0px; border: 0px; font-size: 14px;""><span style=""box-sizing: border-box; margin: 0px; border: 0px; font-family: arial, helvetica, sans-serif;"">LED display window</span></span></li><li style=""box-sizing: border-box; margin: 0px; padding: 0px; text-transform: none; list-style: inherit !important;""><span style=""box-sizing: border-box; margin: 0px; border: 0px; font-size: 14px;""><span style=""box-sizing: border-box; margin: 0px; border: 0px; font-family: arial, helvetica, sans-serif;"">LINE audio input</span></span></li><li style=""box-sizing: border-box; margin: 0px; padding: 0px; text-transform: none; list-style: inherit !important;""><span style=""box-sizing: border-box; margin: 0px; border: 0px; font-size: 14px;""><span style=""box-sizing: border-box; margin: 0px; border: 0px; font-family: arial, helvetica, sans-serif;"">Independent Bluetooth start /shutdown button</span></span></li><li style=""box-sizing: border-box; margin: 0px; padding: 0px; text-transform: none; list-style: inherit !important;""><span style=""box-sizing: border-box; margin: 0px; border: 0px; font-size: 14px;""><span style=""box-sizing: border-box; margin: 0px; border: 0px; font-family: arial, helvetica, sans-serif;"">Support playing music by USB disk</span></span></li><li style=""box-sizing: border-box; margin: 0px; padding: 0px; text-transform: none; list-style: inherit !important;""><span style=""box-sizing: border-box; margin: 0px; border: 0px; font-size: 14px;""><span style=""box-sizing: border-box; margin: 0px; border: 0px; font-family: arial, helvetica, sans-serif;"">Support MP3/WMA music format</span></span></li><li style=""box-sizing: border-box; margin: 0px; padding: 0px; text-transform: none; list-style: inherit !important;""><span style=""box-sizing: border-box; margin: 0px; border: 0px; font-size: 14px;""><span style=""box-sizing: border-box; margin: 0px; border: 0px; font-family: arial, helvetica, sans-serif;"">Answer /hang up/reject/redial via Bluetooth</span></span></li><li style=""box-sizing: border-box; margin: 0px; padding: 0px; text-transform: none; list-style: inherit !important;""><span style=""box-sizing: border-box; margin: 0px; border: 0px; font-size: 14px;""><span style=""box-sizing: border-box; margin: 0px; border: 0px; font-family: arial, helvetica, sans-serif;"">Bluetooth stereo music play</span></span></li><li style=""box-sizing: border-box; margin: 0px; padding: 0px; text-transform: none; list-style: inherit !important;""><span style=""box-sizing: border-box; margin: 0px; border: 0px; font-size: 14px;""><span style=""box-sizing: border-box; margin: 0px; border: 0px; font-family: arial, helvetica, sans-serif;"">Call Echo Cancellation and Noise Reduction(CVC)</span></span></li><li style=""box-sizing: border-box; margin: 0px; padding: 0px; text-transform: none; list-style: inherit !important;""><span style=""box-sizing: border-box; margin: 0px; border: 0px; font-size: 14px;""><span style=""box-sizing: border-box; margin: 0px; border: 0px; font-family: arial, helvetica, sans-serif;"">USB output voltage, provides power to other devices up to 5V/2.5A</span></span></li><li style=""box-sizing: border-box; margin: 0px; padding: 0px; text-transform: none; list-style: inherit !important;""><span style=""box-sizing: border-box; margin: 0px; border: 0px; font-size: 14px;""><span style=""box-sizing: border-box; margin: 0px; border: 0px; font-family: arial, helvetica, sans-serif;"">Automatic memory function of power failure frequency point</span></span></li><li style=""box-sizing: border-box; margin: 0px; padding: 0px; text-transform: none; list-style: inherit !important;""><span style=""box-sizing: border-box; margin: 0px; border: 0px; font-size: 14px;""><span style=""box-sizing: border-box; margin: 0px; border: 0px; font-family: arial, helvetica, sans-serif;"">Display of on-board battery voltage</span></span></li></ul><p style=""box-sizing: border-box; text-rendering: optimizeLegibility; margin: 0px; padding: 0px; line-height: 1.6; font-family: Arial; font-size: 12px; text-transform: none; border: 0px;"">&nbsp;</p><p style=""box-sizing: border-box; text-rendering: optimizeLegibility; margin: 0px; padding: 0px; line-height: 1.6; font-family: Arial; font-size: 12px; text-transform: none; border: 0px;""><span style=""box-sizing: border-box; margin: 0px; border: 0px; font-size: 14px;""><span style=""box-sizing: border-box; margin: 0px; border: 0px; font-family: arial, helvetica, sans-serif;""><span style=""box-sizing: border-box; margin: 0px; border: 0px; font-weight: 900;"">Parameters:</span></span></span></p><ul style=""box-sizing: border-box; list-style: square; margin: 0px 0px 0px 20px; padding: 0px; font-family: Arial; font-size: 12px; line-height: 1.6; border: 0px;""><li style=""box-sizing: border-box; margin: 0px; padding: 0px; text-transform: none; list-style: inherit !important;""><span style=""box-sizing: border-box; margin: 0px; border: 0px; font-size: 14px;""><span style=""box-sizing: border-box; margin: 0px; border: 0px; font-family: arial, helvetica, sans-serif;"">Material:Engineering plastics</span></span></li><li style=""box-sizing: border-box; margin: 0px; padding: 0px; text-transform: none; list-style: inherit !important;""><span style=""box-sizing: border-box; margin: 0px; border: 0px; font-size: 14px;""><span style=""box-sizing: border-box; margin: 0px; border: 0px; font-family: arial, helvetica, sans-serif;"">Rated working voltage:12V-24V</span></span></li><li style=""box-sizing: border-box; margin: 0px; padding: 0px; text-transform: none; list-style: inherit !important;""><span style=""box-sizing: border-box; margin: 0px; border: 0px; font-size: 14px;""><span style=""box-sizing: border-box; margin: 0px; border: 0px; font-family: arial, helvetica, sans-serif;"">Limit working voltage:9-262V</span></span></li><li style=""box-sizing: border-box; margin: 0px; padding: 0px; text-transform: none; list-style: inherit !important;""><span style=""box-sizing: border-box; margin: 0px; border: 0px; font-size: 14px;""><span style=""box-sizing: border-box; margin: 0px; border: 0px; font-family: arial, helvetica, sans-serif;"">USB output:2.5A</span></span></li><li style=""box-sizing: border-box; margin: 0px; padding: 0px; text-transform: none; list-style: inherit !important;""><span style=""box-sizing: border-box; margin: 0px; border: 0px; font-size: 14px;""><span style=""box-sizing: border-box; margin: 0px; border: 0px; font-family: arial, helvetica, sans-serif;"">Working temperature:0-50C</span></span></li><li style=""box-sizing: border-box; margin: 0px; padding: 0px; text-transform: none; list-style: inherit !important;""><span style=""box-sizing: border-box; margin: 0px; border: 0px; font-size: 14px;""><span style=""box-sizing: border-box; margin: 0px; border: 0px; font-family: arial, helvetica, sans-serif;"">Play format:Mp3 WPA</span></span></li><li style=""box-sizing: border-box; margin: 0px; padding: 0px; text-transform: none; list-style: inherit !important;""><span style=""box-sizing: border-box; margin: 0px; border: 0px; font-size: 14px;""><span style=""box-sizing: border-box; margin: 0px; border: 0px; font-family: arial, helvetica, sans-serif;"">SNR:&gt;60dB</span></span></li><li style=""box-sizing: border-box; margin: 0px; padding: 0px; text-transform: none; list-style: inherit !important;""><span style=""box-sizing: border-box; margin: 0px; border: 0px; font-size: 14px;""><span style=""box-sizing: border-box; margin: 0px; border: 0px; font-family: arial, helvetica, sans-serif;"">Degree of distortion: Frequency response:20Hz-15 KHz</span></span></li><li style=""box-sizing: border-box; margin: 0px; padding: 0px; text-transform: none; list-style: inherit !important;""><span style=""box-sizing: border-box; margin: 0px; border: 0px; font-size: 14px;""><span style=""box-sizing: border-box; margin: 0px; border: 0px; font-family: arial, helvetica, sans-serif;"">Bluetooth version:2.1 EDR</span></span></li><li style=""box-sizing: border-box; margin: 0px; padding: 0px; text-transform: none; list-style: inherit !important;""><span style=""box-sizing: border-box; margin: 0px; border: 0px; font-size: 14px;""><span style=""box-sizing: border-box; margin: 0px; border: 0px; font-family: arial, helvetica, sans-serif;"">Bluetooth sound processing:A2DP (Advance Audio Distribution Profile)function support</span></span></li><li style=""box-sizing: border-box; margin: 0px; padding: 0px; text-transform: none; list-style: inherit !important;""><span style=""box-sizing: border-box; margin: 0px; border: 0px; font-size: 14px;""><span style=""box-sizing: border-box; margin: 0px; border: 0px; font-family: arial, helvetica, sans-serif;"">Bluetooth transmission distance:10M</span></span></li><li style=""box-sizing: border-box; margin: 0px; padding: 0px; text-transform: none; list-style: inherit !important;""><span style=""box-sizing: border-box; margin: 0px; border: 0px; font-size: 14px;""><span style=""box-sizing: border-box; margin: 0px; border: 0px; font-family: arial, helvetica, sans-serif;"">Effective distance of Bluetooth microphone:0-2M</span></span></li><li style=""box-sizing: border-box; margin: 0px; padding: 0px; text-transform: none; list-style: inherit !important;""><span style=""box-sizing: border-box; margin: 0px; border: 0px; font-size: 14px;""><span style=""box-sizing: border-box; margin: 0px; border: 0px; font-family: arial, helvetica, sans-serif;"">FM frequency:87.5-108 MHz</span></span></li><li style=""box-sizing: border-box; margin: 0px; padding: 0px; text-transform: none; list-style: inherit !important;""><span style=""box-sizing: border-box; margin: 0px; border: 0px; font-size: 14px;""><span style=""box-sizing: border-box; margin: 0px; border: 0px; font-family: arial, helvetica, sans-serif;"">FM mode:Stereo digital PLL frequency locking</span></span></li></ul><p style=""box-sizing: border-box; text-rendering: optimizeLegibility; margin: 0px; padding: 0px; line-height: 1.6; font-family: Arial; font-size: 12px; text-transform: none; border: 0px;"">&nbsp;</p><p style=""box-sizing: border-box; text-rendering: optimizeLegibility; margin: 0px; padding: 0px; line-height: 1.6; font-family: Arial; font-size: 12px; text-transform: none; border: 0px;""><span style=""box-sizing: border-box; margin: 0px; border: 0px; font-size: 14px;""><span style=""box-sizing: border-box; margin: 0px; border: 0px; font-family: arial, helvetica, sans-serif;""><span style=""box-sizing: border-box; margin: 0px; border: 0px; font-weight: 900;"">Packing list:</span></span></span></p><ul style=""box-sizing: border-box; list-style: square; margin: 0px 0px 0px 20px; padding: 0px; font-family: Arial; font-size: 12px; line-height: 1.6; border: 0px;""><li style=""box-sizing: border-box; margin: 0px; padding: 0px; text-transform: none; list-style: inherit !important;""><span style=""box-sizing: border-box; margin: 0px; border: 0px; font-size: 14px;""><span style=""box-sizing: border-box; margin: 0px; border: 0px; font-family: arial, helvetica, sans-serif;"">1 x Car charger</span></span></li><li style=""box-sizing: border-box; margin: 0px; padding: 0px; text-transform: none; list-style: inherit !important;""><span style=""box-sizing: border-box; margin: 0px; border: 0px; font-size: 14px;""><span style=""box-sizing: border-box; margin: 0px; border: 0px; font-family: arial, helvetica, sans-serif;"">1 x USB charging cable</span></span></li><li></li></ul></div></article>
Compatible with: All Vehicles
Accessory Type: FM Transmitter Modulator"
Electronics,Headphones & Headsets,2724337343552,2724337343552,Enable,Bluetooth Headset Mini S530 Black,0,0,Other,1000,35,35,35,35,35,"DESCRIPTION:<br><br>4.0 SMART CHIP,EFFICIENT TRANSMISSION SPEED.<br>COMPACT, ULTRA LIGHT DESIGN STEREO BLUETOOTH HEADSET, PORTABLE AND EASY TO CARRY.<br>HIGH-FIDELITY SOUND QUALITY, WIRELESS SONGS ENJOY<br>VOICE REPORT NUMBER, LOW POWER REMIND,CONNECT/DISCONNECT REMIND,BOOT OFF PROMPTS.<br>ALLOWS YOU TO CONVENIENTLY ANSWER CALLS WHILE DRIVING.<br>SUPPORTS TWO MOBILE PHONES SIMULTANEOUSLY CONNECTED.<br>LONG BATTERY LIFE, FAST CHARGING.<br>SUPPORT WECHAT, QQ VOICE CALLS,MOVIE,<br>COMPATIBLE FOR ALMOST ALL THE MOBILE PHONES AND TABLET PC, ETC.<br>SPECIFICATION:<br><br>DRIVE: 40 MM<br>IMPEDANCE: 32 OHM<br>BLUETOOTH VERSION: BLUETOOTH V4.0 EDR<br>POWER LEVEL: CLASS II<br>OUTPUT POWER: 30MW<br>BLUETOOTH DISTANCE: 10 METERS BARRIER<br>FREQUENCY RESPONSE: 20-20000 HZ<br>OPERATING VOLTAGE RANGE: 3.0V-4.2V<br>MICROPHONE SENSITIVITY: -42DB<br>WITH A2DP / AVRCP HIGH-QUALITY STEREO AUDIO TRANSMISSION AND REMOTE CONTROL PROTOCOL<br>POWERFUL NOISE NOISE CANCELLATION CIRCUIT (ACTIVE NOISE REDUCTION)<br>WIRED AND BLUETOOTH AUTOMATICALLY SWITCH TO SUPPORT AUDIO INPUT<br>CHARGING TIME IS ABOUT 1 HOUR (POWER INDICATOR CHARGING: BLUE LIGHT LIGHTS, FULLY CHARGED: BLUE LIGHT GOES OUT)<br>DIMENSIONS: DIAMETER LENGTH 20MM. WIDTH 15MM. 18MM HIGH<br>TALK TIME ABOUT 4 HOURS<br>MUSIC FOR ABOUT 3 HOURS<br>THE STANDBY TIME IS ABOUT 3-4 DAYS<br>CHARGING POWER: DC5V POWER INTERFACE [THE HOLE] (COMPUTER USB PORT, MOBILE PHONE CHARGER, CAR CHARGER)<br>COMPATIBLE:
<br> COMPATIBLE WITH ANDROID, APPLE, MICROSOFT, SYMBIAN 99% OF WITH 
<br>BLUETOOTH CELL PHONES(IOS CELL PHONE HAS POWER DISPLAY)<br>COLOR: Black","DESCRIPTION:<br><br>4.0 SMART CHIP,EFFICIENT TRANSMISSION SPEED.<br>COMPACT, ULTRA LIGHT DESIGN STEREO BLUETOOTH HEADSET, PORTABLE AND EASY TO CARRY.<br>HIGH-FIDELITY SOUND QUALITY, WIRELESS SONGS ENJOY<br>VOICE REPORT NUMBER, LOW POWER REMIND,CONNECT/DISCONNECT REMIND,BOOT OFF PROMPTS.<br>ALLOWS YOU TO CONVENIENTLY ANSWER CALLS WHILE DRIVING.<br>SUPPORTS TWO MOBILE PHONES SIMULTANEOUSLY CONNECTED.<br>LONG BATTERY LIFE, FAST CHARGING.<br>SUPPORT WECHAT, QQ VOICE CALLS,MOVIE,<br>COMPATIBLE FOR ALMOST ALL THE MOBILE PHONES AND TABLET PC, ETC.<br>SPECIFICATION:<br><br>DRIVE: 40 MM<br>IMPEDANCE: 32 OHM<br>BLUETOOTH VERSION: BLUETOOTH V4.0 EDR<br>POWER LEVEL: CLASS II<br>OUTPUT POWER: 30MW<br>BLUETOOTH DISTANCE: 10 METERS BARRIER<br>FREQUENCY RESPONSE: 20-20000 HZ<br>OPERATING VOLTAGE RANGE: 3.0V-4.2V<br>MICROPHONE SENSITIVITY: -42DB<br>WITH A2DP / AVRCP HIGH-QUALITY STEREO AUDIO TRANSMISSION AND REMOTE CONTROL PROTOCOL<br>POWERFUL NOISE NOISE CANCELLATION CIRCUIT (ACTIVE NOISE REDUCTION)<br>WIRED AND BLUETOOTH AUTOMATICALLY SWITCH TO SUPPORT AUDIO INPUT<br>CHARGING TIME IS ABOUT 1 HOUR (POWER INDICATOR CHARGING: BLUE LIGHT LIGHTS, FULLY CHARGED: BLUE LIGHT GOES OUT)<br>DIMENSIONS: DIAMETER LENGTH 20MM. WIDTH 15MM. 18MM HIGH<br>TALK TIME ABOUT 4 HOURS<br>MUSIC FOR ABOUT 3 HOURS<br>THE STANDBY TIME IS ABOUT 3-4 DAYS<br>CHARGING POWER: DC5V POWER INTERFACE [THE HOLE] (COMPUTER USB PORT, MOBILE PHONE CHARGER, CAR CHARGER)<br>COMPATIBLE:
<br> COMPATIBLE WITH ANDROID, APPLE, MICROSOFT, SYMBIAN 99% OF WITH 
<br>BLUETOOTH CELL PHONES(IOS CELL PHONE HAS POWER DISPLAY)<br>COLOR: Black
Compatible with #5705All
Type #5935In Ear"
Electronics,Car Audio & Video Accessories,2724337364380,2724337364380,Enable,360 Degree Rotation Mobile phone Multifunction Car Mount Holder,0,0,Bluedio,1000,13,13,13,13,13,"360 Degree Rotation Mobile phone Multifunction Car Mount Holder
Type:Car Accessories","360 Degree Rotation Mobile phone Multifunction Car Mount Holder
Type:Car Accessories"
Electronics,Headphones & Headsets,2724337629281,2724337629281,Enable,Bluedio H Wireless Bluetooth Headset Music Headphone with Microphone TF Card Slot for Smartphones,0,0,Bluedio,1000,150,150,150,150,150,"calling from Bluetooth 4.1: With robust high speed CPU of Bluetooth 4.1 operating system, comes with ultra-long using of 40 hours music, 45 hours talk and 1625 hours (approximately 67 days) standby time, the same battery,cancellation and noise reduction effectively reduce ambient noise while talking, make far-end listener cannot hear what you said become history, just like talking face to faceMicro SD card music supported: Support Micro SD / TF card up to 32GBCustomized function: Audio Sharing allows you to connect to another H headphone via an audio cable, share music feast with your friends instantly (recommended to use headphones with impedance of 32","calling from Bluetooth 4.1: With robust high speed CPU of Bluetooth 4.1 operating system, comes with ultra-long using of 40 hours music, 45 hours talk and 1625 hours (approximately 67 days) standby time, the same battery,cancellation and noise reduction effectively reduce ambient noise while talking, make far-end listener cannot hear what you said become history, just like talking face to faceMicro SD card music supported: Support Micro SD / TF card up to 32GBCustomized function: Audio Sharing allows you to connect to another H headphone via an audio cable, share music feast with your friends instantly (recommended to use headphones with impedance of 32
Color:Black
Model Number: Q57
Connectivity:Wireless
Compatible with: All
Type: Over Ear"
Electronics,Headphones & Headsets,2724337634940,2724337634940,Enable,Headset stereo 3.5 AUX with Mic - Blue,0,0,Other,1000,42,42,42,42,42,Headset stereo 3.5 AUX with Mic - Blue<ul class='generatedBullets'><li>Brand : Other</li><li>Color : Blue</li><li>Model Number : DM2570</li><li>Connectivity : Wired</li><li>Compatible with : All</li><li>Type : Over Ear</li><li>Microphone included : 1</li><li>Noise Cancelling : 0</li></ul>,"Headset stereo 3.5 AUX with Mic - Blue<ul class='generatedBullets'><li>Brand : Other</li><li>Color : Blue</li><li>Model Number : DM2570</li><li>Connectivity : Wired</li><li>Compatible with : All</li><li>Type : Over Ear</li><li>Microphone included : 1</li><li>Noise Cancelling : 0</li></ul>
Compatible with #5705All
Type #5935Over Ear"
Electronics,Headphones & Headsets,2724337635008,2724337635008,Enable,Headset stereo 3.5 AUX with Mic - Red,0,0,Other,1000,48,48,48,48,48,Headset stereo 3.5 AUX with Mic - Red<ul class='generatedBullets'><li>Brand : Other</li><li>Color : Black</li><li>Model Number : DM2570</li><li>Connectivity : Wired</li><li>Compatible with : All</li><li>Type : Over Ear</li><li>Microphone included : 1</li><li>Noise Cancelling : 0</li></ul>,"Headset stereo 3.5 AUX with Mic - Red<ul class='generatedBullets'><li>Brand : Other</li><li>Color : Black</li><li>Model Number : DM2570</li><li>Connectivity : Wired</li><li>Compatible with : All</li><li>Type : Over Ear</li><li>Microphone included : 1</li><li>Noise Cancelling : 0</li></ul>
Compatible with #5705All
Type #5935Over Ear"
Electronics,Headphones & Headsets,2724337775049,2724337775049,Enable,Ausdom S10 Bluetooth Sport Earphone - Green,0,0,Ausdom,1000,84,84,84,84,84,"<p>Ausdom S10 Bluetooth Sport Earphone<br />Bluetooth 4.1 high-quality and lower power-consumption chip<br />In-ear earplug design &amp; ear-hook design, reduces outside noise to help you focus.<br />Durable Strong Power -- Over 5 hours of continuous calling and playing time, 180 hours standby time<br />Drive-by-wire function make it more easy to control the voice volume and music playing<br />Build-in microphone and hands-free, sweat- and water-resistant design for increased durability</p>","<p>Ausdom S10 Bluetooth Sport Earphone<br />Bluetooth 4.1 high-quality and lower power-consumption chip<br />In-ear earplug design &amp; ear-hook design, reduces outside noise to help you focus.<br />Durable Strong Power -- Over 5 hours of continuous calling and playing time, 180 hours standby time<br />Drive-by-wire function make it more easy to control the voice volume and music playing<br />Build-in microphone and hands-free, sweat- and water-resistant design for increased durability</p>
Color:Green
Model Number: S10
Connectivity:Wireless
Compatible with: All
Type: In Ear"
Electronics,Car Audio & Video Accessories,2724338115639,2724338115639,Enable,3.5mm Car Bluetooth Audio Music Receiver Adapter Auto AUX Streaming A2DP Kit With Micfor Speaker Headphone,0,0,Other,1000,25,25,25,25,25,"<div style=""font-variant-numeric: inherit; margin: 0px; padding: 0px; box-sizing: content-box; border: 0px; font-stretch: inherit; vertical-align: baseline; line-height: 16px;""><span style=""font-variant-numeric: inherit; margin: 0px; padding: 0px; box-sizing: content-box; border: 0px; font-stretch: inherit; line-height: inherit; vertical-align: baseline;"">Specification:</span></div><div style=""font-variant-numeric: inherit; margin: 0px; padding: 0px; box-sizing: content-box; border: 0px; font-stretch: inherit; vertical-align: baseline; line-height: 16px;""><span style=""margin: 0px; padding: 0px; box-sizing: content-box; border: 0px; font-variant-numeric: inherit; font-stretch: inherit; line-height: inherit; vertical-align: baseline;"">Bluetooth 3.0 +EDR, class 2</span></div><div style=""font-variant-numeric: inherit; margin: 0px; padding: 0px; box-sizing: content-box; border: 0px; font-stretch: inherit; vertical-align: baseline; line-height: 16px;""><span style=""margin: 0px; padding: 0px; box-sizing: content-box; border: 0px; font-variant-numeric: inherit; font-stretch: inherit; line-height: inherit; vertical-align: baseline;"">Support s A2DP stereo profile and HFP profile&nbsp;</span></div><div style=""font-variant-numeric: inherit; margin: 0px; padding: 0px; box-sizing: content-box; border: 0px; font-stretch: inherit; vertical-align: baseline; line-height: 16px;""><span style=""margin: 0px; padding: 0px; box-sizing: content-box; border: 0px; font-variant-numeric: inherit; font-stretch: inherit; line-height: inherit; vertical-align: baseline;"">Support DSP, Auto pairing. &nbsp;</span></div><div style=""font-variant-numeric: inherit; margin: 0px; padding: 0px; box-sizing: content-box; border: 0px; font-stretch: inherit; vertical-align: baseline; line-height: 16px;""><span style=""margin: 0px; padding: 0px; box-sizing: content-box; border: 0px; font-variant-numeric: inherit; font-stretch: inherit; line-height: inherit; vertical-align: baseline;"">3.5mm stereo inlet socket</span></div><div style=""font-variant-numeric: inherit; margin: 0px; padding: 0px; box-sizing: content-box; border: 0px; font-stretch: inherit; vertical-align: baseline; line-height: 16px;""><span style=""margin: 0px; padding: 0px; box-sizing: content-box; border: 0px; font-variant-numeric: inherit; font-stretch: inherit; line-height: inherit; vertical-align: baseline;"">Transmission Distance: 10m&nbsp;</span></div><div style=""font-variant-numeric: inherit; margin: 0px; padding: 0px; box-sizing: content-box; border: 0px; font-stretch: inherit; vertical-align: baseline; line-height: 16px;""><span style=""margin: 0px; padding: 0px; box-sizing: content-box; border: 0px; font-variant-numeric: inherit; font-stretch: inherit; line-height: inherit; vertical-align: baseline;"">Work Time: 8 hours</span></div><div style=""font-variant-numeric: inherit; margin: 0px; padding: 0px; box-sizing: content-box; border: 0px; font-stretch: inherit; vertical-align: baseline; line-height: 16px;""><span style=""margin: 0px; padding: 0px; box-sizing: content-box; border: 0px; font-variant-numeric: inherit; font-stretch: inherit; line-height: inherit; vertical-align: baseline;"">Color: Black</span></div><div style=""font-variant-numeric: inherit; margin: 0px; padding: 0px; box-sizing: content-box; border: 0px; font-stretch: inherit; vertical-align: baseline; line-height: 16px;"">&nbsp;</div><div style=""font-variant-numeric: inherit; margin: 0px; padding: 0px; box-sizing: content-box; border: 0px; font-stretch: inherit; vertical-align: baseline; line-height: 16px;"">&nbsp;</div><div style=""font-variant-numeric: inherit; margin: 0px; padding: 0px; box-sizing: content-box; border: 0px; font-stretch: inherit; vertical-align: baseline; line-height: 16px;""><span style=""margin: 0px; padding: 0px; box-sizing: content-box; border: 0px; font-variant-numeric: inherit; font-stretch: inherit; line-height: inherit; vertical-align: baseline;"">Features:</span></div><div style=""font-variant-numeric: inherit; margin: 0px; padding: 0px; box-sizing: content-box; border: 0px; font-stretch: inherit; vertical-align: baseline; line-height: 16px;""><span style=""margin: 0px; padding: 0px; box-sizing: content-box; border: 0px; font-variant-numeric: inherit; font-stretch: inherit; line-height: inherit; vertical-align: baseline;"">Change the traditional Car Stereo systems and Home Audio System into Bluetooth-enabled ones.</span></div><div style=""font-variant-numeric: inherit; margin: 0px; padding: 0px; box-sizing: content-box; border: 0px; font-stretch: inherit; vertical-align: baseline; line-height: 16px;""><span style=""margin: 0px; padding: 0px; box-sizing: content-box; border: 0px; font-variant-numeric: inherit; font-stretch: inherit; line-height: inherit; vertical-align: baseline;"">Easy to pair with Bluetooth-enabled smart phones, laptop, tablet or MP3 / MP4 player, etc.</span></div><div style=""font-variant-numeric: inherit; margin: 0px; padding: 0px; box-sizing: content-box; border: 0px; font-stretch: inherit; vertical-align: baseline; line-height: 16px;""><span style=""margin: 0px; padding: 0px; box-sizing: content-box; border: 0px; font-variant-numeric: inherit; font-stretch: inherit; line-height: inherit; vertical-align: baseline;"">After paired, you can listen to music form your phone, laptop or MP3 without the hassle of cables.</span></div><div style=""font-variant-numeric: inherit; margin: 0px; padding: 0px; box-sizing: content-box; border: 0px; font-stretch: inherit; vertical-align: baseline; line-height: 16px;""><span style=""margin: 0px; padding: 0px; box-sizing: content-box; border: 0px; font-variant-numeric: inherit; font-stretch: inherit; line-height: inherit; vertical-align: baseline;"">With a HD Microphone, and uses the noise cancellation technology.</span></div><div style=""font-variant-numeric: inherit; margin: 0px; padding: 0px; box-sizing: content-box; border: 0px; font-stretch: inherit; vertical-align: baseline; line-height: 16px;""><span style=""margin: 0px; padding: 0px; box-sizing: content-box; border: 0px; font-variant-numeric: inherit; font-stretch: inherit; line-height: inherit; vertical-align: baseline;"">Its hands-free function will bring you much convenience and let you keep safe during drive.</span></div><div style=""font-variant-numeric: inherit; margin: 0px; padding: 0px; box-sizing: content-box; border: 0px; font-stretch: inherit; vertical-align: baseline; line-height: 16px;""><span style=""margin: 0px; padding: 0px; box-sizing: content-box; border: 0px; font-variant-numeric: inherit; font-stretch: inherit; line-height: inherit; vertical-align: baseline;"">Simple wireless connection to existing audio devices, compatible with any stereo line input.</span></div><div style=""font-variant-numeric: inherit; margin: 0px; padding: 0px; box-sizing: content-box; border: 0px; font-stretch: inherit; vertical-align: baseline; line-height: 16px;""><span style=""margin: 0px; padding: 0px; box-sizing: content-box; border: 0px; font-variant-numeric: inherit; font-stretch: inherit; line-height: inherit; vertical-align: baseline;"">Equipped with a micro USB charging port, can be easily charged by computer or any other device with USB interface.&nbsp;</span></div><div style=""font-variant-numeric: inherit; margin: 0px; padding: 0px; box-sizing: content-box; border: 0px; font-stretch: inherit; vertical-align: baseline; line-height: 16px;""><span style=""margin: 0px; padding: 0px; box-sizing: content-box; border: 0px; font-variant-numeric: inherit; font-stretch: inherit; line-height: inherit; vertical-align: baseline;"">Sleep mode for energy saving.</span></div><div style=""font-variant-numeric: inherit; margin: 0px; padding: 0px; box-sizing: content-box; border: 0px; font-stretch: inherit; vertical-align: baseline; line-height: 16px;""><span style=""margin: 0px; padding: 0px; box-sizing: content-box; border: 0px; font-variant-numeric: inherit; font-stretch: inherit; line-height: inherit; vertical-align: baseline;"">Use compact portable design for easy carry.&nbsp;</span></div><div style=""font-variant-numeric: inherit; margin: 0px; padding: 0px; box-sizing: content-box; border: 0px; font-stretch: inherit; vertical-align: baseline; line-height: 16px;""><span style=""margin: 0px; padding: 0px; box-sizing: content-box; border: 0px; font-variant-numeric: inherit; font-stretch: inherit; line-height: inherit; vertical-align: baseline;"">Applications: Car Stereo systems, Home Audio System, headphones, etc.&nbsp;</span></div><div style=""font-variant-numeric: inherit; margin: 0px; padding: 0px; box-sizing: content-box; border: 0px; font-stretch: inherit; vertical-align: baseline; line-height: 16px;"">&nbsp;</div><div style=""font-variant-numeric: inherit; margin: 0px; padding: 0px; box-sizing: content-box; border: 0px; font-stretch: inherit; vertical-align: baseline; line-height: 16px;"">&nbsp;</div><div style=""font-variant-numeric: inherit; margin: 0px; padding: 0px; box-sizing: content-box; border: 0px; font-stretch: inherit; vertical-align: baseline; line-height: 16px;""><span style=""margin: 0px; padding: 0px; box-sizing: content-box; border: 0px; font-variant-numeric: inherit; font-stretch: inherit; line-height: inherit; vertical-align: baseline;"">Package List:</span></div><div style=""font-variant-numeric: inherit; margin: 0px; padding: 0px; box-sizing: content-box; border: 0px; font-stretch: inherit; vertical-align: baseline; line-height: 16px;""><span style=""margin: 0px; padding: 0px; box-sizing: content-box; border: 0px; font-variant-numeric: inherit; font-stretch: inherit; line-height: inherit; vertical-align: baseline;"">1 * Bluetooth Receiver</span></div><div style=""font-variant-numeric: inherit; margin: 0px; padding: 0px; box-sizing: content-box; border: 0px; font-stretch: inherit; vertical-align: baseline; line-height: 16px;""><span style=""margin: 0px; padding: 0px; box-sizing: content-box; border: 0px; font-variant-numeric: inherit; font-stretch: inherit; line-height: inherit; vertical-align: baseline;"">1 * 3.5mm Connector&nbsp;</span></div><div style=""font-variant-numeric: inherit; margin: 0px; padding: 0px; box-sizing: content-box; border: 0px; font-stretch: inherit; vertical-align: baseline; line-height: 16px;""><span style=""margin: 0px; padding: 0px; box-sizing: content-box; border: 0px; font-variant-numeric: inherit; font-stretch: inherit; line-height: inherit; vertical-align: baseline;"">1 * USB Cable&nbsp;</span></div><div style=""font-variant-numeric: inherit; margin: 0px; padding: 0px; box-sizing: content-box; border: 0px; font-stretch: inherit; vertical-align: baseline; line-height: 16px;""><span style=""font-variant-numeric: inherit; margin: 0px; padding: 0px; box-sizing: content-box; border: 0px; font-stretch: inherit; line-height: inherit; vertical-align: baseline;"">1 * English User Manual&nbsp;</span></div>","<div style=""font-variant-numeric: inherit; margin: 0px; padding: 0px; box-sizing: content-box; border: 0px; font-stretch: inherit; vertical-align: baseline; line-height: 16px;""><span style=""font-variant-numeric: inherit; margin: 0px; padding: 0px; box-sizing: content-box; border: 0px; font-stretch: inherit; line-height: inherit; vertical-align: baseline;"">Specification:</span></div><div style=""font-variant-numeric: inherit; margin: 0px; padding: 0px; box-sizing: content-box; border: 0px; font-stretch: inherit; vertical-align: baseline; line-height: 16px;""><span style=""margin: 0px; padding: 0px; box-sizing: content-box; border: 0px; font-variant-numeric: inherit; font-stretch: inherit; line-height: inherit; vertical-align: baseline;"">Bluetooth 3.0 +EDR, class 2</span></div><div style=""font-variant-numeric: inherit; margin: 0px; padding: 0px; box-sizing: content-box; border: 0px; font-stretch: inherit; vertical-align: baseline; line-height: 16px;""><span style=""margin: 0px; padding: 0px; box-sizing: content-box; border: 0px; font-variant-numeric: inherit; font-stretch: inherit; line-height: inherit; vertical-align: baseline;"">Support s A2DP stereo profile and HFP profile&nbsp;</span></div><div style=""font-variant-numeric: inherit; margin: 0px; padding: 0px; box-sizing: content-box; border: 0px; font-stretch: inherit; vertical-align: baseline; line-height: 16px;""><span style=""margin: 0px; padding: 0px; box-sizing: content-box; border: 0px; font-variant-numeric: inherit; font-stretch: inherit; line-height: inherit; vertical-align: baseline;"">Support DSP, Auto pairing. &nbsp;</span></div><div style=""font-variant-numeric: inherit; margin: 0px; padding: 0px; box-sizing: content-box; border: 0px; font-stretch: inherit; vertical-align: baseline; line-height: 16px;""><span style=""margin: 0px; padding: 0px; box-sizing: content-box; border: 0px; font-variant-numeric: inherit; font-stretch: inherit; line-height: inherit; vertical-align: baseline;"">3.5mm stereo inlet socket</span></div><div style=""font-variant-numeric: inherit; margin: 0px; padding: 0px; box-sizing: content-box; border: 0px; font-stretch: inherit; vertical-align: baseline; line-height: 16px;""><span style=""margin: 0px; padding: 0px; box-sizing: content-box; border: 0px; font-variant-numeric: inherit; font-stretch: inherit; line-height: inherit; vertical-align: baseline;"">Transmission Distance: 10m&nbsp;</span></div><div style=""font-variant-numeric: inherit; margin: 0px; padding: 0px; box-sizing: content-box; border: 0px; font-stretch: inherit; vertical-align: baseline; line-height: 16px;""><span style=""margin: 0px; padding: 0px; box-sizing: content-box; border: 0px; font-variant-numeric: inherit; font-stretch: inherit; line-height: inherit; vertical-align: baseline;"">Work Time: 8 hours</span></div><div style=""font-variant-numeric: inherit; margin: 0px; padding: 0px; box-sizing: content-box; border: 0px; font-stretch: inherit; vertical-align: baseline; line-height: 16px;""><span style=""margin: 0px; padding: 0px; box-sizing: content-box; border: 0px; font-variant-numeric: inherit; font-stretch: inherit; line-height: inherit; vertical-align: baseline;"">Color: Black</span></div><div style=""font-variant-numeric: inherit; margin: 0px; padding: 0px; box-sizing: content-box; border: 0px; font-stretch: inherit; vertical-align: baseline; line-height: 16px;"">&nbsp;</div><div style=""font-variant-numeric: inherit; margin: 0px; padding: 0px; box-sizing: content-box; border: 0px; font-stretch: inherit; vertical-align: baseline; line-height: 16px;"">&nbsp;</div><div style=""font-variant-numeric: inherit; margin: 0px; padding: 0px; box-sizing: content-box; border: 0px; font-stretch: inherit; vertical-align: baseline; line-height: 16px;""><span style=""margin: 0px; padding: 0px; box-sizing: content-box; border: 0px; font-variant-numeric: inherit; font-stretch: inherit; line-height: inherit; vertical-align: baseline;"">Features:</span></div><div style=""font-variant-numeric: inherit; margin: 0px; padding: 0px; box-sizing: content-box; border: 0px; font-stretch: inherit; vertical-align: baseline; line-height: 16px;""><span style=""margin: 0px; padding: 0px; box-sizing: content-box; border: 0px; font-variant-numeric: inherit; font-stretch: inherit; line-height: inherit; vertical-align: baseline;"">Change the traditional Car Stereo systems and Home Audio System into Bluetooth-enabled ones.</span></div><div style=""font-variant-numeric: inherit; margin: 0px; padding: 0px; box-sizing: content-box; border: 0px; font-stretch: inherit; vertical-align: baseline; line-height: 16px;""><span style=""margin: 0px; padding: 0px; box-sizing: content-box; border: 0px; font-variant-numeric: inherit; font-stretch: inherit; line-height: inherit; vertical-align: baseline;"">Easy to pair with Bluetooth-enabled smart phones, laptop, tablet or MP3 / MP4 player, etc.</span></div><div style=""font-variant-numeric: inherit; margin: 0px; padding: 0px; box-sizing: content-box; border: 0px; font-stretch: inherit; vertical-align: baseline; line-height: 16px;""><span style=""margin: 0px; padding: 0px; box-sizing: content-box; border: 0px; font-variant-numeric: inherit; font-stretch: inherit; line-height: inherit; vertical-align: baseline;"">After paired, you can listen to music form your phone, laptop or MP3 without the hassle of cables.</span></div><div style=""font-variant-numeric: inherit; margin: 0px; padding: 0px; box-sizing: content-box; border: 0px; font-stretch: inherit; vertical-align: baseline; line-height: 16px;""><span style=""margin: 0px; padding: 0px; box-sizing: content-box; border: 0px; font-variant-numeric: inherit; font-stretch: inherit; line-height: inherit; vertical-align: baseline;"">With a HD Microphone, and uses the noise cancellation technology.</span></div><div style=""font-variant-numeric: inherit; margin: 0px; padding: 0px; box-sizing: content-box; border: 0px; font-stretch: inherit; vertical-align: baseline; line-height: 16px;""><span style=""margin: 0px; padding: 0px; box-sizing: content-box; border: 0px; font-variant-numeric: inherit; font-stretch: inherit; line-height: inherit; vertical-align: baseline;"">Its hands-free function will bring you much convenience and let you keep safe during drive.</span></div><div style=""font-variant-numeric: inherit; margin: 0px; padding: 0px; box-sizing: content-box; border: 0px; font-stretch: inherit; vertical-align: baseline; line-height: 16px;""><span style=""margin: 0px; padding: 0px; box-sizing: content-box; border: 0px; font-variant-numeric: inherit; font-stretch: inherit; line-height: inherit; vertical-align: baseline;"">Simple wireless connection to existing audio devices, compatible with any stereo line input.</span></div><div style=""font-variant-numeric: inherit; margin: 0px; padding: 0px; box-sizing: content-box; border: 0px; font-stretch: inherit; vertical-align: baseline; line-height: 16px;""><span style=""margin: 0px; padding: 0px; box-sizing: content-box; border: 0px; font-variant-numeric: inherit; font-stretch: inherit; line-height: inherit; vertical-align: baseline;"">Equipped with a micro USB charging port, can be easily charged by computer or any other device with USB interface.&nbsp;</span></div><div style=""font-variant-numeric: inherit; margin: 0px; padding: 0px; box-sizing: content-box; border: 0px; font-stretch: inherit; vertical-align: baseline; line-height: 16px;""><span style=""margin: 0px; padding: 0px; box-sizing: content-box; border: 0px; font-variant-numeric: inherit; font-stretch: inherit; line-height: inherit; vertical-align: baseline;"">Sleep mode for energy saving.</span></div><div style=""font-variant-numeric: inherit; margin: 0px; padding: 0px; box-sizing: content-box; border: 0px; font-stretch: inherit; vertical-align: baseline; line-height: 16px;""><span style=""margin: 0px; padding: 0px; box-sizing: content-box; border: 0px; font-variant-numeric: inherit; font-stretch: inherit; line-height: inherit; vertical-align: baseline;"">Use compact portable design for easy carry.&nbsp;</span></div><div style=""font-variant-numeric: inherit; margin: 0px; padding: 0px; box-sizing: content-box; border: 0px; font-stretch: inherit; vertical-align: baseline; line-height: 16px;""><span style=""margin: 0px; padding: 0px; box-sizing: content-box; border: 0px; font-variant-numeric: inherit; font-stretch: inherit; line-height: inherit; vertical-align: baseline;"">Applications: Car Stereo systems, Home Audio System, headphones, etc.&nbsp;</span></div><div style=""font-variant-numeric: inherit; margin: 0px; padding: 0px; box-sizing: content-box; border: 0px; font-stretch: inherit; vertical-align: baseline; line-height: 16px;"">&nbsp;</div><div style=""font-variant-numeric: inherit; margin: 0px; padding: 0px; box-sizing: content-box; border: 0px; font-stretch: inherit; vertical-align: baseline; line-height: 16px;"">&nbsp;</div><div style=""font-variant-numeric: inherit; margin: 0px; padding: 0px; box-sizing: content-box; border: 0px; font-stretch: inherit; vertical-align: baseline; line-height: 16px;""><span style=""margin: 0px; padding: 0px; box-sizing: content-box; border: 0px; font-variant-numeric: inherit; font-stretch: inherit; line-height: inherit; vertical-align: baseline;"">Package List:</span></div><div style=""font-variant-numeric: inherit; margin: 0px; padding: 0px; box-sizing: content-box; border: 0px; font-stretch: inherit; vertical-align: baseline; line-height: 16px;""><span style=""margin: 0px; padding: 0px; box-sizing: content-box; border: 0px; font-variant-numeric: inherit; font-stretch: inherit; line-height: inherit; vertical-align: baseline;"">1 * Bluetooth Receiver</span></div><div style=""font-variant-numeric: inherit; margin: 0px; padding: 0px; box-sizing: content-box; border: 0px; font-stretch: inherit; vertical-align: baseline; line-height: 16px;""><span style=""margin: 0px; padding: 0px; box-sizing: content-box; border: 0px; font-variant-numeric: inherit; font-stretch: inherit; line-height: inherit; vertical-align: baseline;"">1 * 3.5mm Connector&nbsp;</span></div><div style=""font-variant-numeric: inherit; margin: 0px; padding: 0px; box-sizing: content-box; border: 0px; font-stretch: inherit; vertical-align: baseline; line-height: 16px;""><span style=""margin: 0px; padding: 0px; box-sizing: content-box; border: 0px; font-variant-numeric: inherit; font-stretch: inherit; line-height: inherit; vertical-align: baseline;"">1 * USB Cable&nbsp;</span></div><div style=""font-variant-numeric: inherit; margin: 0px; padding: 0px; box-sizing: content-box; border: 0px; font-stretch: inherit; vertical-align: baseline; line-height: 16px;""><span style=""font-variant-numeric: inherit; margin: 0px; padding: 0px; box-sizing: content-box; border: 0px; font-stretch: inherit; line-height: inherit; vertical-align: baseline;"">1 * English User Manual&nbsp;</span></div>
Compatible with: All Vehicles
Accessory Type: Bluetooth Car Kits"
Electronics,Smart Watches,2724338368837,2724338368837,Enable,smart watch w-001single sim with camera BLACK COLOR,0,0,Other,1000,143,143,143,143,143,"ColorBlackScreen Size1.54 InchScreen TypeTFT TouchscreenOS SupportAndroid,iOs,WindowsCamera Type2MPSim SupportSingle SimSim TypeMicroData2GConnectivityBluetooth,FMStrap MaterialSilicone Plastic","ColorBlackScreen Size1.54 InchScreen TypeTFT TouchscreenOS SupportAndroid,iOs,WindowsCamera Type2MPSim SupportSingle SimSim TypeMicroData2GConnectivityBluetooth,FMStrap MaterialSilicone Plastic
Color: Black
RAM Size: 
Operating System: Android
SIM card support: Yes
With Camera: 
Band Material: Plastic
Compatible Operating Systems : Android & iOS"
Electronics,Smart Watches,2724338370250,2724338370250,Enable,smart watch w-001single sim with camera WHITE COLOR,0,0,Other,1000,132,132,132,132,132,"ColorWhiteScreen Size1.54 InchScreen TypeTFT TouchscreenOS SupportAndroid,iOs,WindowsCamera Type2MPSim SupportSingle SimSim TypeMicroData2GConnectivityBluetooth,FMStrap MaterialSilicone Plastic","ColorWhiteScreen Size1.54 InchScreen TypeTFT TouchscreenOS SupportAndroid,iOs,WindowsCamera Type2MPSim SupportSingle SimSim TypeMicroData2GConnectivityBluetooth,FMStrap MaterialSilicone Plastic
Color: White
RAM Size: 
Operating System: Android
SIM card support: Yes
With Camera: 
Band Material: Plastic
Compatible Operating Systems : Android & iOS"
Electronics,Cables,2724338525490,2724338525490,Enable,Apple Lightning to USB Charging & Data Cable 1M,0,0,Apple,1000,19,19,19,19,19,Apple Lightning to USB Charging &amp; Data Cable 1M,"Apple Lightning to USB Charging &amp; Data Cable 1M
Type: Cables
Compatible with: Mobile Phones"
Electronics,Car Audio & Video Accessories,2724338688683,2724338688683,Enable,AUX Bluetooth For Car And Multimedia Players,0,0,Other,1000,25,25,25,25,25,"<div>Piece convert port (AUX) to the Bluetooth link and enjoy listening to music without cables, high quality, Compatible with all mobiles phones and it is easy to used.</div><div><br></div>","<div>Piece convert port (AUX) to the Bluetooth link and enjoy listening to music without cables, high quality, Compatible with all mobiles phones and it is easy to used.</div><div><br></div>
Compatible with: All Vehicles
Accessory Type: FM Transmitter Modulator"
Electronics,Headphones & Headsets,2724338996634,2724338996634,Enable,"Wireless Headphone NIA 851S FM Radio Micro SD Player Bluetooth Headset,Blue [BTT-05]",0,0,NIA,1000,65,65,65,65,65,"ENJOY MUSIC:ENJOY MUSIC WIRELESSLY FROM STEREO BLUETOOTH ENABLED MUSIC PLAYER AND MOBILE PHONES.WITH THE BUILT-IN QUALITY MP3 DECODING CHIP, YOU CAN ENJOY MP3 FORMAT MUSIC STORED IN THE MINIMEMORY CARD, WIRELESS MUSIC ENJOYMENT IS MUCH MORE WONDERFUL. THE BUILT-IN FM STEREO RADIO CANSTORE 20 CHANNELS PROGRAM ENRICHING YOUR ENJOYMENT.USE CONNECTOR:PLUG ONE END OF THE ACCESSORY CABLE INTO AUDIO INPUT INTERFACE OF THE EARPHONE, AND CONNECT THEOTHER END WITH THE 3.5MM EARPHONE JACK OF THE MUSIC PLAYER, OR EARPHONE JACK ON THE PC. THUS, YOUWILL GET AN EARPHONE WITH EXCELLENT PERFORMANCE.SPECIFICATION:BLUETOOTH VERSION:V2.1 EDRTRANSMISSION DISTANCE:10M(32.8FT)COMPATIBLE BLUETOOTH PROFILES:A2DP,AVRCP,HSP,HFPSPECKER DIAMETER: 40MMSPECKER IMPEDANCE: 32OHMSPECKER SENSIBILITY: 108DB /- 3DBFREQUENCY RESPONSE: 20-20000HZRADIO:FREQUENCY RANGE: 87-108MHZPACKAGE INCLUDED:1X HEADSET1X USB CABLE","ENJOY MUSIC:ENJOY MUSIC WIRELESSLY FROM STEREO BLUETOOTH ENABLED MUSIC PLAYER AND MOBILE PHONES.WITH THE BUILT-IN QUALITY MP3 DECODING CHIP, YOU CAN ENJOY MP3 FORMAT MUSIC STORED IN THE MINIMEMORY CARD, WIRELESS MUSIC ENJOYMENT IS MUCH MORE WONDERFUL. THE BUILT-IN FM STEREO RADIO CANSTORE 20 CHANNELS PROGRAM ENRICHING YOUR ENJOYMENT.USE CONNECTOR:PLUG ONE END OF THE ACCESSORY CABLE INTO AUDIO INPUT INTERFACE OF THE EARPHONE, AND CONNECT THEOTHER END WITH THE 3.5MM EARPHONE JACK OF THE MUSIC PLAYER, OR EARPHONE JACK ON THE PC. THUS, YOUWILL GET AN EARPHONE WITH EXCELLENT PERFORMANCE.SPECIFICATION:BLUETOOTH VERSION:V2.1 EDRTRANSMISSION DISTANCE:10M(32.8FT)COMPATIBLE BLUETOOTH PROFILES:A2DP,AVRCP,HSP,HFPSPECKER DIAMETER: 40MMSPECKER IMPEDANCE: 32OHMSPECKER SENSIBILITY: 108DB /- 3DBFREQUENCY RESPONSE: 20-20000HZRADIO:FREQUENCY RANGE: 87-108MHZPACKAGE INCLUDED:1X HEADSET1X USB CABLE
Color:Blue
Model Number: Q8-851S
Connectivity:Wireless
Compatible with: Mobile Phones
Type: Over Ear"
Electronics,Headphones & Headsets,2724338997129,2724338997129,Enable,"Wireless Headphone NIA 851S FM Radio Micro SD Player Bluetooth Headset,Red [BTT-05]",0,0,NIA,1000,65,65,65,65,65,"ENJOY MUSIC:<br>ENJOY MUSIC WIRELESSLY FROM STEREO BLUETOOTH ENABLED MUSIC PLAYER AND MOBILE PHONES.<br>WITH THE BUILT-IN QUALITY MP3 DECODING CHIP, YOU CAN ENJOY MP3 FORMAT MUSIC STORED IN THE MINI<br>MEMORY CARD, WIRELESS MUSIC ENJOYMENT IS MUCH MORE WONDERFUL. THE BUILT-IN FM STEREO RADIO CAN<br>STORE 20 CHANNELS PROGRAM ENRICHING YOUR ENJOYMENT.<br><br>USE CONNECTOR:<br>PLUG ONE END OF THE ACCESSORY CABLE INTO AUDIO INPUT INTERFACE OF THE EARPHONE, AND CONNECT THE<br>OTHER END WITH THE 3.5MM EARPHONE JACK OF THE MUSIC PLAYER, OR EARPHONE JACK ON THE PC. THUS, YOU<br>WILL GET AN EARPHONE WITH EXCELLENT PERFORMANCE.<br><br>SPECIFICATION:<br>BLUETOOTH VERSION:V2.1 EDR<br>TRANSMISSION DISTANCE:10M(32.8FT)<br>COMPATIBLE BLUETOOTH PROFILES:A2DP,AVRCP,HSP,HFP<br>SPECKER DIAMETER: 40MM<br>SPECKER IMPEDANCE: 32OHM<br>SPECKER SENSIBILITY: 108DB /- 3DB<br>FREQUENCY RESPONSE: 20-20000HZ<br>RADIO:FREQUENCY RANGE: 87-108MHZ<br><br>PACKAGE INCLUDED:<br>1X HEADSET<br>1X USB CABLE","ENJOY MUSIC:<br>ENJOY MUSIC WIRELESSLY FROM STEREO BLUETOOTH ENABLED MUSIC PLAYER AND MOBILE PHONES.<br>WITH THE BUILT-IN QUALITY MP3 DECODING CHIP, YOU CAN ENJOY MP3 FORMAT MUSIC STORED IN THE MINI<br>MEMORY CARD, WIRELESS MUSIC ENJOYMENT IS MUCH MORE WONDERFUL. THE BUILT-IN FM STEREO RADIO CAN<br>STORE 20 CHANNELS PROGRAM ENRICHING YOUR ENJOYMENT.<br><br>USE CONNECTOR:<br>PLUG ONE END OF THE ACCESSORY CABLE INTO AUDIO INPUT INTERFACE OF THE EARPHONE, AND CONNECT THE<br>OTHER END WITH THE 3.5MM EARPHONE JACK OF THE MUSIC PLAYER, OR EARPHONE JACK ON THE PC. THUS, YOU<br>WILL GET AN EARPHONE WITH EXCELLENT PERFORMANCE.<br><br>SPECIFICATION:<br>BLUETOOTH VERSION:V2.1 EDR<br>TRANSMISSION DISTANCE:10M(32.8FT)<br>COMPATIBLE BLUETOOTH PROFILES:A2DP,AVRCP,HSP,HFP<br>SPECKER DIAMETER: 40MM<br>SPECKER IMPEDANCE: 32OHM<br>SPECKER SENSIBILITY: 108DB /- 3DB<br>FREQUENCY RESPONSE: 20-20000HZ<br>RADIO:FREQUENCY RANGE: 87-108MHZ<br><br>PACKAGE INCLUDED:<br>1X HEADSET<br>1X USB CABLE
Color:Red
Model Number: Q8-851S
Connectivity:Wireless
Compatible with: Mobile Phones
Type: In Ear"
Electronics,Headphones & Headsets,2724339062192,2724339062192,Enable,"Bluedio UFO Bluetooth Wireless Headphone with Microphone , Purple , UFO",0,0,Bluedio,1000,499,499,499,499,499,"<p>The Bluedio UFO Bluetooth 3D Sound Headset provides excellent sound with great bass and a good battery life. It offers an incredible playback time of 25 hours thanks to the Bluetooth 4.1 low power technology. The Bluedio UFO headset employs a unique 8 driver design that reproduces every single note with absolute clarity. Correspondingly, the Bluedio innovative PPS8 technology lets you experience a more balanced and crisp audio. The headset is compatible with tablets, smartphones or Bluetooth enabled MP3 players. It is fantastically crafted with superior quality Al Ti alloy for enhanced durability.</p>
<p><br />Product Top Features:</p>
<p>&bull; Frequency: 5Hz -25000Hz<br />&bull; Bluetooth 4.1<br />&bull; Weight: 335g</p>
<p><br />Get The Beats Going</p>
<p>The Bluedio UFO reviews are a testimony to this headset's outstanding audio experience. Delivering a deep, powerful, and balanced sound is the exclusive PPS8 technology with the new innovative 8 driver design. The headset supports Bluetooth 4.1 technology that saves power and offers a whopping 25 hour music time. Plus, it also lets you use this device wirelessly within a 30ft range. Dramatically enhancing your music experience is the 3D Sound effect function that brings all of your music to life and offers an immersive experience.</p>
<p><br />Top Notch Looks</p>
<p>The Bluedio UFO specs comprise of a combination of features that make this headset a favorite. It is constructed using Al Ti alloy material that features high durability and reliability. Plus, its lightweight design eliminates ear fatigue brought on by prolonged listening.</p>","<p>The Bluedio UFO Bluetooth 3D Sound Headset provides excellent sound with great bass and a good battery life. It offers an incredible playback time of 25 hours thanks to the Bluetooth 4.1 low power technology. The Bluedio UFO headset employs a unique 8 driver design that reproduces every single note with absolute clarity. Correspondingly, the Bluedio innovative PPS8 technology lets you experience a more balanced and crisp audio. The headset is compatible with tablets, smartphones or Bluetooth enabled MP3 players. It is fantastically crafted with superior quality Al Ti alloy for enhanced durability.</p>
<p><br />Product Top Features:</p>
<p>&bull; Frequency: 5Hz -25000Hz<br />&bull; Bluetooth 4.1<br />&bull; Weight: 335g</p>
<p><br />Get The Beats Going</p>
<p>The Bluedio UFO reviews are a testimony to this headset's outstanding audio experience. Delivering a deep, powerful, and balanced sound is the exclusive PPS8 technology with the new innovative 8 driver design. The headset supports Bluetooth 4.1 technology that saves power and offers a whopping 25 hour music time. Plus, it also lets you use this device wirelessly within a 30ft range. Dramatically enhancing your music experience is the 3D Sound effect function that brings all of your music to life and offers an immersive experience.</p>
<p><br />Top Notch Looks</p>
<p>The Bluedio UFO specs comprise of a combination of features that make this headset a favorite. It is constructed using Al Ti alloy material that features high durability and reliability. Plus, its lightweight design eliminates ear fatigue brought on by prolonged listening.</p>
Compatible with #5705All
Type: Over Ear"
Electronics,Headphones & Headsets,2724339062239,2724339062239,Enable,"Bluedio UFO Bluetooth Wireless Headphone with Microphone , Gold , UFO",0,0,Bluedio,1000,799,799,799,799,799,"<p>The Bluedio UFO Bluetooth 3D Sound Headset provides excellent sound with great bass and a good battery life. It offers an incredible playback time of 25 hours thanks to the Bluetooth 4.1 low power technology. The Bluedio UFO headset employs a unique 8 driver design that reproduces every single note with absolute clarity. Correspondingly, the Bluedio innovative PPS8 technology lets you experience a more balanced and crisp audio. The headset is compatible with tablets, smartphones or Bluetooth enabled MP3 players. It is fantastically crafted with superior quality Al Ti alloy for enhanced durability.</p>
<p><br />Product Top Features:</p>
<p>&bull; Frequency: 5Hz -25000Hz<br />&bull; Bluetooth 4.1<br />&bull; Weight: 335g</p>
<p><br />Get The Beats Going</p>
<p>The Bluedio UFO reviews are a testimony to this headset's outstanding audio experience. Delivering a deep, powerful, and balanced sound is the exclusive PPS8 technology with the new innovative 8 driver design. The headset supports Bluetooth 4.1 technology that saves power and offers a whopping 25 hour music time. Plus, it also lets you use this device wirelessly within a 30ft range. Dramatically enhancing your music experience is the 3D Sound effect function that brings all of your music to life and offers an immersive experience.</p>
<p><br />Top Notch Looks</p>
<p>The Bluedio UFO specs comprise of a combination of features that make this headset a favorite. It is constructed using Al Ti alloy material that features high durability and reliability. Plus, its lightweight design eliminates ear fatigue brought on by prolonged listening.</p>","<p>The Bluedio UFO Bluetooth 3D Sound Headset provides excellent sound with great bass and a good battery life. It offers an incredible playback time of 25 hours thanks to the Bluetooth 4.1 low power technology. The Bluedio UFO headset employs a unique 8 driver design that reproduces every single note with absolute clarity. Correspondingly, the Bluedio innovative PPS8 technology lets you experience a more balanced and crisp audio. The headset is compatible with tablets, smartphones or Bluetooth enabled MP3 players. It is fantastically crafted with superior quality Al Ti alloy for enhanced durability.</p>
<p><br />Product Top Features:</p>
<p>&bull; Frequency: 5Hz -25000Hz<br />&bull; Bluetooth 4.1<br />&bull; Weight: 335g</p>
<p><br />Get The Beats Going</p>
<p>The Bluedio UFO reviews are a testimony to this headset's outstanding audio experience. Delivering a deep, powerful, and balanced sound is the exclusive PPS8 technology with the new innovative 8 driver design. The headset supports Bluetooth 4.1 technology that saves power and offers a whopping 25 hour music time. Plus, it also lets you use this device wirelessly within a 30ft range. Dramatically enhancing your music experience is the 3D Sound effect function that brings all of your music to life and offers an immersive experience.</p>
<p><br />Top Notch Looks</p>
<p>The Bluedio UFO specs comprise of a combination of features that make this headset a favorite. It is constructed using Al Ti alloy material that features high durability and reliability. Plus, its lightweight design eliminates ear fatigue brought on by prolonged listening.</p>
Compatible with #5705All
Type: Over Ear"
Electronics,Headphones & Headsets,2724339186485,2724339186485,Enable,Blue Wireless Headphone NIA 851S FM Radio Micro SD Player Bluetooth Headset,0,0,NIA,1000,59,59,59,59,59,"Features:Stereo music + call answeringWireless enjoy stereo music playing and set aside to answer the call automatically converted.Suitable for Cellphone, iPod, iPad, Tablet PC, Notebook and PC.Work with All the bluetooth Smartphone. Such As iPhone 4 4S 5 5S 5C 6 Plus 6S Plus S, Samsung Galaxy S3 S4 S5 S6 Edge, Note 2 3, LG, HTC, Motorola, Nokia and Sony, etc.Item Specification:Charge time:2 hrsBluetooth version: Buletooth 3.0 + EDR, wireless transmitter standard of class IIFrequency coverage: 2.402-2.480GHz ISM bandChannel: 79 channels of 1MHz, B/WSensitivity: -80dbmBluetooth range: up to 10mTransmit speed: 57-723KbpsStereo compression ratio: 44.1/48kHzContact terms: Point-to-PointCharge power : PC USB, 5VCharge power: Input 110/220V 50/60 Hz 150mAPackage Content:1 x Sports Bluetooth Headset1 x USB Cable","Features:Stereo music + call answeringWireless enjoy stereo music playing and set aside to answer the call automatically converted.Suitable for Cellphone, iPod, iPad, Tablet PC, Notebook and PC.Work with All the bluetooth Smartphone. Such As iPhone 4 4S 5 5S 5C 6 Plus 6S Plus S, Samsung Galaxy S3 S4 S5 S6 Edge, Note 2 3, LG, HTC, Motorola, Nokia and Sony, etc.Item Specification:Charge time:2 hrsBluetooth version: Buletooth 3.0 + EDR, wireless transmitter standard of class IIFrequency coverage: 2.402-2.480GHz ISM bandChannel: 79 channels of 1MHz, B/WSensitivity: -80dbmBluetooth range: up to 10mTransmit speed: 57-723KbpsStereo compression ratio: 44.1/48kHzContact terms: Point-to-PointCharge power : PC USB, 5VCharge power: Input 110/220V 50/60 Hz 150mAPackage Content:1 x Sports Bluetooth Headset1 x USB Cable
Color:Blue
Model Number: Q8-851S
Connectivity:Wireless
Compatible with: Mobile Phones
Type: Over Ear"
Electronics,Headphones & Headsets,2724339190031,2724339190031,Enable,Pink Wireless Headphone NIA 851S FM Radio Micro SD Player Bluetooth Headset,0,0,NIA,1000,65,65,65,65,65,"<div>Features:</div><div>Stereo music + call answering</div><div>Wireless enjoy stereo music playing and set aside to answer the call automatically converted.</div><div>Suitable for Cellphone, iPod, iPad, Tablet PC, Notebook and PC.</div><div>Work with All the bluetooth Smartphone. Such As iPhone 4 4S 5 5S 5C 6 Plus 6S Plus S, Samsung Galaxy S3 S4 S5 S6 Edge, Note 2 3, LG, HTC, Motorola, Nokia and Sony, etc.</div><div><br></div><div>Item Specification:</div><div>Charge time:2 hrs</div><div>Bluetooth version: Buletooth 3.0 + EDR, wireless transmitter standard of class II</div><div>Frequency coverage: 2.402-2.480GHz ISM band</div><div>Channel: 79 channels of 1MHz, B/W</div><div>Sensitivity: -80dbm</div><div>Bluetooth range: up to 10m</div><div>Transmit speed: 57-723Kbps</div><div>Stereo compression ratio: 44.1/48kHz</div><div>Contact terms: Point-to-Point</div><div>Charge power : PC USB, 5V</div><div>Charge power: Input 110/220V 50/60 Hz 150mA</div><div><br></div><div>Package Content:</div><div>1 x Sports Bluetooth Headset</div><div>1 x USB Cable</div>","<div>Features:</div><div>Stereo music + call answering</div><div>Wireless enjoy stereo music playing and set aside to answer the call automatically converted.</div><div>Suitable for Cellphone, iPod, iPad, Tablet PC, Notebook and PC.</div><div>Work with All the bluetooth Smartphone. Such As iPhone 4 4S 5 5S 5C 6 Plus 6S Plus S, Samsung Galaxy S3 S4 S5 S6 Edge, Note 2 3, LG, HTC, Motorola, Nokia and Sony, etc.</div><div><br></div><div>Item Specification:</div><div>Charge time:2 hrs</div><div>Bluetooth version: Buletooth 3.0 + EDR, wireless transmitter standard of class II</div><div>Frequency coverage: 2.402-2.480GHz ISM band</div><div>Channel: 79 channels of 1MHz, B/W</div><div>Sensitivity: -80dbm</div><div>Bluetooth range: up to 10m</div><div>Transmit speed: 57-723Kbps</div><div>Stereo compression ratio: 44.1/48kHz</div><div>Contact terms: Point-to-Point</div><div>Charge power : PC USB, 5V</div><div>Charge power: Input 110/220V 50/60 Hz 150mA</div><div><br></div><div>Package Content:</div><div>1 x Sports Bluetooth Headset</div><div>1 x USB Cable</div>
Compatible with: Mobile Phones
Type: Over Ear"
Electronics,Headphones & Headsets,2724339391025,2724339391025,Enable,"Ditmo Over-ear Stereo Headphone, Adjustable Foldable Bass Headsets for iphone, android, blackberry smartphones, mp 3 player, Black - DM-2550",0,0,Ditmo,1000,33,33,33,33,33,3.5mm plugOn-ear fit to minimize noise so you can hear every beat.Adjustable and headband for comfort and secure fit.90 degree folding freely and also portable.Soft PU leather cushion head-pad and ear-pad for wearing comfort. Perfect noise-isolation.Excellent sound quality and powerful bass,"3.5mm plugOn-ear fit to minimize noise so you can hear every beat.Adjustable and headband for comfort and secure fit.90 degree folding freely and also portable.Soft PU leather cushion head-pad and ear-pad for wearing comfort. Perfect noise-isolation.Excellent sound quality and powerful bass
Compatible with #5705All
Type #5935Over Ear"
Electronics,Headphones & Headsets,2724339391124,2724339391124,Enable,"Ditmo Over-ear Stereo Headphone, Adjustable Foldable Bass Headsets for iphone, android, blackberry smartphones, mp 3 player, Blue - DM-2550",0,0,Ditmo,1000,25,25,25,25,25,3.5mm plugOn-ear fit to minimize noise so you can hear every beat.Adjustable and headband for comfort and secure fit.90 degree folding freely and also portable.Soft PU leather cushion head-pad and ear-pad for wearing comfort. Perfect noise-isolation.Excellent sound quality and powerful bass,"3.5mm plugOn-ear fit to minimize noise so you can hear every beat.Adjustable and headband for comfort and secure fit.90 degree folding freely and also portable.Soft PU leather cushion head-pad and ear-pad for wearing comfort. Perfect noise-isolation.Excellent sound quality and powerful bass
Compatible with #5705All
Type #5935Over Ear"
Electronics,Mobile Accessories,2724339462398,2724339462398,Enable,"Glass Screen Protector for Iphone 6 Plus , Clear",0,0,Bluedio,1000,15,15,15,15,15,"Glass Screen Protector for Iphone 6 Plus , Clear
Type:Mobile Accessories","Glass Screen Protector for Iphone 6 Plus , Clear
Type:Mobile Accessories"
Electronics,Car Audio & Video Accessories,2724339875488,2724339875488,Enable,Magnetic rotary mobile phone car holder - TOYOTA logo,0,0,Bluedio,1000,39,39,39,39,39,"Magnetic rotary mobile phone car holder - TOYOTA logo
Type:Car Accessories","Magnetic rotary mobile phone car holder - TOYOTA logo
Type:Car Accessories"
Electronics,Car Audio & Video Accessories,2724339875501,2724339875501,Enable,Magnetic rotary mobile phone car holder - NISSAN Logo,0,0,Bluedio,1000,39,39,39,39,39,"Magnetic rotary mobile phone car holder - NISSAN Logo
Type:Car Accessories","Magnetic rotary mobile phone car holder - NISSAN Logo
Type:Car Accessories"
Electronics,Headphones & Headsets,2724340233581,2724340233581,Enable,"Kin Vale Bluetooth Earphone , White , KV-202",0,0,Kin Vale,1000,29,29,29,29,29,"<p><span style=""text-decoration: underline;""><strong>Features and Specifications:</strong></span><br /> <br />&bull; Play audio files from a mobile phone.<br />&bull; Supports voice alarm.<br />&bull; The possibility of pairing two devices at the same time.<br />&bull; Standby Time: 160 hours.<br />&bull; Talk time: 4 hours</p>","<p><span style=""text-decoration: underline;""><strong>Features and Specifications:</strong></span><br /> <br />&bull; Play audio files from a mobile phone.<br />&bull; Supports voice alarm.<br />&bull; The possibility of pairing two devices at the same time.<br />&bull; Standby Time: 160 hours.<br />&bull; Talk time: 4 hours</p>
Compatible with #5705All
Type #5935In Ear"
Electronics,Headphones & Headsets,2724340233628,2724340233628,Enable,"Kin Vale Bluetooth Earphone , Black , KV-202",0,0,Kin Vale,1000,24,24,24,24,24,"<p><span style=""text-decoration: underline;""><strong>Features and Specifications:</strong></span><br /> <br />&bull; Play audio files from a mobile phone.<br />&bull; Supports voice alarm.<br />&bull; The possibility of pairing two devices at the same time.<br />&bull; Standby Time: 160 hours.<br />&bull; Talk time: 4 hours</p>","<p><span style=""text-decoration: underline;""><strong>Features and Specifications:</strong></span><br /> <br />&bull; Play audio files from a mobile phone.<br />&bull; Supports voice alarm.<br />&bull; The possibility of pairing two devices at the same time.<br />&bull; Standby Time: 160 hours.<br />&bull; Talk time: 4 hours</p>
Compatible with #5705All
Type #5935In Ear"
Electronics,Smart Watches,2724340384306,2724340384306,Enable,"Smart Watch Silicone Band For Android & iOS,Gold - DZ09",0,0,Other,1000,99,99,99,99,99,"Bluetooth Dialer, <span style=""color:#cc0000;font-weight:bold"">Call</span> Reminder, Bluetooth Call Bluetooth SMS/IM Message Notified1.56"" TFT LCD Touch Screen 240*240 pixels1.3M Camera&nbsp;Anti-loss Technology to bind phone Pedometer, Sleep Monitor, Sedentary Reminder Audio Player Calendar (Synchronizable) SIM Card: Single SIM Card (Micro SIM Card) Can be as a phone with <span style=""color:#cc0000;font-weight:bold"">Apple</span> and Android device Bluetooth: (Built - in) - BT3.0, BT4.0 Storage: RAM 128M, ROM 64M; External memory: Support TF card up to 32GB Music: Support Picture Format: JPEG, GIF, BMP, PNG Music Format: MP3, WAV Languages: Support All languages Functions: Bluetooth Dialer, Contacts, <span style=""color:#cc0000;font-weight:bold"">Call</span> Reminder, Alarm, Anti-loss, Pedometer, Sleep Monitor, ,Sedentary Reminder, Calendar,Calculator,Sound Recorder,Camera,Audio Player ,Internet Browser&nbsp;Battery: 380 mAh Talk Time: 5~ 6 Hours Standby Time: 2~7days SMS: Support USB Port: Mini USB 5pin interface Color: Gold Gravity Sensor: Support Case Material: Aluminium&nbsp;Band Material: Silicon Package Included:&nbsp;1 x DZ09 Smart Watch (Pack with Bubble Sponge)1 x USB Cable&nbsp;1x User Manual","Bluetooth Dialer, <span style=""color:#cc0000;font-weight:bold"">Call</span> Reminder, Bluetooth Call Bluetooth SMS/IM Message Notified1.56"" TFT LCD Touch Screen 240*240 pixels1.3M Camera&nbsp;Anti-loss Technology to bind phone Pedometer, Sleep Monitor, Sedentary Reminder Audio Player Calendar (Synchronizable) SIM Card: Single SIM Card (Micro SIM Card) Can be as a phone with <span style=""color:#cc0000;font-weight:bold"">Apple</span> and Android device Bluetooth: (Built - in) - BT3.0, BT4.0 Storage: RAM 128M, ROM 64M; External memory: Support TF card up to 32GB Music: Support Picture Format: JPEG, GIF, BMP, PNG Music Format: MP3, WAV Languages: Support All languages Functions: Bluetooth Dialer, Contacts, <span style=""color:#cc0000;font-weight:bold"">Call</span> Reminder, Alarm, Anti-loss, Pedometer, Sleep Monitor, ,Sedentary Reminder, Calendar,Calculator,Sound Recorder,Camera,Audio Player ,Internet Browser&nbsp;Battery: 380 mAh Talk Time: 5~ 6 Hours Standby Time: 2~7days SMS: Support USB Port: Mini USB 5pin interface Color: Gold Gravity Sensor: Support Case Material: Aluminium&nbsp;Band Material: Silicon Package Included:&nbsp;1 x DZ09 Smart Watch (Pack with Bubble Sponge)1 x USB Cable&nbsp;1x User Manual
Color: Gold
RAM Size: 
Operating System: Android
SIM card support: Yes
With Camera: 
Band Material: Silicone
Compatible Operating Systems : Android & iOS"
Electronics,Car Audio & Video Accessories,2724340676364,2724340676364,Enable,Car Magnetic Air Vent Mount Holder Stand for iPhone Cell Phone GPS UF,0,0,Bluedio,1000,19,19,19,19,19,"Car Magnetic Air Vent Mount Holder Stand for iPhone Cell Phone GPS UF
Type:Car Accessories","Car Magnetic Air Vent Mount Holder Stand for iPhone Cell Phone GPS UF
Type:Car Accessories"
Electronics,Headphones & Headsets,2724340802657,2724340802657,Enable,Bluedio T3 (Turbine 3rd) extra bass wireless bluetooth 4.1 stero headphone (black) original.,0,0,Bluedio,1000,250,250,250,250,250,"Quality build that guarantees longevity. Built with an alloy
frame, which allows these headphones to be super durable and strong.

57mm titanizing diaphragm ensures quicker transient response
to electrical signals and enhanced overall sound performance, delivers dynamic
sound, powerful extra bass. You can hear every beat every word.

3D sound effects will give you a lively and stirring
experience, especially for movies.

Condenser Microphone with a sensitivity of -42dB makes sure that
you sound very clear on phone calls.

Padded with soft memory foam rich in protein to ensure
long-wearing comfort.

&nbsp;

In the box 

&nbsp;

Bluedio T3 Bluetooth headphones 

3.5mm audio cable 

USB charging cable 

Drawstring carry bag&nbsp;","Quality build that guarantees longevity. Built with an alloy
frame, which allows these headphones to be super durable and strong.

57mm titanizing diaphragm ensures quicker transient response
to electrical signals and enhanced overall sound performance, delivers dynamic
sound, powerful extra bass. You can hear every beat every word.

3D sound effects will give you a lively and stirring
experience, especially for movies.

Condenser Microphone with a sensitivity of -42dB makes sure that
you sound very clear on phone calls.

Padded with soft memory foam rich in protein to ensure
long-wearing comfort.

&nbsp;

In the box 

&nbsp;

Bluedio T3 Bluetooth headphones 

3.5mm audio cable 

USB charging cable 

Drawstring carry bag&nbsp;
Compatible with #5705All
Type: On Ear"
Electronics,Microphones,2724340978819,2724340978819,Enable,Karaoke Microphone Wireless Loudspeaker Portable Bluetooth,0,0,Tuxun,1000,69,69,69,69,69,".<br>.    <br>.      <br> USB , MINI USB <br>.    IOS  ANDROID  MP3   <br>.     <br>.          <br>.     <br>.      <br>.   2700   6-7  <br>.&nbsp;     <br>.      <br>.   <br>.  AUX<br>.<br>.<br> :<br>. <br>. <br>.   <br>.  <br>. <br>.  <br><br>",".<br>.    <br>.      <br> USB , MINI USB <br>.    IOS  ANDROID  MP3   <br>.     <br>.          <br>.     <br>.      <br>.   2700   6-7  <br>.&nbsp;     <br>.      <br>.   <br>.  AUX<br>.<br>.<br> :<br>. <br>. <br>.   <br>.  <br>. <br>.  <br><br>"
Electronics,Headphones & Headsets,2724340994741,2724340994741,Enable,4G LTE Bluedio N2 Sports Wireless Bluetooth 4.1 Stereo Earbuds Headset - Black,0,0,Bluedio,1000,89,89,89,89,89,"4G LTE Bluedio N2 Sports Wireless Bluetooth 4.1 Stereo Earbuds Headset - BlackThe Bluedio N2 Wireless Headset features Bluetooth 4.1 technology to pair with your smartphone. Bluetooth and 4G LTE signals often interfere with each other and degrade one another’s performance and drain battery life quickly. Bluetooth 4.1 manages both signals automatically, so there’s no overlap and battery life is not hampered. The Bluedio N2 Wireless Headset with Bluetooth 4.1 is future proof and is a perfect complement to your 4G LTE handset.","4G LTE Bluedio N2 Sports Wireless Bluetooth 4.1 Stereo Earbuds Headset - BlackThe Bluedio N2 Wireless Headset features Bluetooth 4.1 technology to pair with your smartphone. Bluetooth and 4G LTE signals often interfere with each other and degrade one another’s performance and drain battery life quickly. Bluetooth 4.1 manages both signals automatically, so there’s no overlap and battery life is not hampered. The Bluedio N2 Wireless Headset with Bluetooth 4.1 is future proof and is a perfect complement to your 4G LTE handset.
Color:Black
Model Number: M2
Connectivity:Wireless
Compatible with: Mobile Phones
Type: On Ear"
Electronics,Smart Watches,2724341420119,2724341420119,Enable,I5 Plus Smart Bluetooth 4.0 Watch - Blue,0,0,Bluedio,1000,109,109,109,109,109,"I5 Plus Smart Bluetooth 4.0 Watch - Blue
Type:Smart Watch","I5 Plus Smart Bluetooth 4.0 Watch - Blue
Type:Smart Watch"
Electronics,Headphones & Headsets,2724341528037,2724341528037,Enable,Bluetooth FM Transmitter Car Charger Music Player - BLACK,0,0,Bluedio,1000,89,89,89,89,89,"Bluetooth FM Transmitter Car Charger Music Player - BLACK
Type:Headset","Bluetooth FM Transmitter Car Charger Music Player - BLACK
Type:Headset"
Electronics,Mobile Accessories,2724341787144,2724341787144,Enable,"Flexible Tripod for Smartphones , Aluminum , Silver",0,0,Bluedio,1000,150,150,150,150,150,"Flexible Tripod for Smartphones , Aluminum , Silver
Type:Mobile Accessories","Flexible Tripod for Smartphones , Aluminum , Silver
Type:Mobile Accessories"
Electronics,Cables,2724341787304,2724341787304,Enable,"Alfawise Bluetooth Sleep Monitor Smart Wristband with Remote Camera T02 , Black",0,0,Bluedio,1000,89,89,89,89,89,"Alfawise Bluetooth Sleep Monitor Smart Wristband with Remote Camera T02 , Black
Type:Camera","Alfawise Bluetooth Sleep Monitor Smart Wristband with Remote Camera T02 , Black
Type:Camera"
Electronics,Car Audio & Video Accessories,2724341788981,2724341788981,Enable,"360 Degrees Rotatable Smartphone Holder with Mazda Logo , Gold",0,0,Bluedio,1000,65,65,65,65,65,"360 Degrees Rotatable Smartphone Holder with Mazda Logo , Gold
Type:Car Accessories","360 Degrees Rotatable Smartphone Holder with Mazda Logo , Gold
Type:Car Accessories"
Electronics,Car Audio & Video Accessories,2724341788998,2724341788998,Enable,"360 Degrees Rotatable Smartphone Holder with Buick Logo , Gold",0,0,Bluedio,1000,39,39,39,39,39,"360 Degrees Rotatable Smartphone Holder with Buick Logo , Gold
Type:Car Accessories","360 Degrees Rotatable Smartphone Holder with Buick Logo , Gold
Type:Car Accessories"
Electronics,Car Audio & Video Accessories,2724341789001,2724341789001,Enable,"360 Magnetic Phone Mount Holder with Volkswagen Logo , Gold",0,0,Bluedio,1000,65,65,65,65,65,"360 Magnetic Phone Mount Holder with Volkswagen Logo , Gold
Type:Car Accessories","360 Magnetic Phone Mount Holder with Volkswagen Logo , Gold
Type:Car Accessories"
Electronics,Car Audio & Video Accessories,2724341789070,2724341789070,Enable,"360 Degrees Rotatable Smartphone Holder with Mercedes Logo , Gold",0,0,Bluedio,1000,65,65,65,65,65,"360 Degrees Rotatable Smartphone Holder with Mercedes Logo , Gold
Type:Car Accessories","360 Degrees Rotatable Smartphone Holder with Mercedes Logo , Gold
Type:Car Accessories"
Electronics,Car Audio & Video Accessories,2724341789117,2724341789117,Enable,"360 Degrees Rotatable Smartphone Holder with KIA Logo , Gold",0,0,Bluedio,1000,65,65,65,65,65,"360 Degrees Rotatable Smartphone Holder with KIA Logo , Gold
Type:Car Accessories","360 Degrees Rotatable Smartphone Holder with KIA Logo , Gold
Type:Car Accessories"
Electronics,Car Audio & Video Accessories,2724341789124,2724341789124,Enable,"360 Magnetic Phone Mount Holder with Ford Logo , Gold",0,0,Bluedio,1000,65,65,65,65,65,"360 Magnetic Phone Mount Holder with Ford Logo , Gold
Type:Car Accessories","360 Magnetic Phone Mount Holder with Ford Logo , Gold
Type:Car Accessories"
Electronics,Mobile Accessories,2724341945049,2724341945049,Enable,Wireless Bluetooth Game Joystick Controller Gamepad for iPhone iPad Android PC,0,0,Bluedio,1000,129,129,129,129,129,"Wireless Bluetooth Game Joystick Controller Gamepad for iPhone iPad Android PC
Type:Mobile Accessories","Wireless Bluetooth Game Joystick Controller Gamepad for iPhone iPad Android PC
Type:Mobile Accessories"
Electronics,Mobile Accessories,2724342147992,2724342147992,Enable,"Phone Holder & Grip - Phone Stand : Adjustable Multi Band Mobile Phone holder Iphone Grip Smartphone Stand Mobile Phone Holder For iPhone 7/6/6s Plus,Galaxy S7/S6/S5 (Black)",0,0,Other,1000,7,7,7,7,7,"·&nbsp;&nbsp;&nbsp;&nbsp;&nbsp;&nbsp;&nbsp;Fashionable Design - With 8” length and 0.8 ounce weight, it’ssmall, exquisite and also fashionable. The material is a high grade siliconwhich is durable, water-proof, non-toxic, and environmental friendly, whichaims to offer a comfortable using experience.·&nbsp;&nbsp;&nbsp;&nbsp;&nbsp;&nbsp;&nbsp;Wide Applicability - Our product can easily adapt to any device;the viscosity matches the 99% silicon mobile phone shell, leather cell phonecase, and the reverse side of various brand mobile phones in the market. (Besure the surface is smooth, the product is not suitable for frosted surfaces.)·&nbsp;&nbsp;&nbsp;&nbsp;&nbsp;&nbsp;&nbsp;Multi-Functional Band - It helps you to put your hands at restby letting the band do the work! An iPhone holder, car mount, theft protectionand drop protection for your device.","·&nbsp;&nbsp;&nbsp;&nbsp;&nbsp;&nbsp;&nbsp;Fashionable Design - With 8” length and 0.8 ounce weight, it’ssmall, exquisite and also fashionable. The material is a high grade siliconwhich is durable, water-proof, non-toxic, and environmental friendly, whichaims to offer a comfortable using experience.·&nbsp;&nbsp;&nbsp;&nbsp;&nbsp;&nbsp;&nbsp;Wide Applicability - Our product can easily adapt to any device;the viscosity matches the 99% silicon mobile phone shell, leather cell phonecase, and the reverse side of various brand mobile phones in the market. (Besure the surface is smooth, the product is not suitable for frosted surfaces.)·&nbsp;&nbsp;&nbsp;&nbsp;&nbsp;&nbsp;&nbsp;Multi-Functional Band - It helps you to put your hands at restby letting the band do the work! An iPhone holder, car mount, theft protectionand drop protection for your device.
Mobile Accessory Type: Mounts & Holders
Compatible with:Apple"
Electronics,Mobile Accessories,2724342159254,2724342159254,Enable,"Phone Holder & Grip - Phone Stand : Adjustable Multi Band Mobile Phone holder Iphone Grip Smartphone Stand Mobile Phone Holder For iPhone 7/6/6s Plus,Galaxy S7/S6/S5 (Brown)",0,0,Other,1000,20,20,20,20,20,"·&nbsp;&nbsp;&nbsp;&nbsp;&nbsp;&nbsp;&nbsp;Fashionable Design - With 8” length and 0.8 ounce weight, it’ssmall, exquisite and also fashionable. The material is a high grade siliconwhich is durable, water-proof, non-toxic, and environmental friendly, whichaims to offer a comfortable using experience.·&nbsp;&nbsp;&nbsp;&nbsp;&nbsp;&nbsp;&nbsp;Wide Applicability - Our product can easily adapt to any device;the viscosity matches the 99% silicon mobile phone shell, leather cell phonecase, and the reverse side of various brand mobile phones in the market. (Besure the surface is smooth, the product is not suitable for frosted surfaces.)·&nbsp;&nbsp;&nbsp;&nbsp;&nbsp;&nbsp;&nbsp;Multi-Functional Band - It helps you to put your hands at restby letting the band do the work! An iPhone holder, car mount, theft protectionand drop protection for your device.","·&nbsp;&nbsp;&nbsp;&nbsp;&nbsp;&nbsp;&nbsp;Fashionable Design - With 8” length and 0.8 ounce weight, it’ssmall, exquisite and also fashionable. The material is a high grade siliconwhich is durable, water-proof, non-toxic, and environmental friendly, whichaims to offer a comfortable using experience.·&nbsp;&nbsp;&nbsp;&nbsp;&nbsp;&nbsp;&nbsp;Wide Applicability - Our product can easily adapt to any device;the viscosity matches the 99% silicon mobile phone shell, leather cell phonecase, and the reverse side of various brand mobile phones in the market. (Besure the surface is smooth, the product is not suitable for frosted surfaces.)·&nbsp;&nbsp;&nbsp;&nbsp;&nbsp;&nbsp;&nbsp;Multi-Functional Band - It helps you to put your hands at restby letting the band do the work! An iPhone holder, car mount, theft protectionand drop protection for your device.
Mobile Accessory Type: Mounts & Holders
Compatible with:Apple"
Electronics,Mobile Accessories,2724342160946,2724342160946,Enable,"Phone Holder & Grip - Phone Stand : Adjustable Multi Band Mobile Phone holder Iphone Grip Smartphone Stand Mobile Phone Holder For iPhone 7/6/6s Plus,Galaxy S7/S6/S5 (White)",0,0,Other,1000,20,20,20,20,20,"·&nbsp;&nbsp;&nbsp;&nbsp;&nbsp;&nbsp;&nbsp;Fashionable Design - With 8” length and 0.8 ounce weight, it’ssmall, exquisite and also fashionable. The material is a high grade siliconwhich is durable, water-proof, non-toxic, and environmental friendly, whichaims to offer a comfortable using experience.·&nbsp;&nbsp;&nbsp;&nbsp;&nbsp;&nbsp;&nbsp;Wide Applicability - Our product can easily adapt to any device;the viscosity matches the 99% silicon mobile phone shell, leather cell phonecase, and the reverse side of various brand mobile phones in the market. (Besure the surface is smooth, the product is not suitable for frosted surfaces.)·&nbsp;&nbsp;&nbsp;&nbsp;&nbsp;&nbsp;&nbsp;Multi-Functional Band - It helps you to put your hands at restby letting the band do the work! An iPhone holder, car mount, theft protectionand drop protection for your device.","·&nbsp;&nbsp;&nbsp;&nbsp;&nbsp;&nbsp;&nbsp;Fashionable Design - With 8” length and 0.8 ounce weight, it’ssmall, exquisite and also fashionable. The material is a high grade siliconwhich is durable, water-proof, non-toxic, and environmental friendly, whichaims to offer a comfortable using experience.·&nbsp;&nbsp;&nbsp;&nbsp;&nbsp;&nbsp;&nbsp;Wide Applicability - Our product can easily adapt to any device;the viscosity matches the 99% silicon mobile phone shell, leather cell phonecase, and the reverse side of various brand mobile phones in the market. (Besure the surface is smooth, the product is not suitable for frosted surfaces.)·&nbsp;&nbsp;&nbsp;&nbsp;&nbsp;&nbsp;&nbsp;Multi-Functional Band - It helps you to put your hands at restby letting the band do the work! An iPhone holder, car mount, theft protectionand drop protection for your device.
Mobile Accessory Type: Mounts & Holders
Compatible with:Apple"
Electronics,Mobile Accessories,2724342162698,2724342162698,Enable,"Phone Holder & Grip - Phone Stand : Adjustable Multi Band Mobile Phone holder Iphone Grip Smartphone Stand Mobile Phone Holder For iPhone 7/6/6s Plus,Galaxy S7/S6/S5 (Grey)",0,0,Other,1000,20,20,20,20,20,"·&nbsp;&nbsp;&nbsp;&nbsp;&nbsp;&nbsp;&nbsp;Fashionable Design - With 8” length and 0.8 ounce weight, it’ssmall, exquisite and also fashionable. The material is a high grade siliconwhich is durable, water-proof, non-toxic, and environmental friendly, whichaims to offer a comfortable using experience.·&nbsp;&nbsp;&nbsp;&nbsp;&nbsp;&nbsp;&nbsp;Wide Applicability - Our product can easily adapt to any device;the viscosity matches the 99% silicon mobile phone shell, leather cell phonecase, and the reverse side of various brand mobile phones in the market. (Besure the surface is smooth, the product is not suitable for frosted surfaces.)·&nbsp;&nbsp;&nbsp;&nbsp;&nbsp;&nbsp;&nbsp;Multi-Functional Band - It helps you to put your hands at restby letting the band do the work! An iPhone holder, car mount, theft protectionand drop protection for your device.","·&nbsp;&nbsp;&nbsp;&nbsp;&nbsp;&nbsp;&nbsp;Fashionable Design - With 8” length and 0.8 ounce weight, it’ssmall, exquisite and also fashionable. The material is a high grade siliconwhich is durable, water-proof, non-toxic, and environmental friendly, whichaims to offer a comfortable using experience.·&nbsp;&nbsp;&nbsp;&nbsp;&nbsp;&nbsp;&nbsp;Wide Applicability - Our product can easily adapt to any device;the viscosity matches the 99% silicon mobile phone shell, leather cell phonecase, and the reverse side of various brand mobile phones in the market. (Besure the surface is smooth, the product is not suitable for frosted surfaces.)·&nbsp;&nbsp;&nbsp;&nbsp;&nbsp;&nbsp;&nbsp;Multi-Functional Band - It helps you to put your hands at restby letting the band do the work! An iPhone holder, car mount, theft protectionand drop protection for your device.
Mobile Accessory Type: Mounts & Holders
Compatible with:Apple"
Electronics,Headphones & Headsets,2724342242802,2724342242802,Enable,Bluedio V4.0 Handfree Stereo Bluetooth Headset Headphone For Samsung LG Huawei,0,0,Bluedio,1000,150,150,150,150,150,"<span style=""color: rgb(51, 51, 51); font-family: opensans, &quot;Helvetica Neue&quot;, Helvetica, Helvetica, Arial, sans-serif; font-size: 14px; background-color: rgb(255, 255, 255);"">The black colored Bluedio Turbine Hurricane HT Bluetooth 4.1 Wireless Stereo Headphones are one of a kind. They were made to please demanding users looking for a wireless headset with great audio technologies. The HT Headphones comes with several high tech features found in today’s high end headsets, and are without a doubt one of the best wireless, high tech headsets. They diminish the need for cables and make listening to songs a clutter free experience. With regards to the audio performance, the HT headset is quite magnificent. Its technology is based on 57mm ultra large dynamic drivers that deliver a well balanced sound, with clear bass, and incredible treble, which together allow you to listen to the tiniest details of a song. The noise cancelation and noise reduction features efficiently reduce ambient noise while talking or listening to music. As far as convenience is concerned, the headset features custom fit, supra aural, soft earmuffs made of artificial protein leather to ensure long lasting comfort. The language prompt on the HT headset comes ready with 4 languages, English, Spanish, French, and English, to make communicating easy.</span>","<span style=""color: rgb(51, 51, 51); font-family: opensans, &quot;Helvetica Neue&quot;, Helvetica, Helvetica, Arial, sans-serif; font-size: 14px; background-color: rgb(255, 255, 255);"">The black colored Bluedio Turbine Hurricane HT Bluetooth 4.1 Wireless Stereo Headphones are one of a kind. They were made to please demanding users looking for a wireless headset with great audio technologies. The HT Headphones comes with several high tech features found in today’s high end headsets, and are without a doubt one of the best wireless, high tech headsets. They diminish the need for cables and make listening to songs a clutter free experience. With regards to the audio performance, the HT headset is quite magnificent. Its technology is based on 57mm ultra large dynamic drivers that deliver a well balanced sound, with clear bass, and incredible treble, which together allow you to listen to the tiniest details of a song. The noise cancelation and noise reduction features efficiently reduce ambient noise while talking or listening to music. As far as convenience is concerned, the headset features custom fit, supra aural, soft earmuffs made of artificial protein leather to ensure long lasting comfort. The language prompt on the HT headset comes ready with 4 languages, English, Spanish, French, and English, to make communicating easy.</span>
Compatible with #5705All
Type: Over Ear"
Electronics,Headphones & Headsets,2724342559863,2724342559863,Enable,Bluedio N2 Sports Wireless Bluetooth V4.1 Stereo Earbuds Headset-COLOR Blue,0,0,Bluedio,1000,55,55,55,55,55,"<span style=""font-weight: bold;"">Bluedio N2 Sports Wireless Bluetooth V4.1 Stereo Earbuds Headset-COLOR Blue</span><div><span style=""font-weight: bold;""><br></span></div><div><span style=""color: rgb(51, 51, 51); font-family: opensans, &quot;Helvetica Neue&quot;, Helvetica, Helvetica, Arial, sans-serif; font-size: 14px; background-color: rgb(255, 255, 255);"">The Bluedio N2 Sports Wireless Bluetooth Stereo Earbuds Headset features innovative sweatproof and ergonomic ear buds that stay in place no matter what kind of physical activity you are doing. This blue wireless headset features 10mm dynamic drivers that ensure you hear richer and more natural tones from your media player. With Bluetooth 4.1 connectivity, the headset offers a faster and more energy efficient connection so you can listen to your music for longer. It also features CVC noise cancellation technology that lets you chat with friends and family without hearing any external noise and other interference.</span></div><div><h4 style=""box-sizing: inherit; text-rendering: optimizeLegibility; font-family: opensans, &quot;Helvetica Neue&quot;, Helvetica, Helvetica, Arial, sans-serif; font-weight: 400; margin: 0.2rem 0px 0.5rem; padding: 0px; color: rgb(34, 34, 34); line-height: 1.4; font-size: 1.42857rem; text-transform: uppercase; background-color: rgb(255, 255, 255);"">BLUETOOTH 4.1 CONNECTIVITY</h4><p style=""box-sizing: inherit; text-rendering: optimizeLegibility; line-height: 1.6; margin: 0px 0px 0.714286rem; padding: 0px; font-size: 14px; color: rgb(51, 51, 51); font-family: opensans, &quot;Helvetica Neue&quot;, Helvetica, Helvetica, Arial, sans-serif; background-color: rgb(255, 255, 255);"">The Bluedio N2 Wireless Headset features Bluetooth 4.1 technology to pair with your smartphone. Bluetooth and 4G LTE signals often interfere with each other and degrade one another’s performance and drain battery life quickly. Bluetooth 4.1 manages both signals automatically, so there’s no overlap and battery life is not hampered. The Bluedio N2 Wireless Headset with Bluetooth 4.1 is future proof and is a perfect complement to your 4G LTE handset.</p></div>","<span style=""font-weight: bold;"">Bluedio N2 Sports Wireless Bluetooth V4.1 Stereo Earbuds Headset-COLOR Blue</span><div><span style=""font-weight: bold;""><br></span></div><div><span style=""color: rgb(51, 51, 51); font-family: opensans, &quot;Helvetica Neue&quot;, Helvetica, Helvetica, Arial, sans-serif; font-size: 14px; background-color: rgb(255, 255, 255);"">The Bluedio N2 Sports Wireless Bluetooth Stereo Earbuds Headset features innovative sweatproof and ergonomic ear buds that stay in place no matter what kind of physical activity you are doing. This blue wireless headset features 10mm dynamic drivers that ensure you hear richer and more natural tones from your media player. With Bluetooth 4.1 connectivity, the headset offers a faster and more energy efficient connection so you can listen to your music for longer. It also features CVC noise cancellation technology that lets you chat with friends and family without hearing any external noise and other interference.</span></div><div><h4 style=""box-sizing: inherit; text-rendering: optimizeLegibility; font-family: opensans, &quot;Helvetica Neue&quot;, Helvetica, Helvetica, Arial, sans-serif; font-weight: 400; margin: 0.2rem 0px 0.5rem; padding: 0px; color: rgb(34, 34, 34); line-height: 1.4; font-size: 1.42857rem; text-transform: uppercase; background-color: rgb(255, 255, 255);"">BLUETOOTH 4.1 CONNECTIVITY</h4><p style=""box-sizing: inherit; text-rendering: optimizeLegibility; line-height: 1.6; margin: 0px 0px 0.714286rem; padding: 0px; font-size: 14px; color: rgb(51, 51, 51); font-family: opensans, &quot;Helvetica Neue&quot;, Helvetica, Helvetica, Arial, sans-serif; background-color: rgb(255, 255, 255);"">The Bluedio N2 Wireless Headset features Bluetooth 4.1 technology to pair with your smartphone. Bluetooth and 4G LTE signals often interfere with each other and degrade one another’s performance and drain battery life quickly. Bluetooth 4.1 manages both signals automatically, so there’s no overlap and battery life is not hampered. The Bluedio N2 Wireless Headset with Bluetooth 4.1 is future proof and is a perfect complement to your 4G LTE handset.</p></div>
Color:Blue
Model Number: N2
Connectivity:Wireless
Compatible with: All
Type: In Ear"
Electronics,Headphones & Headsets,2724342560203,2724342560203,Enable,Bluedio N2 Sports Wireless Bluetooth V4.1 Stereo Earbuds Headset-COLOR Black,0,0,Bluedio,1000,89,89,89,89,89,"<span style=""font-weight: bold;"">Bluedio N2 Sports Wireless Bluetooth V4.1 Stereo Earbuds Headset-COLOR Black</span><div><span style=""font-weight: bold;""><br></span></div><div><span style=""color: rgb(51, 51, 51); font-family: opensans, &quot;Helvetica Neue&quot;, Helvetica, Helvetica, Arial, sans-serif; font-size: 14px; background-color: rgb(255, 255, 255);"">Bluedio N2 Sports Wireless Bluetooth Stereo Earbuds Headset is the perfect companion for your training sessions. Multiple studies conclude that listening to music helps you work out harder and improves your endurance, but the problem is finding a headset that stays in place while you work out. The Black N2 Sports Headset features an ergonomic design with comfortable ear tips that stay secured to your ears while you move. It features a unique cow horn design to ensure a snug fit and optimal comfort. The headset features Bluetooth 4.1 technology and can pair with any Bluetooth enabled device from up to 10m away.</span></div><div><h4 style=""box-sizing: inherit; text-rendering: optimizeLegibility; font-family: opensans, &quot;Helvetica Neue&quot;, Helvetica, Helvetica, Arial, sans-serif; font-weight: 400; margin: 0.2rem 0px 0.5rem; padding: 0px; color: rgb(34, 34, 34); line-height: 1.4; font-size: 1.42857rem; text-transform: uppercase; background-color: rgb(255, 255, 255);"">BLUETOOTH 4.1 CONNECTIVITY</h4><p style=""box-sizing: inherit; text-rendering: optimizeLegibility; line-height: 1.6; margin: 0px 0px 0.714286rem; padding: 0px; font-size: 14px; color: rgb(51, 51, 51); font-family: opensans, &quot;Helvetica Neue&quot;, Helvetica, Helvetica, Arial, sans-serif; background-color: rgb(255, 255, 255);"">The Bluedio N2 Wireless Headset features Bluetooth 4.1 technology to pair with your smartphone. Bluetooth and 4G LTE signals often interfere with each other and degrade one another’s performance and drain battery life quickly. Bluetooth 4.1 manages both signals automatically, so there’s no overlap and battery life is not hampered. The Bluedio N2 Wireless Headset with Bluetooth 4.1 is future proof and is a perfect complement to your 4G LTE handset</p></div>","<span style=""font-weight: bold;"">Bluedio N2 Sports Wireless Bluetooth V4.1 Stereo Earbuds Headset-COLOR Black</span><div><span style=""font-weight: bold;""><br></span></div><div><span style=""color: rgb(51, 51, 51); font-family: opensans, &quot;Helvetica Neue&quot;, Helvetica, Helvetica, Arial, sans-serif; font-size: 14px; background-color: rgb(255, 255, 255);"">Bluedio N2 Sports Wireless Bluetooth Stereo Earbuds Headset is the perfect companion for your training sessions. Multiple studies conclude that listening to music helps you work out harder and improves your endurance, but the problem is finding a headset that stays in place while you work out. The Black N2 Sports Headset features an ergonomic design with comfortable ear tips that stay secured to your ears while you move. It features a unique cow horn design to ensure a snug fit and optimal comfort. The headset features Bluetooth 4.1 technology and can pair with any Bluetooth enabled device from up to 10m away.</span></div><div><h4 style=""box-sizing: inherit; text-rendering: optimizeLegibility; font-family: opensans, &quot;Helvetica Neue&quot;, Helvetica, Helvetica, Arial, sans-serif; font-weight: 400; margin: 0.2rem 0px 0.5rem; padding: 0px; color: rgb(34, 34, 34); line-height: 1.4; font-size: 1.42857rem; text-transform: uppercase; background-color: rgb(255, 255, 255);"">BLUETOOTH 4.1 CONNECTIVITY</h4><p style=""box-sizing: inherit; text-rendering: optimizeLegibility; line-height: 1.6; margin: 0px 0px 0.714286rem; padding: 0px; font-size: 14px; color: rgb(51, 51, 51); font-family: opensans, &quot;Helvetica Neue&quot;, Helvetica, Helvetica, Arial, sans-serif; background-color: rgb(255, 255, 255);"">The Bluedio N2 Wireless Headset features Bluetooth 4.1 technology to pair with your smartphone. Bluetooth and 4G LTE signals often interfere with each other and degrade one another’s performance and drain battery life quickly. Bluetooth 4.1 manages both signals automatically, so there’s no overlap and battery life is not hampered. The Bluedio N2 Wireless Headset with Bluetooth 4.1 is future proof and is a perfect complement to your 4G LTE handset</p></div>
Color:Black
Model Number: N2
Connectivity:Wireless
Compatible with: All
Type: In Ear"
Electronics,Smart Watches,2724342563983,2724342563983,Enable,"Smart Watch Silicone Band For Android,Gold - DZ09",0,0,Other,1000,125,125,125,125,125,    &nbsp; ,"    &nbsp; 
Color: Gold
RAM Size: 128
Operating System: Android
SIM card support: 
With Camera: 
Band Material: Silicone
Compatible Operating Systems : Android"
Electronics,Headphones & Headsets,2724342629108,2724342629108,Enable,Bluedio T3 (Turbine 3rd) Extra Bass Wireless Bluetooth 4.1 Stereo Headphones(Black),0,0,Bluedio,1000,299,299,299,299,299,"<div>Enjoy Music with T3 Plus TURBINE DYNAMICS Version of Bluedio, more surgent and stirring Bluetooth headphones, T3 Plus supports Micro SD card slot extension up to 32GB</div><div>3D stereo sound effect</div><div>Alloyd body</div><div>All titanium plating diaphragm process</div><div>Comfortable to wear</div><div>Line in and line out option</div><div>Convenient and foldable</div><div>Various functions</div>","<div>Enjoy Music with T3 Plus TURBINE DYNAMICS Version of Bluedio, more surgent and stirring Bluetooth headphones, T3 Plus supports Micro SD card slot extension up to 32GB</div><div>3D stereo sound effect</div><div>Alloyd body</div><div>All titanium plating diaphragm process</div><div>Comfortable to wear</div><div>Line in and line out option</div><div>Convenient and foldable</div><div>Various functions</div>
Compatible with #5705All
Type: Over Ear"
Electronics,Headphones & Headsets,2724342629184,2724342629184,Enable,Black Color Bluedio T3 Plus Wireless Bluetooth Headphones Headset Microphone Micro SD Slot,0,0,Bluedio,1000,299,299,299,299,299,"<div>Enjoy Music with T3 Plus TURBINE DYNAMICS Version of Bluedio, more surgent and stirring Bluetooth headphones, T3 Plus supports Micro SD card slot extension up to 32GB</div><div>3D stereo sound effect</div><div>Alloyd body</div><div>All titanium plating diaphragm process</div><div>Comfortable to wear</div><div>Line in and line out option</div><div>Convenient and foldable</div><div>Various functions</div>","<div>Enjoy Music with T3 Plus TURBINE DYNAMICS Version of Bluedio, more surgent and stirring Bluetooth headphones, T3 Plus supports Micro SD card slot extension up to 32GB</div><div>3D stereo sound effect</div><div>Alloyd body</div><div>All titanium plating diaphragm process</div><div>Comfortable to wear</div><div>Line in and line out option</div><div>Convenient and foldable</div><div>Various functions</div>
Color:Black
Model Number: T3 PLUS
Connectivity:Wireless
Compatible with: All
Type: Over Ear"
Electronics,Headphones & Headsets,2724342629306,2724342629306,Enable,Bluedio T3 Plus Bluetooth V4.1 Stereo Headsets Wireless Headband Headphone With Mic Black Color,0,0,Bluedio,1000,299,299,299,299,299,"<div>Introductions:</div><div>With Bluedio T+3 Head-mounted Handsfree Wireless Bluetooth Stereo Headphone, you can enjoy beautiful music handsfree when having sports. The headset is designed to make calls very clear. The adjustable teach wearing and super soft ear pads make it more comfortable to wear. Full control on the headphones easily adjusts the volume, skip the program, and switch between calls and music. It is great for wireless online chat, compatible with all features of Bluetooth headsets. Come to order one now!</div><div><br></div><div>Features:</div><div>1. Handsfree design and freedom call</div><div>2. Let your network anytime, anywhere to keep clear, easy to use and fast</div><div>3. Wireless transmission distance transmission distance of 33 feet</div><div>4. Answer, reject, hang up and redial a button to complete and the volume can be adjusted</div><div>5. Provide excellent, shocking and stereo tone quality</div><div>Specifications:</div><div>1. Brand: Bluedio</div><div>2. Model: T+3</div><div>3. Material: Polymer</div><div>4. Weight: 13.44oz / 381g</div><div>5. Color: Black</div><div>6. Dimensions: (8.27 x 3.35 x 7.87)"" / (18.6 x 8.5 x 20)cm (L x W x H)</div><div>7. Driver Unit: 57mm</div><div>8. Bluetooth Version: V4.1+EDR</div><div>9. Fully Charged Time: about 2 hours</div><div>10. Bluetooth Operating Range: up to 33 feet (Free Space)</div><div>11. Profiles: A2DP,AVRCP,HSP,HFP</div><div>12. Speaker Impendence: 16</div><div>13. Bluetooth Transmission Frequency: 2.4GHz-2.48GHz</div><div>14. SPL: 116dB</div><div>15. THD: &lt;0.1%</div><div>16. Frequency Response: 15Hz-25KHz</div><div>17. Bluetooth Music/Talk Time: about 20 hours</div><div>18. Micro SD Card Music Time: 18 hours</div><div>19. Standby Time: about 1100 hours</div><div>20. Operating Environment: -10~50</div><div>Package Includes:</div><div>1 x Wireless Bluetooth Headphone</div><div>1 x USB Charging Cable</div><div>1 x Audio Cable</div><div>1 x User Manual</div>","<div>Introductions:</div><div>With Bluedio T+3 Head-mounted Handsfree Wireless Bluetooth Stereo Headphone, you can enjoy beautiful music handsfree when having sports. The headset is designed to make calls very clear. The adjustable teach wearing and super soft ear pads make it more comfortable to wear. Full control on the headphones easily adjusts the volume, skip the program, and switch between calls and music. It is great for wireless online chat, compatible with all features of Bluetooth headsets. Come to order one now!</div><div><br></div><div>Features:</div><div>1. Handsfree design and freedom call</div><div>2. Let your network anytime, anywhere to keep clear, easy to use and fast</div><div>3. Wireless transmission distance transmission distance of 33 feet</div><div>4. Answer, reject, hang up and redial a button to complete and the volume can be adjusted</div><div>5. Provide excellent, shocking and stereo tone quality</div><div>Specifications:</div><div>1. Brand: Bluedio</div><div>2. Model: T+3</div><div>3. Material: Polymer</div><div>4. Weight: 13.44oz / 381g</div><div>5. Color: Black</div><div>6. Dimensions: (8.27 x 3.35 x 7.87)"" / (18.6 x 8.5 x 20)cm (L x W x H)</div><div>7. Driver Unit: 57mm</div><div>8. Bluetooth Version: V4.1+EDR</div><div>9. Fully Charged Time: about 2 hours</div><div>10. Bluetooth Operating Range: up to 33 feet (Free Space)</div><div>11. Profiles: A2DP,AVRCP,HSP,HFP</div><div>12. Speaker Impendence: 16</div><div>13. Bluetooth Transmission Frequency: 2.4GHz-2.48GHz</div><div>14. SPL: 116dB</div><div>15. THD: &lt;0.1%</div><div>16. Frequency Response: 15Hz-25KHz</div><div>17. Bluetooth Music/Talk Time: about 20 hours</div><div>18. Micro SD Card Music Time: 18 hours</div><div>19. Standby Time: about 1100 hours</div><div>20. Operating Environment: -10~50</div><div>Package Includes:</div><div>1 x Wireless Bluetooth Headphone</div><div>1 x USB Charging Cable</div><div>1 x Audio Cable</div><div>1 x User Manual</div>
Compatible with #5705All
Type: Over Ear"
Electronics,Headphones & Headsets,2724342629559,2724342629559,Enable,Black Bluedio T3 Plus Sport Bluetooth 4.1 Stereo Headphone Headset Earphone with Micro,0,0,Bluedio,1000,299,299,299,299,299,"<div>Bluedio T3 Plus Sport Bluetooth 4.1 Wireless 3D Bass Stereo Headphone Headset Earphone with Microphone Micro SD Card Slot for phone/MP3/MP4</div><div>Description: T3 Plus ,the latest Bluetooth headphones of Turbine Series,is designed and created by our professional Bluedio team. Compared with T2 Plus, it has a number of major upgrade:Zn alloy frame and body ensures its sturdy enough to be unbreakable and durable; 57mm titanizing diaphragm leads to a better resolution,quicker response and dynamic and swift sound;the totally new 3D sound,adopted by Turbine Series for the first time,will give you a more wonderful sound experience.</div>","<div>Bluedio T3 Plus Sport Bluetooth 4.1 Wireless 3D Bass Stereo Headphone Headset Earphone with Microphone Micro SD Card Slot for phone/MP3/MP4</div><div>Description: T3 Plus ,the latest Bluetooth headphones of Turbine Series,is designed and created by our professional Bluedio team. Compared with T2 Plus, it has a number of major upgrade:Zn alloy frame and body ensures its sturdy enough to be unbreakable and durable; 57mm titanizing diaphragm leads to a better resolution,quicker response and dynamic and swift sound;the totally new 3D sound,adopted by Turbine Series for the first time,will give you a more wonderful sound experience.</div>
Color:Black
Model Number: T3 PLUS
Connectivity:Wireless
Compatible with: All
Type: Over Ear"
Electronics,Cables,2724342661276,2724342661276,Enable," Lightning Cable , 1 Meter by Vod'ex",0,0,Vod'ex,1000,25,25,25,25,25,"<p><span style=""text-decoration: underline;""><strong>Product Features and Specifications ""&nbsp;</strong></span></p>
<ul>
<li>Vod'ex Lightning Cable with hand made design </li>
<li>USB cable for charging and synchronization and data transfer compatible with Apple devices</li>
<li>Made of high quality material</li>
<li>It provides fast charging and security to protect against overcharging and circuit damage</li>
<li>Equipped port to Lightning for devices iPhone 7/6 / 6s plus </li>
<li>Hand made design with bright and beautiful colors </li>
<li>Wire length: 1 meter </li>
<li>Color: Orange and Blue</li>
</ul>","<p><span style=""text-decoration: underline;""><strong>Product Features and Specifications ""&nbsp;</strong></span></p>
<ul>
<li>Vod'ex Lightning Cable with hand made design </li>
<li>USB cable for charging and synchronization and data transfer compatible with Apple devices</li>
<li>Made of high quality material</li>
<li>It provides fast charging and security to protect against overcharging and circuit damage</li>
<li>Equipped port to Lightning for devices iPhone 7/6 / 6s plus </li>
<li>Hand made design with bright and beautiful colors </li>
<li>Wire length: 1 meter </li>
<li>Color: Orange and Blue</li>
</ul>
Type: Cables
Compatible with: Mobile Phones"
Electronics,Cables,2724342661443,2724342661443,Enable," Lightning Cable , 1 Meter by Vod'ex",0,0,Vod'ex,1000,25,25,25,25,25,"<p><span style=""text-decoration: underline;""><strong>Product Features and Specifications ""&nbsp;</strong></span></p>
<ul>
<li>Vod'ex Lightning Cable with hand made design </li>
<li>USB cable for charging and synchronization and data transfer compatible with Apple devices</li>
<li>Made of high quality material</li>
<li>It provides fast charging and security to protect against overcharging and circuit damage</li>
<li>Equipped port to Lightning for devices iPhone 7/6 / 6s plus </li>
<li>Hand made design with bright and beautiful colors </li>
<li>Wire length: 1 meter </li>
<li>Color: Red and Blue</li>
</ul>","<p><span style=""text-decoration: underline;""><strong>Product Features and Specifications ""&nbsp;</strong></span></p>
<ul>
<li>Vod'ex Lightning Cable with hand made design </li>
<li>USB cable for charging and synchronization and data transfer compatible with Apple devices</li>
<li>Made of high quality material</li>
<li>It provides fast charging and security to protect against overcharging and circuit damage</li>
<li>Equipped port to Lightning for devices iPhone 7/6 / 6s plus </li>
<li>Hand made design with bright and beautiful colors </li>
<li>Wire length: 1 meter </li>
<li>Color: Red and Blue</li>
</ul>
Type: Cables
Compatible with: Mobile Phones"
Electronics,Headphones & Headsets,2724342702016,2724342702016,Enable,"Bluedio HT Turbine Wireless Bluetooth 4.1 Stereo Headphones with Mic, White",0,0,Bluedio,1000,150,150,150,150,150,"Product introduction:1- the Iconic powerful bass resonance of Bluedio:&nbsp;Unexpected 57mm ultra-large dynamic drivers, style housing, with iconic Bluedio surging low-frequency shock, let you feel the bass resonate deep in the chest, enjoying the best sound quality. Clear and transparent bass, mids and highs, fully exposed to all the details of the song, you can hear what the artists really want you to hear, Coldplay or Linkin Park concerts are simply playing around your ear.2- Ultra-long operation and carefree calling from Bluetooth 4.1:&nbsp;With robust high-speed CPU of Bluetooth 4.1 operating system, comes with ultra-long 40 hours music, 45 hours talk and 1625 hours (around 67 days) standby time, the same battery, decrease up to 40% power consumption compare to Bluetooth 4.0. Acoustic echo cancellation and noise reduction effectively reduce ambient noise while talking, make far-end listener cannot hear what you said become history, just like talking face to face.3- Customized function:&nbsp;Audio Sharing allows you to connect to another H(Shooting Brake) headphone via audio cable, share music feast with your friends instantly(*recommended to use headphones with an impedance of 32 or higher). Seamless connect two Bluetooth devices simultaneously, listen to music or enjoy foreign blockbusters, do as you think about it.4- Comfortable wearing: Custom fit supra-aural soft earmuffs, artificial protein leather of earmuffs simulated to human skin texture, ensure long lasting comfort in various rugged circumstances.5- Convenience:&nbsp;Just a plug with an audio cable(*buy separately), then listen to your favorite tracks without using any battery, no matter how long is your playlist. H also incorporate 4 languages voice prompt(Chinese, English, French, Spanish), to communicate with you in your language.Technical specification:- Drivers:&nbsp;57mm speaker X 2- Transducer type:&nbsp;dynamic- Bluetooth version:&nbsp;V4.1- Frequency range:&nbsp;2.4GHz-2.48GHz-&nbsp;Operating distance:&nbsp;up to 10m (free space)-&nbsp;Bluetooth profiles:&nbsp;A2DP AVRCP HSP HFP-&nbsp;Impedance:&nbsp;16- Frequency response:&nbsp;20Hz-20kHz- Sensitivity:&nbsp;110dB- Distortion:&nbsp;&lt;0.1%(THD)- Talk time:&nbsp;up to 45 hours- Standby time:&nbsp;up to 1625 hours- Charging time:&nbsp;about 2 hours- Operational temperature:&nbsp;-10 to 50°C","Product introduction:1- the Iconic powerful bass resonance of Bluedio:&nbsp;Unexpected 57mm ultra-large dynamic drivers, style housing, with iconic Bluedio surging low-frequency shock, let you feel the bass resonate deep in the chest, enjoying the best sound quality. Clear and transparent bass, mids and highs, fully exposed to all the details of the song, you can hear what the artists really want you to hear, Coldplay or Linkin Park concerts are simply playing around your ear.2- Ultra-long operation and carefree calling from Bluetooth 4.1:&nbsp;With robust high-speed CPU of Bluetooth 4.1 operating system, comes with ultra-long 40 hours music, 45 hours talk and 1625 hours (around 67 days) standby time, the same battery, decrease up to 40% power consumption compare to Bluetooth 4.0. Acoustic echo cancellation and noise reduction effectively reduce ambient noise while talking, make far-end listener cannot hear what you said become history, just like talking face to face.3- Customized function:&nbsp;Audio Sharing allows you to connect to another H(Shooting Brake) headphone via audio cable, share music feast with your friends instantly(*recommended to use headphones with an impedance of 32 or higher). Seamless connect two Bluetooth devices simultaneously, listen to music or enjoy foreign blockbusters, do as you think about it.4- Comfortable wearing: Custom fit supra-aural soft earmuffs, artificial protein leather of earmuffs simulated to human skin texture, ensure long lasting comfort in various rugged circumstances.5- Convenience:&nbsp;Just a plug with an audio cable(*buy separately), then listen to your favorite tracks without using any battery, no matter how long is your playlist. H also incorporate 4 languages voice prompt(Chinese, English, French, Spanish), to communicate with you in your language.Technical specification:- Drivers:&nbsp;57mm speaker X 2- Transducer type:&nbsp;dynamic- Bluetooth version:&nbsp;V4.1- Frequency range:&nbsp;2.4GHz-2.48GHz-&nbsp;Operating distance:&nbsp;up to 10m (free space)-&nbsp;Bluetooth profiles:&nbsp;A2DP AVRCP HSP HFP-&nbsp;Impedance:&nbsp;16- Frequency response:&nbsp;20Hz-20kHz- Sensitivity:&nbsp;110dB- Distortion:&nbsp;&lt;0.1%(THD)- Talk time:&nbsp;up to 45 hours- Standby time:&nbsp;up to 1625 hours- Charging time:&nbsp;about 2 hours- Operational temperature:&nbsp;-10 to 50°C
Color:White
Model Number: -
Connectivity:Wired/Wireless
Compatible with: All
Type: On Ear"
Electronics,Headphones & Headsets,2724342813033,2724342813033,Enable,bluetooth headset with memory red color,0,0,Other,1000,149,149,149,149,149,"<div style=""font-size: 13.3333px;"">-Bluetooth distance10M &nbsp; &nbsp; &nbsp; &nbsp; &nbsp; &nbsp;&nbsp;</div><div style=""font-size: 13.3333px;""><span style=""font-size: 13.3333px;"">&nbsp;-Battery Volume300mA &nbsp; &nbsp; &nbsp; &nbsp; &nbsp; &nbsp; &nbsp; &nbsp; &nbsp; &nbsp; &nbsp; &nbsp; &nbsp; &nbsp; &nbsp; &nbsp; &nbsp; &nbsp; &nbsp; &nbsp; &nbsp; &nbsp; &nbsp; &nbsp; &nbsp; &nbsp; &nbsp; &nbsp; &nbsp; &nbsp; &nbsp; &nbsp; &nbsp; &nbsp; &nbsp; &nbsp; &nbsp; &nbsp; &nbsp; &nbsp; &nbsp; &nbsp; &nbsp; &nbsp; &nbsp; &nbsp; &nbsp; &nbsp; &nbsp; &nbsp; &nbsp; &nbsp; &nbsp; &nbsp; &nbsp; &nbsp; &nbsp; &nbsp; &nbsp; &nbsp; &nbsp; &nbsp;&nbsp;</span></div><div style=""font-size: 13.3333px;"">-Charging voltageDC5V &nbsp; &nbsp; &nbsp; &nbsp; &nbsp;&nbsp;</div><div style=""font-size: 13.3333px;"">&nbsp;-Loudspeaker size40mm &nbsp; &nbsp; &nbsp; &nbsp; &nbsp; &nbsp; &nbsp; &nbsp; &nbsp; &nbsp; &nbsp; &nbsp; &nbsp; &nbsp; &nbsp; &nbsp; &nbsp; &nbsp; &nbsp; &nbsp; &nbsp; &nbsp; &nbsp; &nbsp; &nbsp; &nbsp; &nbsp; &nbsp; &nbsp; &nbsp; &nbsp; &nbsp; &nbsp; &nbsp; &nbsp; &nbsp; &nbsp; &nbsp; &nbsp; &nbsp; &nbsp; &nbsp; &nbsp; &nbsp; &nbsp; &nbsp; &nbsp; &nbsp; &nbsp; &nbsp; &nbsp; &nbsp; &nbsp; &nbsp; &nbsp; &nbsp; &nbsp; &nbsp; &nbsp; &nbsp; &nbsp; &nbsp; &nbsp; &nbsp; &nbsp;&nbsp;</div><div style=""font-size: 13.3333px;"">-Speaker impedance32 &nbsp; &nbsp; &nbsp; &nbsp; &nbsp; &nbsp; &nbsp; &nbsp; &nbsp; &nbsp; &nbsp; &nbsp; &nbsp; &nbsp; &nbsp; &nbsp; &nbsp; &nbsp; &nbsp; &nbsp; &nbsp; &nbsp; &nbsp; &nbsp; &nbsp; &nbsp; &nbsp; &nbsp; &nbsp; &nbsp; &nbsp; &nbsp; &nbsp; &nbsp; &nbsp; &nbsp; &nbsp; &nbsp; &nbsp; &nbsp; &nbsp; &nbsp; &nbsp; &nbsp; &nbsp; &nbsp; &nbsp; &nbsp; &nbsp; &nbsp; &nbsp; &nbsp; &nbsp; &nbsp; &nbsp; &nbsp; &nbsp; &nbsp; &nbsp; &nbsp; &nbsp; &nbsp; &nbsp; &nbsp; &nbsp; &nbsp; &nbsp; &nbsp;&nbsp;</div><div style=""font-size: 13.3333px;"">-Working timemusic4-6hcall8-10h &nbsp; &nbsp; &nbsp; &nbsp; &nbsp; &nbsp; &nbsp; &nbsp; &nbsp; &nbsp; &nbsp; &nbsp; &nbsp; &nbsp; &nbsp; &nbsp; &nbsp; &nbsp; &nbsp; &nbsp; &nbsp; &nbsp; &nbsp; &nbsp; &nbsp; &nbsp; &nbsp; &nbsp; &nbsp; &nbsp; &nbsp; &nbsp; &nbsp; &nbsp; &nbsp; &nbsp; &nbsp; &nbsp; &nbsp; &nbsp; &nbsp; &nbsp; &nbsp; &nbsp; &nbsp; &nbsp; &nbsp; &nbsp; &nbsp; &nbsp; &nbsp; &nbsp; &nbsp; &nbsp; &nbsp; &nbsp; &nbsp; &nbsp; &nbsp; &nbsp; &nbsp; &nbsp; &nbsp; &nbsp;&nbsp;</div><div style=""font-size: 13.3333px;"">-Bluetooth version2.1+EDR &nbsp; &nbsp;</div><ul class='generatedBullets'><li>Brand : Other</li><li>Model Number : s98</li><li>Connectivity : Wireless</li><li>Compatible with : All</li><li>Type : On Ear</li><li>Microphone included : 1</li><li>Noise Cancelling : 1</li><li>Color : Red</li></ul>","<div style=""font-size: 13.3333px;"">-Bluetooth distance10M &nbsp; &nbsp; &nbsp; &nbsp; &nbsp; &nbsp;&nbsp;</div><div style=""font-size: 13.3333px;""><span style=""font-size: 13.3333px;"">&nbsp;-Battery Volume300mA &nbsp; &nbsp; &nbsp; &nbsp; &nbsp; &nbsp; &nbsp; &nbsp; &nbsp; &nbsp; &nbsp; &nbsp; &nbsp; &nbsp; &nbsp; &nbsp; &nbsp; &nbsp; &nbsp; &nbsp; &nbsp; &nbsp; &nbsp; &nbsp; &nbsp; &nbsp; &nbsp; &nbsp; &nbsp; &nbsp; &nbsp; &nbsp; &nbsp; &nbsp; &nbsp; &nbsp; &nbsp; &nbsp; &nbsp; &nbsp; &nbsp; &nbsp; &nbsp; &nbsp; &nbsp; &nbsp; &nbsp; &nbsp; &nbsp; &nbsp; &nbsp; &nbsp; &nbsp; &nbsp; &nbsp; &nbsp; &nbsp; &nbsp; &nbsp; &nbsp; &nbsp; &nbsp;&nbsp;</span></div><div style=""font-size: 13.3333px;"">-Charging voltageDC5V &nbsp; &nbsp; &nbsp; &nbsp; &nbsp;&nbsp;</div><div style=""font-size: 13.3333px;"">&nbsp;-Loudspeaker size40mm &nbsp; &nbsp; &nbsp; &nbsp; &nbsp; &nbsp; &nbsp; &nbsp; &nbsp; &nbsp; &nbsp; &nbsp; &nbsp; &nbsp; &nbsp; &nbsp; &nbsp; &nbsp; &nbsp; &nbsp; &nbsp; &nbsp; &nbsp; &nbsp; &nbsp; &nbsp; &nbsp; &nbsp; &nbsp; &nbsp; &nbsp; &nbsp; &nbsp; &nbsp; &nbsp; &nbsp; &nbsp; &nbsp; &nbsp; &nbsp; &nbsp; &nbsp; &nbsp; &nbsp; &nbsp; &nbsp; &nbsp; &nbsp; &nbsp; &nbsp; &nbsp; &nbsp; &nbsp; &nbsp; &nbsp; &nbsp; &nbsp; &nbsp; &nbsp; &nbsp; &nbsp; &nbsp; &nbsp; &nbsp; &nbsp;&nbsp;</div><div style=""font-size: 13.3333px;"">-Speaker impedance32 &nbsp; &nbsp; &nbsp; &nbsp; &nbsp; &nbsp; &nbsp; &nbsp; &nbsp; &nbsp; &nbsp; &nbsp; &nbsp; &nbsp; &nbsp; &nbsp; &nbsp; &nbsp; &nbsp; &nbsp; &nbsp; &nbsp; &nbsp; &nbsp; &nbsp; &nbsp; &nbsp; &nbsp; &nbsp; &nbsp; &nbsp; &nbsp; &nbsp; &nbsp; &nbsp; &nbsp; &nbsp; &nbsp; &nbsp; &nbsp; &nbsp; &nbsp; &nbsp; &nbsp; &nbsp; &nbsp; &nbsp; &nbsp; &nbsp; &nbsp; &nbsp; &nbsp; &nbsp; &nbsp; &nbsp; &nbsp; &nbsp; &nbsp; &nbsp; &nbsp; &nbsp; &nbsp; &nbsp; &nbsp; &nbsp; &nbsp; &nbsp; &nbsp;&nbsp;</div><div style=""font-size: 13.3333px;"">-Working timemusic4-6hcall8-10h &nbsp; &nbsp; &nbsp; &nbsp; &nbsp; &nbsp; &nbsp; &nbsp; &nbsp; &nbsp; &nbsp; &nbsp; &nbsp; &nbsp; &nbsp; &nbsp; &nbsp; &nbsp; &nbsp; &nbsp; &nbsp; &nbsp; &nbsp; &nbsp; &nbsp; &nbsp; &nbsp; &nbsp; &nbsp; &nbsp; &nbsp; &nbsp; &nbsp; &nbsp; &nbsp; &nbsp; &nbsp; &nbsp; &nbsp; &nbsp; &nbsp; &nbsp; &nbsp; &nbsp; &nbsp; &nbsp; &nbsp; &nbsp; &nbsp; &nbsp; &nbsp; &nbsp; &nbsp; &nbsp; &nbsp; &nbsp; &nbsp; &nbsp; &nbsp; &nbsp; &nbsp; &nbsp; &nbsp; &nbsp;&nbsp;</div><div style=""font-size: 13.3333px;"">-Bluetooth version2.1+EDR &nbsp; &nbsp;</div><ul class='generatedBullets'><li>Brand : Other</li><li>Model Number : s98</li><li>Connectivity : Wireless</li><li>Compatible with : All</li><li>Type : On Ear</li><li>Microphone included : 1</li><li>Noise Cancelling : 1</li><li>Color : Red</li></ul>
Compatible with #5705All
Type #5935On Ear"
Electronics,Smart Watches,2724343067206,2724343067206,Enable,"Smart Watch Rubber Band For Android,Red - U8",0,0,Other,1000,55,55,55,55,55,"The U8 Bluetooth Smart Wrist Watch lets you stay in step with the time and the world in a new age way. This smart wrist watch features a high resolution, 1.48inch, capacitive touch display that enables you to see what matters at a glance. A high quality, white, plastic strap augments the watch’s matching white, stainless steel case further. The U8 smartwatch pairs with tablets, smartphones, and PCs that operate on Android v2.3 or higher. It is also compatible with iOS operating systems via its Bluetooth v2.0. It enables handsfree calls and gives you instant and discreet access to your mobile’s phonebook, notifications, and more. Those who have paired their Android smart devices with this accessory will also get notifications when they receive messages on WeChat, Twitter, Facebook, Skype, WhatsApp, and other such apps. Android users can also click pictures remotely with this smartwatch. An onboard passometer accurately counts the number of steps you take throughout the day. The timepiece incorporates an altitude meter, stopwatch, and barometer for your convenience.","The U8 Bluetooth Smart Wrist Watch lets you stay in step with the time and the world in a new age way. This smart wrist watch features a high resolution, 1.48inch, capacitive touch display that enables you to see what matters at a glance. A high quality, white, plastic strap augments the watch’s matching white, stainless steel case further. The U8 smartwatch pairs with tablets, smartphones, and PCs that operate on Android v2.3 or higher. It is also compatible with iOS operating systems via its Bluetooth v2.0. It enables handsfree calls and gives you instant and discreet access to your mobile’s phonebook, notifications, and more. Those who have paired their Android smart devices with this accessory will also get notifications when they receive messages on WeChat, Twitter, Facebook, Skype, WhatsApp, and other such apps. Android users can also click pictures remotely with this smartwatch. An onboard passometer accurately counts the number of steps you take throughout the day. The timepiece incorporates an altitude meter, stopwatch, and barometer for your convenience.
Color: Red
RAM Size: 
Operating System: Other
SIM card support: No
With Camera: 
Band Material: Rubber
Compatible Operating Systems : Android"
Electronics,Headphones & Headsets,2724343335220,2724343335220,Enable,Bluedio N2 Waterproof Sports Wireless Bluetooth Earbuds Music Headset with Microphone Hands-free Calling Black,0,0,Bluedio,1000,79,79,79,79,79,"<div>Color:Black</div><div>Features:</div><div><br></div><div>Ergonomic earbuds design allows you to wear a sight&nbsp;</div><div>Connect to two mobile phones at the same time</div><div>Compatible with almost all smart phones, tablets, and other Bluetooth-enabled devices</div><div><br></div><div>Specifications:&nbsp;</div><div>Bluetooth version: V4.1</div><div>Frequency range: 2.4GHz-2.48GHz</div><div>Operating distance: up to 10m (without obstacles)&nbsp;</div><div>Profiles: A2DP, AVRCP, HSP, HFP, SPP</div><div>Frequency response; 20Hz-20 KHz</div><div>Standby time: up to 220hrs&nbsp;</div><div>Talk/music time: about 7hrs</div><div>Fully charging time: about 2hrs&nbsp;</div><div>Operating environment: -10-50°C</div><div>Manual language: English, Chinese, Spanish, Germany, Japanese, French</div><div>Length: Approx 65.5cm/25.79inch</div><div><br></div><div>Package includes:&nbsp;</div><div>1 x Bluetooth Headset n2</div><div>1 x USB Cable</div><div>1 x User Manual</div>","<div>Color:Black</div><div>Features:</div><div><br></div><div>Ergonomic earbuds design allows you to wear a sight&nbsp;</div><div>Connect to two mobile phones at the same time</div><div>Compatible with almost all smart phones, tablets, and other Bluetooth-enabled devices</div><div><br></div><div>Specifications:&nbsp;</div><div>Bluetooth version: V4.1</div><div>Frequency range: 2.4GHz-2.48GHz</div><div>Operating distance: up to 10m (without obstacles)&nbsp;</div><div>Profiles: A2DP, AVRCP, HSP, HFP, SPP</div><div>Frequency response; 20Hz-20 KHz</div><div>Standby time: up to 220hrs&nbsp;</div><div>Talk/music time: about 7hrs</div><div>Fully charging time: about 2hrs&nbsp;</div><div>Operating environment: -10-50°C</div><div>Manual language: English, Chinese, Spanish, Germany, Japanese, French</div><div>Length: Approx 65.5cm/25.79inch</div><div><br></div><div>Package includes:&nbsp;</div><div>1 x Bluetooth Headset n2</div><div>1 x USB Cable</div><div>1 x User Manual</div>
Color:Black
Model Number: N2
Connectivity:Wireless
Compatible with: Mobile Phones
Type: In Ear"
Electronics,Headphones & Headsets,2724343337231,2724343337231,Enable,Bluedio N2 Wireless Bluetooth 4.1 Headset Earphone Stereo Music Bluetooth Sport Headphone with Mic For All Smart Phone,0,0,Bluedio,1000,89,89,89,89,89,"<div>Specification:</div><div><br></div><div>Bluetooth version: V4.1&nbsp;</div><div>Frequency range: 2.4GHz-2.48GHz&nbsp;</div><div>Frequency response: 20Hz-20kHz&nbsp;</div><div>Operation distance: up to 10m (free space)&nbsp;</div><div>Bluetooth profiles: A2DP, AVRCP, HSP, HFP&nbsp;</div><div>Talk/music time: about 5 hours&nbsp;</div><div>Standby time: up to 180hrs&nbsp;</div><div>Package include:&nbsp;</div><div><br></div><div>1 x BT sports headset&nbsp;</div><div>1 x USB charging cable&nbsp;</div><div>3 x Soft ear cap&nbsp;</div><div>1 x User manual</div>","<div>Specification:</div><div><br></div><div>Bluetooth version: V4.1&nbsp;</div><div>Frequency range: 2.4GHz-2.48GHz&nbsp;</div><div>Frequency response: 20Hz-20kHz&nbsp;</div><div>Operation distance: up to 10m (free space)&nbsp;</div><div>Bluetooth profiles: A2DP, AVRCP, HSP, HFP&nbsp;</div><div>Talk/music time: about 5 hours&nbsp;</div><div>Standby time: up to 180hrs&nbsp;</div><div>Package include:&nbsp;</div><div><br></div><div>1 x BT sports headset&nbsp;</div><div>1 x USB charging cable&nbsp;</div><div>3 x Soft ear cap&nbsp;</div><div>1 x User manual</div>
Color:Black
Model Number: N2
Connectivity:Wireless
Compatible with: All
Type: In Ear"
Electronics,Smart Watches,2724343363704,2724343363704,Enable,"Smart Watch Rubber Band For Android,Red - U8",0,0,Other,1000,54,54,54,54,54,"The U8 Bluetooth Smart Wrist Watch lets you stay in step with the time and the world in a new age way. This smart wrist watch features a high resolution, 1.48inch, capacitive touch display that enables you to see what matters at a glance. A high quality, white, plastic strap augments the watch’s matching white, stainless steel case further. The U8 smartwatch pairs with tablets, smartphones, and PCs that operate on Android v2.3 or higher. It is also compatible with iOS operating systems via its Bluetooth v2.0. It enables hands free calls and gives you instant and discreet access to your mobile’s phonebook, notifications, and more. Those who have paired their Android smart devices with this accessory will also get notifications when they receive messages on We Chat, Twitter, Facebook, Skype, WhatsApp, and other such apps. Android users can also click pictures remotely with this smartwatch. An onboard passometer accurately counts the number of steps you take throughout the day. The timepiece incorporates an altitude meter, stopwatch, and barometer for your convenience.","The U8 Bluetooth Smart Wrist Watch lets you stay in step with the time and the world in a new age way. This smart wrist watch features a high resolution, 1.48inch, capacitive touch display that enables you to see what matters at a glance. A high quality, white, plastic strap augments the watch’s matching white, stainless steel case further. The U8 smartwatch pairs with tablets, smartphones, and PCs that operate on Android v2.3 or higher. It is also compatible with iOS operating systems via its Bluetooth v2.0. It enables hands free calls and gives you instant and discreet access to your mobile’s phonebook, notifications, and more. Those who have paired their Android smart devices with this accessory will also get notifications when they receive messages on We Chat, Twitter, Facebook, Skype, WhatsApp, and other such apps. Android users can also click pictures remotely with this smartwatch. An onboard passometer accurately counts the number of steps you take throughout the day. The timepiece incorporates an altitude meter, stopwatch, and barometer for your convenience.
Color: Red
RAM Size: 64
Operating System: Other
SIM card support: No
With Camera: 
Band Material: Rubber
Compatible Operating Systems : Android"
Electronics,Cables,2724343629336,2724343629336,Enable,"Universal 3 IN 1 USB Charger And Data Sync Cable ,White",0,0,Other,1000,25,25,25,25,25,connects all android and ios devices by usb cable <br>can be used for syncing and charging <br>3 functions in the same adapter,"connects all android and ios devices by usb cable <br>can be used for syncing and charging <br>3 functions in the same adapter
Type: Cables
Compatible with: Mobile Phones"
Electronics,Mobile Accessories,2724349162134,2724349162134,Enable,Iphone 6 plus screen protecror,0,0,Bluedio,1000,8,8,8,8,8,"Iphone 6 plus screen protecror
Type:Mobile Accessories","Iphone 6 plus screen protecror
Type:Mobile Accessories"
Electronics,Headphones & Headsets,2724413734281,2724413734281,Enable,Black Wireless Headphone NIA 851S FM Radio Micro SD Player Bluetooth Headset,0,0,NIA,1000,59,59,59,59,59,"<div>Features:</div><div>Stereo music + call answering</div><div>Wireless enjoy stereo music playing and set aside to answer the call automatically converted.</div><div>Suitable for Cellphone, iPod, iPad, Tablet PC, Notebook and PC.</div><div>Work with All the bluetooth Smartphone. Such As iPhone 4 4S 5 5S 5C 6 Plus 6S Plus S, Samsung Galaxy S3 S4 S5 S6 Edge, Note 2 3, LG, HTC, Motorola, Nokia and Sony, etc.</div><div><br></div><div>Item Specification:</div><div>Charge time:2 hrs</div><div>Bluetooth version: Buletooth 3.0 + EDR, wireless transmitter standard of class II</div><div>Frequency coverage: 2.402-2.480GHz ISM band</div><div>Channel: 79 channels of 1MHz, B/W</div><div>Sensitivity: -80dbm</div><div>Bluetooth range: up to 10m</div><div>Transmit speed: 57-723Kbps</div><div>Stereo compression ratio: 44.1/48kHz</div><div>Contact terms: Point-to-Point</div><div>Charge power : PC USB, 5V</div><div>Charge power: Input 110/220V 50/60 Hz 150mA</div><div><br></div><div>Package Content:</div><div>1 x Sports Bluetooth Headset</div><div>1 x USB Cable</div>","<div>Features:</div><div>Stereo music + call answering</div><div>Wireless enjoy stereo music playing and set aside to answer the call automatically converted.</div><div>Suitable for Cellphone, iPod, iPad, Tablet PC, Notebook and PC.</div><div>Work with All the bluetooth Smartphone. Such As iPhone 4 4S 5 5S 5C 6 Plus 6S Plus S, Samsung Galaxy S3 S4 S5 S6 Edge, Note 2 3, LG, HTC, Motorola, Nokia and Sony, etc.</div><div><br></div><div>Item Specification:</div><div>Charge time:2 hrs</div><div>Bluetooth version: Buletooth 3.0 + EDR, wireless transmitter standard of class II</div><div>Frequency coverage: 2.402-2.480GHz ISM band</div><div>Channel: 79 channels of 1MHz, B/W</div><div>Sensitivity: -80dbm</div><div>Bluetooth range: up to 10m</div><div>Transmit speed: 57-723Kbps</div><div>Stereo compression ratio: 44.1/48kHz</div><div>Contact terms: Point-to-Point</div><div>Charge power : PC USB, 5V</div><div>Charge power: Input 110/220V 50/60 Hz 150mA</div><div><br></div><div>Package Content:</div><div>1 x Sports Bluetooth Headset</div><div>1 x USB Cable</div>
Color:Black
Model Number: Q8-851S
Connectivity:Wireless
Compatible with: Mobile Phones
Type: Over Ear"
Electronics,Headphones & Headsets,2724414486097,2724414486097,Enable,Bluedio T2s Stereo Wireless Bluetooth Headphones 4.1 Headset with Built In Mic Gift Package,0,0,Bluedio,1000,140,140,140,140,140,"Bluedio T2s Stereo Wireless Bluetooth Headphones 4.1 Headset with Built In Mic Gift PackageSpecifications:Bluetooth version: V4.1&nbsp;Profiles: A2DP, AVRCP, HSP, HFP&nbsp;Drive: 2×2.24inches&nbsp;Impedance: 16&nbsp;Frequency response: 20 Hz -20KHz&nbsp;Sensitivity: 110dB&nbsp;Operating distance: up to 32 ft (free space)&nbsp;Bluetooth music time: about 40 hours&nbsp;Bluetooth talk time: about 45 hours&nbsp;Standby time: about 1625 hours&nbsp;Fully charged time: about 2 hours&nbsp;Headset size: 7.87"" tall 7.32"" wide&nbsp;Package size: 7.87""×6.69""×3.35""&nbsp;Headset weight : 7.9oz&nbsp;Package weight: 15.49oz&nbsp;In the box:&nbsp;Bluedio T2S headset 1pc&nbsp;Charging cable 1pc&nbsp;3.5mm Audio cable 1pc","Bluedio T2s Stereo Wireless Bluetooth Headphones 4.1 Headset with Built In Mic Gift PackageSpecifications:Bluetooth version: V4.1&nbsp;Profiles: A2DP, AVRCP, HSP, HFP&nbsp;Drive: 2×2.24inches&nbsp;Impedance: 16&nbsp;Frequency response: 20 Hz -20KHz&nbsp;Sensitivity: 110dB&nbsp;Operating distance: up to 32 ft (free space)&nbsp;Bluetooth music time: about 40 hours&nbsp;Bluetooth talk time: about 45 hours&nbsp;Standby time: about 1625 hours&nbsp;Fully charged time: about 2 hours&nbsp;Headset size: 7.87"" tall 7.32"" wide&nbsp;Package size: 7.87""×6.69""×3.35""&nbsp;Headset weight : 7.9oz&nbsp;Package weight: 15.49oz&nbsp;In the box:&nbsp;Bluedio T2S headset 1pc&nbsp;Charging cable 1pc&nbsp;3.5mm Audio cable 1pc
Compatible with #5705Mobile Phones
Type: Over Ear"
Electronics,Headphones & Headsets,2724414486714,2724414486714,Enable,Bluedio T2s Stereo Wireless Bluetooth Headphones 4.1 Headset with Built In Mic Gift Package-White,0,0,Bluedio,1000,129,129,129,129,129,"Bluedio T2s Stereo Wireless Bluetooth Headphones 4.1 Headset with Built In Mic Gift Package-WhiteSpecifications:Bluetooth version: V4.1&nbsp;Profiles: A2DP, AVRCP, HSP, HFP&nbsp;Drive: 2×2.24inches&nbsp;Impedance: 16&nbsp;Frequency response: 20 Hz -20KHz&nbsp;Sensitivity: 110dB&nbsp;Operating distance: up to 32 ft (free space)&nbsp;Bluetooth music time: about 40 hours&nbsp;Bluetooth talk time: about 45 hours&nbsp;Standby time: about 1625 hours&nbsp;Fully charged time: about 2 hours&nbsp;Headset size: 7.87"" tall 7.32"" wide&nbsp;Package size: 7.87""×6.69""×3.35""&nbsp;Headset weight : 7.9oz&nbsp;Package weight: 15.49oz&nbsp;In the box:&nbsp;Bluedio T2S headset 1pc&nbsp;Charging cable 1pc&nbsp;3.5mm Audio cable 1pc","Bluedio T2s Stereo Wireless Bluetooth Headphones 4.1 Headset with Built In Mic Gift Package-WhiteSpecifications:Bluetooth version: V4.1&nbsp;Profiles: A2DP, AVRCP, HSP, HFP&nbsp;Drive: 2×2.24inches&nbsp;Impedance: 16&nbsp;Frequency response: 20 Hz -20KHz&nbsp;Sensitivity: 110dB&nbsp;Operating distance: up to 32 ft (free space)&nbsp;Bluetooth music time: about 40 hours&nbsp;Bluetooth talk time: about 45 hours&nbsp;Standby time: about 1625 hours&nbsp;Fully charged time: about 2 hours&nbsp;Headset size: 7.87"" tall 7.32"" wide&nbsp;Package size: 7.87""×6.69""×3.35""&nbsp;Headset weight : 7.9oz&nbsp;Package weight: 15.49oz&nbsp;In the box:&nbsp;Bluedio T2S headset 1pc&nbsp;Charging cable 1pc&nbsp;3.5mm Audio cable 1pc
Compatible with #5705Mobile Phones
Type: Over Ear"
Electronics,Headphones & Headsets,2724414487117,2724414487117,Enable,Bluedio T2s Stereo Wireless Bluetooth Headphones 4.1 Headset with Built In Mic Gift Package-Red,0,0,Bluedio,1000,149,149,149,149,149,"Bluedio T2s Stereo Wireless Bluetooth Headphones 4.1 Headset with Built In Mic Gift Package-RedSpecifications:Bluetooth version: V4.1&nbsp;Profiles: A2DP, AVRCP, HSP, HFP&nbsp;Drive: 2×2.24inches&nbsp;Impedance: 16&nbsp;Frequency response: 20 Hz -20KHz&nbsp;Sensitivity: 110dB&nbsp;Operating distance: up to 32 ft (free space)&nbsp;Bluetooth music time: about 40 hours&nbsp;Bluetooth talk time: about 45 hours&nbsp;Standby time: about 1625 hours&nbsp;Fully charged time: about 2 hours&nbsp;Headset size: 7.87"" tall 7.32"" wide&nbsp;Package size: 7.87""×6.69""×3.35""&nbsp;Headset weight : 7.9oz&nbsp;Package weight: 15.49oz&nbsp;In the box:&nbsp;Bluedio T2S headset 1pc&nbsp;Charging cable 1pc&nbsp;3.5mm Audio cable 1pc","Bluedio T2s Stereo Wireless Bluetooth Headphones 4.1 Headset with Built In Mic Gift Package-RedSpecifications:Bluetooth version: V4.1&nbsp;Profiles: A2DP, AVRCP, HSP, HFP&nbsp;Drive: 2×2.24inches&nbsp;Impedance: 16&nbsp;Frequency response: 20 Hz -20KHz&nbsp;Sensitivity: 110dB&nbsp;Operating distance: up to 32 ft (free space)&nbsp;Bluetooth music time: about 40 hours&nbsp;Bluetooth talk time: about 45 hours&nbsp;Standby time: about 1625 hours&nbsp;Fully charged time: about 2 hours&nbsp;Headset size: 7.87"" tall 7.32"" wide&nbsp;Package size: 7.87""×6.69""×3.35""&nbsp;Headset weight : 7.9oz&nbsp;Package weight: 15.49oz&nbsp;In the box:&nbsp;Bluedio T2S headset 1pc&nbsp;Charging cable 1pc&nbsp;3.5mm Audio cable 1pc
Compatible with #5705Mobile Phones
Type: Over Ear"
Electronics,Headphones & Headsets,2724441816799,2724441816799,Enable,Bluedio T2 Turbo Wireless Bluetooth 4.1 Stereo Headphones -White,0,0,Bluedio,1000,129,129,129,129,129,"Bluedio T2 Turbo Wireless Bluetooth 4.1 Stereo Headphones Noise Headset with Mic High Bass Quality-WhiteFeatures:&nbsp;Bluetooth 4.1 wireless audio with ultra low power consumptionAcoustic echo suppression eliminates echo that affects your voice signal&nbsp;57mm ultra-large driver deliver what the artist want you to hear&nbsp;Works as Bluetooth receiver, connecting to amplifier&nbsp;Unrivaled powerful bass&nbsp;Audio sharing shares music with your friend anytimeAudio line-inEQ adjustment&nbsp;Technical specification:&nbsp;&nbsp;Drivers: 57mm speaker X 2Transducer type: dynamicBluetooth version: V4.1Frequency range: 2.4GHz-2.48GHzOperating distance: up to 10m (free space)&nbsp;Bluetooth profiles: A2DP\AVRCP\HSP\HFPImpedance: 16Frequency response: 20Hz-20kHzSensitivity: 110dBDistortion:&lt;0.1%(THD)Music time: up to 40 hoursCharging time: about 2 hoursOperational temperature: -10 to 50°C&nbsp;<span style=""color:#cc0000;font-weight:bold"">Package</span> included:1x Bludio T21xUsb cable1x User manual","Bluedio T2 Turbo Wireless Bluetooth 4.1 Stereo Headphones Noise Headset with Mic High Bass Quality-WhiteFeatures:&nbsp;Bluetooth 4.1 wireless audio with ultra low power consumptionAcoustic echo suppression eliminates echo that affects your voice signal&nbsp;57mm ultra-large driver deliver what the artist want you to hear&nbsp;Works as Bluetooth receiver, connecting to amplifier&nbsp;Unrivaled powerful bass&nbsp;Audio sharing shares music with your friend anytimeAudio line-inEQ adjustment&nbsp;Technical specification:&nbsp;&nbsp;Drivers: 57mm speaker X 2Transducer type: dynamicBluetooth version: V4.1Frequency range: 2.4GHz-2.48GHzOperating distance: up to 10m (free space)&nbsp;Bluetooth profiles: A2DP\AVRCP\HSP\HFPImpedance: 16Frequency response: 20Hz-20kHzSensitivity: 110dBDistortion:&lt;0.1%(THD)Music time: up to 40 hoursCharging time: about 2 hoursOperational temperature: -10 to 50°C&nbsp;<span style=""color:#cc0000;font-weight:bold"">Package</span> included:1x Bludio T21xUsb cable1x User manual
Compatible with #5705Mobile Phones
Type: Over Ear"
Electronics,Car Audio & Video Accessories,2724441856269,2724441856269,Enable,Magnetic mobile car holder,0,0,Bluedio,1000,15,15,15,15,15,"Magnetic mobile car holder
Type:Car Accessories","Magnetic mobile car holder
Type:Car Accessories"
Electronics,Headphones & Headsets,2724442526291,2724442526291,Enable,"Bluetooth Wireless Headphones Earphone With Mic Microphone, Orange Color [BTX-1]",0,0,NIA,1000,59,59,59,59,59,"<div>Features:</div><div>Stereo music + call answering</div><div>Wireless enjoy stereo music playing and set aside to answer the call automatically converted.</div><div>Suitable for Cellphone, iPod, iPad, Tablet PC, Notebook and PC.</div><div>Work with All the bluetooth Smartphone. Such As iPhone 4 4S 5 5S 5C 6 Plus 6S Plus S, Samsung Galaxy S3 S4 S5 S6 Edge, Note 2 3, LG, HTC, Motorola, Nokia and Sony, etc.</div><div><br></div><div>Item Specification:</div><div>Charge time:2 hrs</div><div>Bluetooth version: Buletooth 3.0 + EDR, wireless transmitter standard of class II</div><div>Frequency coverage: 2.402-2.480GHz ISM band</div><div>Channel: 79 channels of 1MHz, B/W</div><div>Sensitivity: -80dbm</div><div>Bluetooth range: up to 10m</div><div>Transmit speed: 57-723Kbps</div><div>Stereo compression ratio: 44.1/48kHz</div><div>Contact terms: Point-to-Point</div><div>Charge power : PC USB, 5V</div><div>Charge power: Input 110/220V 50/60 Hz 150mA</div><div><br></div><div>Package Content:</div><div>1 x Sports Bluetooth Headset</div><div>1 x USB Cable</div>","<div>Features:</div><div>Stereo music + call answering</div><div>Wireless enjoy stereo music playing and set aside to answer the call automatically converted.</div><div>Suitable for Cellphone, iPod, iPad, Tablet PC, Notebook and PC.</div><div>Work with All the bluetooth Smartphone. Such As iPhone 4 4S 5 5S 5C 6 Plus 6S Plus S, Samsung Galaxy S3 S4 S5 S6 Edge, Note 2 3, LG, HTC, Motorola, Nokia and Sony, etc.</div><div><br></div><div>Item Specification:</div><div>Charge time:2 hrs</div><div>Bluetooth version: Buletooth 3.0 + EDR, wireless transmitter standard of class II</div><div>Frequency coverage: 2.402-2.480GHz ISM band</div><div>Channel: 79 channels of 1MHz, B/W</div><div>Sensitivity: -80dbm</div><div>Bluetooth range: up to 10m</div><div>Transmit speed: 57-723Kbps</div><div>Stereo compression ratio: 44.1/48kHz</div><div>Contact terms: Point-to-Point</div><div>Charge power : PC USB, 5V</div><div>Charge power: Input 110/220V 50/60 Hz 150mA</div><div><br></div><div>Package Content:</div><div>1 x Sports Bluetooth Headset</div><div>1 x USB Cable</div>
Compatible with #5705Mobile Phones
Type #5935On Ear"
Electronics,Headphones & Headsets,2724442526420,2724442526420,Enable,"Bluetooth Wireless Headphones Earphone With Mic Microphone, Pink Color [BTX-1]",0,0,NIA,1000,89,89,89,89,89,"<div>Features:</div><div>Stereo music + call answering</div><div>Wireless enjoy stereo music playing and set aside to answer the call automatically converted.</div><div>Suitable for Cellphone, iPod, iPad, Tablet PC, Notebook and PC.</div><div>Work with All the bluetooth Smartphone. Such As iPhone 4 4S 5 5S 5C 6 Plus 6S Plus S, Samsung Galaxy S3 S4 S5 S6 Edge, Note 2 3, LG, HTC, Motorola, Nokia and Sony, etc.</div><div><br></div><div>Item Specification:</div><div>Charge time:2 hrs</div><div>Bluetooth version: Buletooth 3.0 + EDR, wireless transmitter standard of class II</div><div>Frequency coverage: 2.402-2.480GHz ISM band</div><div>Channel: 79 channels of 1MHz, B/W</div><div>Sensitivity: -80dbm</div><div>Bluetooth range: up to 10m</div><div>Transmit speed: 57-723Kbps</div><div>Stereo compression ratio: 44.1/48kHz</div><div>Contact terms: Point-to-Point</div><div>Charge power : PC USB, 5V</div><div>Charge power: Input 110/220V 50/60 Hz 150mA</div><div><br></div><div>Package Content:</div><div>1 x Sports Bluetooth Headset</div><div>1 x USB Cable</div>","<div>Features:</div><div>Stereo music + call answering</div><div>Wireless enjoy stereo music playing and set aside to answer the call automatically converted.</div><div>Suitable for Cellphone, iPod, iPad, Tablet PC, Notebook and PC.</div><div>Work with All the bluetooth Smartphone. Such As iPhone 4 4S 5 5S 5C 6 Plus 6S Plus S, Samsung Galaxy S3 S4 S5 S6 Edge, Note 2 3, LG, HTC, Motorola, Nokia and Sony, etc.</div><div><br></div><div>Item Specification:</div><div>Charge time:2 hrs</div><div>Bluetooth version: Buletooth 3.0 + EDR, wireless transmitter standard of class II</div><div>Frequency coverage: 2.402-2.480GHz ISM band</div><div>Channel: 79 channels of 1MHz, B/W</div><div>Sensitivity: -80dbm</div><div>Bluetooth range: up to 10m</div><div>Transmit speed: 57-723Kbps</div><div>Stereo compression ratio: 44.1/48kHz</div><div>Contact terms: Point-to-Point</div><div>Charge power : PC USB, 5V</div><div>Charge power: Input 110/220V 50/60 Hz 150mA</div><div><br></div><div>Package Content:</div><div>1 x Sports Bluetooth Headset</div><div>1 x USB Cable</div>
Compatible with #5705Mobile Phones
Type #5935Over Ear"
Electronics,Headphones & Headsets,2724442527090,2724442527090,Enable,BlueStereo Bluetooth Wireless Headset Earphone With Call Mic Microphone [BTX-2],0,0,NIA,1000,59,59,59,59,59,"<div>Features:</div><div>Stereo music + call answering</div><div>Wireless enjoy stereo music playing and set aside to answer the call automatically converted.</div><div>Suitable for Cellphone, iPod, iPad, Tablet PC, Notebook and PC.</div><div>Work with All the bluetooth Smartphone. Such As iPhone 4 4S 5 5S 5C 6 Plus 6S Plus S, Samsung Galaxy S3 S4 S5 S6 Edge, Note 2 3, LG, HTC, Motorola, Nokia and Sony, etc.</div><div><br></div><div>Item Specification:</div><div>Charge time:2 hrs</div><div>Bluetooth version: Buletooth 3.0 + EDR, wireless transmitter standard of class II</div><div>Frequency coverage: 2.402-2.480GHz ISM band</div><div>Channel: 79 channels of 1MHz, B/W</div><div>Sensitivity: -80dbm</div><div>Bluetooth range: up to 10m</div><div>Transmit speed: 57-723Kbps</div><div>Stereo compression ratio: 44.1/48kHz</div><div>Contact terms: Point-to-Point</div><div>Charge power : PC USB, 5V</div><div>Charge power: Input 110/220V 50/60 Hz 150mA</div><div><br></div><div>Package Content:</div><div>1 x Sports Bluetooth Headset</div><div>1 x USB Cable</div>","<div>Features:</div><div>Stereo music + call answering</div><div>Wireless enjoy stereo music playing and set aside to answer the call automatically converted.</div><div>Suitable for Cellphone, iPod, iPad, Tablet PC, Notebook and PC.</div><div>Work with All the bluetooth Smartphone. Such As iPhone 4 4S 5 5S 5C 6 Plus 6S Plus S, Samsung Galaxy S3 S4 S5 S6 Edge, Note 2 3, LG, HTC, Motorola, Nokia and Sony, etc.</div><div><br></div><div>Item Specification:</div><div>Charge time:2 hrs</div><div>Bluetooth version: Buletooth 3.0 + EDR, wireless transmitter standard of class II</div><div>Frequency coverage: 2.402-2.480GHz ISM band</div><div>Channel: 79 channels of 1MHz, B/W</div><div>Sensitivity: -80dbm</div><div>Bluetooth range: up to 10m</div><div>Transmit speed: 57-723Kbps</div><div>Stereo compression ratio: 44.1/48kHz</div><div>Contact terms: Point-to-Point</div><div>Charge power : PC USB, 5V</div><div>Charge power: Input 110/220V 50/60 Hz 150mA</div><div><br></div><div>Package Content:</div><div>1 x Sports Bluetooth Headset</div><div>1 x USB Cable</div>
Compatible with #5705Mobile Phones
Type #5935Over Ear"
Electronics,Mobile Accessories,2724442788736,2724442788736,Enable,Gamesir G3s Multi Gamepad,0,0,Bluedio,1000,199,199,199,199,199,"Gamesir G3s Multi Gamepad
Type:Mobile Accessories","Gamesir G3s Multi Gamepad
Type:Mobile Accessories"
Electronics,Headphones & Headsets,2724443447342,2724443447342,Enable,Aleesh Black Bluedio N2 Wireless Bluetooth V4.1 Earphone HIFI Headphone Sport Stereo Headset Support Voice Prompt Answer Phone Muti-point,0,0,Bluedio,1000,89,89,89,89,89,"<div>Leading new era by Bluetooth 4.1: Incorporate high speed 80MIPS Kalimba CPU and 80MHz RISC MCU Bluetooth 4.1 chipset of CSR from the UK, N2 is tough enough for stable high speed operation.</div><div>Ultra HD voice: Sample rate of N2 has dramatically expanded from 8kHz to 16kHz, speech frequencies expanded from 280Hz-4kHz to 50Hz-6.1kHz, far beyond band limits caused by mobile network and Bluetooth link, it means that narrow band era has come to an end, ultra HD wideband speech has come to your world</div><div>&nbsp;Leading new era by Bluetooth 4.1: Incorporate high speed 80MIPS Kalimba CPU and 80MHz RISC MCU Bluetooth 4.1 chipset of CSR from the UK, N2 is tough enough for stable high speed operation.</div><div>Ultra HD voice: Sample rate of N2 has dramatically expanded from 8kHz to 16kHz, speech frequencies expanded from 280Hz-4kHz to 50Hz-6.1kHz, far beyond band limits caused by mobile network and Bluetooth link, it means that narrow band era has come to an end, ultra HD wideband speech has come to your world</div>","<div>Leading new era by Bluetooth 4.1: Incorporate high speed 80MIPS Kalimba CPU and 80MHz RISC MCU Bluetooth 4.1 chipset of CSR from the UK, N2 is tough enough for stable high speed operation.</div><div>Ultra HD voice: Sample rate of N2 has dramatically expanded from 8kHz to 16kHz, speech frequencies expanded from 280Hz-4kHz to 50Hz-6.1kHz, far beyond band limits caused by mobile network and Bluetooth link, it means that narrow band era has come to an end, ultra HD wideband speech has come to your world</div><div>&nbsp;Leading new era by Bluetooth 4.1: Incorporate high speed 80MIPS Kalimba CPU and 80MHz RISC MCU Bluetooth 4.1 chipset of CSR from the UK, N2 is tough enough for stable high speed operation.</div><div>Ultra HD voice: Sample rate of N2 has dramatically expanded from 8kHz to 16kHz, speech frequencies expanded from 280Hz-4kHz to 50Hz-6.1kHz, far beyond band limits caused by mobile network and Bluetooth link, it means that narrow band era has come to an end, ultra HD wideband speech has come to your world</div>
Color:Black
Model Number: B012N8A
Connectivity:Wireless
Compatible with: All
Type: In Ear"
Electronics,Car Audio & Video Accessories,2724443486280,2724443486280,Enable,NIA Collapsible Micro SD/FM Stereo Radio/MP3 Player Q8 851S Headphones Headset Orange,0,0,Bluedio,1000,59,59,59,59,59,"NIA Collapsible Micro SD/FM Stereo Radio/MP3 Player Q8 851S Headphones Headset Orange
Type:Car Accessories","NIA Collapsible Micro SD/FM Stereo Radio/MP3 Player Q8 851S Headphones Headset Orange
Type:Car Accessories"
Electronics,Headphones & Headsets,2724444033414,2724444033414,Enable,Dacom GF7 TWS True wireless Bluetooth Earbuds earphones Double Twins Headset For iPhone 7 AirPods xiaomi Smartphone,0,0,Dacom,1000,7000,7000,7000,7000,7000,"<div>Product Description:</div><div>.Compact and light-weight design.</div><div>.Double-ear main and subsidiary earpiece design, innovative and excellence.</div><div>.Bluetooth 4.2 technology, better sound quality.</div><div>.Adopt True Wireless Technology, enjoy your wirelessly sports .</div><div>.Intelligent charging box provides fast charge, worry free for endurance.</div><div>.With hight capacity lithium battery and low frequency balanced technology funtion.</div><div>.Multi-functional button, achieved by one click.</div><div>.Strong compatibility, compatible with devices as long as they are bluetooth enables.</div><div>.Three steps to pair, easy to use.</div><div><br></div><div>Specifications:</div><div>.Type: Bluetooth Headset</div><div>.Brand: Dacom</div><div>.Model: TWS</div><div>.Color: white</div><div>.Bluetooth version: V4.2</div><div>.Drive: 8mm</div><div>.Impedance: 16ohms</div><div>.Power level: Class </div><div>.Working voltage: 3.2V-4.2V</div><div>.Sensitivity: -42db±2db</div><div>.Frequency range: 2.4-2.48Ghz</div><div>.Distance: &lt;10m</div><div>.Profiles: A2DP/AVRCP</div><div>.Compatibility: for devices which bluetooth enables</div><div><br></div><div>Package list:</div><div>2 * Headset (main and subsidiary)</div><div>1 * Charge box</div><div>1 * USB cable</div><div>2 * Earbud</div><div>1 * Carry bag</div><div>1 * User manual&nbsp;</div><ul class='generatedBullets'><li>Brand : Dacom</li><li>Color : White</li><li>Model Number : GF7</li><li>Connectivity : Wireless</li><li>Compatible with : All</li><li>Type : In Ear</li><li>Microphone included : Yes</li><li>Noise Cancelling : Yes</li></ul>","<div>Product Description:</div><div>.Compact and light-weight design.</div><div>.Double-ear main and subsidiary earpiece design, innovative and excellence.</div><div>.Bluetooth 4.2 technology, better sound quality.</div><div>.Adopt True Wireless Technology, enjoy your wirelessly sports .</div><div>.Intelligent charging box provides fast charge, worry free for endurance.</div><div>.With hight capacity lithium battery and low frequency balanced technology funtion.</div><div>.Multi-functional button, achieved by one click.</div><div>.Strong compatibility, compatible with devices as long as they are bluetooth enables.</div><div>.Three steps to pair, easy to use.</div><div><br></div><div>Specifications:</div><div>.Type: Bluetooth Headset</div><div>.Brand: Dacom</div><div>.Model: TWS</div><div>.Color: white</div><div>.Bluetooth version: V4.2</div><div>.Drive: 8mm</div><div>.Impedance: 16ohms</div><div>.Power level: Class </div><div>.Working voltage: 3.2V-4.2V</div><div>.Sensitivity: -42db±2db</div><div>.Frequency range: 2.4-2.48Ghz</div><div>.Distance: &lt;10m</div><div>.Profiles: A2DP/AVRCP</div><div>.Compatibility: for devices which bluetooth enables</div><div><br></div><div>Package list:</div><div>2 * Headset (main and subsidiary)</div><div>1 * Charge box</div><div>1 * USB cable</div><div>2 * Earbud</div><div>1 * Carry bag</div><div>1 * User manual&nbsp;</div><ul class='generatedBullets'><li>Brand : Dacom</li><li>Color : White</li><li>Model Number : GF7</li><li>Connectivity : Wireless</li><li>Compatible with : All</li><li>Type : In Ear</li><li>Microphone included : Yes</li><li>Noise Cancelling : Yes</li></ul>
Compatible with #5705All
Type #5935In Ear"
Electronics,Smart Watches,2724444670084,2724444670084,Enable,Cacgo K89 Bluetooth Heart Rate Monitor Smart Watch - Black,0,0,CACGO,1000,299,299,299,299,299,"<b>Product Features : </b><ul><li>Brand: Cacgo</li><li>Color: Black</li><li>Operating System: Android</li><li>RAM Size: 128 MB</li><li>Band Material: Leather</li><li>Compatible Operating System: Android &amp; iOS</li><li>SIM Card Support: Yes</li><li>Model Number: K89</li><li>Case Material: Stainless Steel</li><li>ROM: 64 MB</li><li>Built-in Chip Type: MTK 2501</li><li>Bluetooth Version: Bluetooth 4.0</li><li>Bluetooth Calling: Answering, Call log sync, Dialing, Phone call reminder and Phonebook</li><li>Health Tracker: Pedometer, Sedentary Reminder, Sleep Monitor</li><li>Remote Control: Camera Remote, Music Remote</li><li>Anti-lost: Yes</li><li>Notification: Yes</li><li>Find phone: Yes</li><li>Other Functions: Alarm, Calculator, Calendar, Voice recorder</li><li>Alert Type: Ring, Vibration</li><li>Screen: IPS</li><li>Screen Resolution: 240 x 240</li><li>Screen Size: 1.2 inches</li><li>Battery Capacity: 300 mAh</li><li>Standby Time: About 4-5 Days</li><li>Shape of the Dial: Round</li><li>Other Function: Alarm, Calculator, Calendar, Voice recorder</li><li>Dial Size: 4.3 x 4.3 x 1.3 cm</li><li>Band Size: 24 x 2.2 cm</li><li>Product Weight: 0.78 g</li><li>Operating Mode: Press Button, Touch Screen</li><li>Details: Record your heartbeats on a dynamic or static state so that you can understand your healthy condition at anytime. Arbitrarily change the interface according to your mood. Built-in loudspeaker you can be hands-free to answer the call. </li></ul><ul class='generatedBullets'><li>SIM card support : null</li><li>Brand : null</li><li>Color : Black</li><li>RAM Size : 128 MB</li><li>Operating System : Other</li><li>With Camera : </li><li>Band Material : Leather</li><li>Compatible Operating Systems  : Android & iOS</li><li>Model Number : k89</li></ul>","<b>Product Features : </b><ul><li>Brand: Cacgo</li><li>Color: Black</li><li>Operating System: Android</li><li>RAM Size: 128 MB</li><li>Band Material: Leather</li><li>Compatible Operating System: Android &amp; iOS</li><li>SIM Card Support: Yes</li><li>Model Number: K89</li><li>Case Material: Stainless Steel</li><li>ROM: 64 MB</li><li>Built-in Chip Type: MTK 2501</li><li>Bluetooth Version: Bluetooth 4.0</li><li>Bluetooth Calling: Answering, Call log sync, Dialing, Phone call reminder and Phonebook</li><li>Health Tracker: Pedometer, Sedentary Reminder, Sleep Monitor</li><li>Remote Control: Camera Remote, Music Remote</li><li>Anti-lost: Yes</li><li>Notification: Yes</li><li>Find phone: Yes</li><li>Other Functions: Alarm, Calculator, Calendar, Voice recorder</li><li>Alert Type: Ring, Vibration</li><li>Screen: IPS</li><li>Screen Resolution: 240 x 240</li><li>Screen Size: 1.2 inches</li><li>Battery Capacity: 300 mAh</li><li>Standby Time: About 4-5 Days</li><li>Shape of the Dial: Round</li><li>Other Function: Alarm, Calculator, Calendar, Voice recorder</li><li>Dial Size: 4.3 x 4.3 x 1.3 cm</li><li>Band Size: 24 x 2.2 cm</li><li>Product Weight: 0.78 g</li><li>Operating Mode: Press Button, Touch Screen</li><li>Details: Record your heartbeats on a dynamic or static state so that you can understand your healthy condition at anytime. Arbitrarily change the interface according to your mood. Built-in loudspeaker you can be hands-free to answer the call. </li></ul><ul class='generatedBullets'><li>SIM card support : null</li><li>Brand : null</li><li>Color : Black</li><li>RAM Size : 128 MB</li><li>Operating System : Other</li><li>With Camera : </li><li>Band Material : Leather</li><li>Compatible Operating Systems  : Android & iOS</li><li>Model Number : k89</li></ul>
Color: Black
RAM Size: 128
Operating System: Other
SIM card support: Yes
With Camera: No
Band Material: Leather
Compatible Operating Systems : Android & iOS"
Electronics,Smart Watches,2724444670121,2724444670121,Enable,Cacgo K89 Bluetooth Heart Rate Monitor Smart Watch - Silver,0,0,Other,1000,310,310,310,310,310,"<b>Product Features : </b><ul><li>Brand: Cacgo</li><li>Color: Silver</li><li>Operating System: Android</li><li>RAM Size: 128 MB</li><li>Band Material: Stainless Steel</li><li>Compatible Operating System: Android & iOS</li><li>SIM Card Support: Yes</li><li>Model Number: K89</li><li>Case Material: Stainless Steel</li><li>ROM: 64 MB</li><li>Built-in Chip Type: MTK 2501</li><li>Bluetooth Version: Bluetooth 4.0</li><li>Bluetooth Calling: Answering, Call log sync, Dialing, Phone call reminder and Phonebook</li><li>Health Tracker: Pedometer, Sedentary Reminder, Sleep Monitor</li><li>Remote Control: Camera Remote, Music Remote</li><li>Anti-lost: Yes</li><li>Notification: Yes</li><li>Find phone: Yes</li><li>Other Functions: Alarm, Calculator, Calendar, Voice recorder</li><li>Alert Type: Ring, Vibration</li><li>Screen: IPS</li><li>Screen Resolution: 240 x 240</li><li>Screen Size: 1.2 inches</li><li>Battery Capacity: 300 mAh</li><li>Standby Time: About 4-5 Days</li><li>Shape of the Dial: Round</li><li>Other Function: Alarm, Calculator, Calendar, Voice recorder</li><li>Dial Size: 4.3 x 4.3 x 1.3 cm</li><li>Band Size: 24 x 2.2 cm</li><li>Product Weight: 0.78 g</li><li>Operating Mode: Press Button, Touch Screen</li><li>Details: Record your heartbeats on a dynamic or static state so that you can understand your healthy condition at anytime. Arbitrarily change the interface according to your mood. Built-in loudspeaker you can be hands-free to answer the call. </li></ul>","<b>Product Features : </b><ul><li>Brand: Cacgo</li><li>Color: Silver</li><li>Operating System: Android</li><li>RAM Size: 128 MB</li><li>Band Material: Stainless Steel</li><li>Compatible Operating System: Android & iOS</li><li>SIM Card Support: Yes</li><li>Model Number: K89</li><li>Case Material: Stainless Steel</li><li>ROM: 64 MB</li><li>Built-in Chip Type: MTK 2501</li><li>Bluetooth Version: Bluetooth 4.0</li><li>Bluetooth Calling: Answering, Call log sync, Dialing, Phone call reminder and Phonebook</li><li>Health Tracker: Pedometer, Sedentary Reminder, Sleep Monitor</li><li>Remote Control: Camera Remote, Music Remote</li><li>Anti-lost: Yes</li><li>Notification: Yes</li><li>Find phone: Yes</li><li>Other Functions: Alarm, Calculator, Calendar, Voice recorder</li><li>Alert Type: Ring, Vibration</li><li>Screen: IPS</li><li>Screen Resolution: 240 x 240</li><li>Screen Size: 1.2 inches</li><li>Battery Capacity: 300 mAh</li><li>Standby Time: About 4-5 Days</li><li>Shape of the Dial: Round</li><li>Other Function: Alarm, Calculator, Calendar, Voice recorder</li><li>Dial Size: 4.3 x 4.3 x 1.3 cm</li><li>Band Size: 24 x 2.2 cm</li><li>Product Weight: 0.78 g</li><li>Operating Mode: Press Button, Touch Screen</li><li>Details: Record your heartbeats on a dynamic or static state so that you can understand your healthy condition at anytime. Arbitrarily change the interface according to your mood. Built-in loudspeaker you can be hands-free to answer the call. </li></ul>
Color: Silver
RAM Size: 128
Operating System: Android
SIM card support: Yes
With Camera: No
Band Material: Stainless Steel
Compatible Operating Systems : Android & iOS"
Electronics,Smart Watches,2724444670138,2724444670138,Enable,Cacgo K89 Bluetooth Heart Rate Monitor Smart Watch - Silver,0,0,CACGO,1000,299,299,299,299,299,"<b>Product Features : </b><ul><li>Brand: Cacgo</li><li>Color: Silver</li><li>Operating System: Android</li><li>RAM Size: 128 MB</li><li>Band Material: Leather</li><li>Compatible Operating System: Android & iOS</li><li>SIM Card Support: Yes</li><li>Model Number: K89</li><li>Case Material: Stainless Steel</li><li>ROM: 64 MB</li><li>Built-in Chip Type: MTK 2501</li><li>Bluetooth Version: Bluetooth 4.0</li><li>Bluetooth Calling: Answering, Call log sync, Dialing, Phone call reminder and Phonebook</li><li>Health Tracker: Pedometer, Sedentary Reminder, Sleep Monitor</li><li>Remote Control: Camera Remote, Music Remote</li><li>Anti-lost: Yes</li><li>Notification: Yes</li><li>Find phone: Yes</li><li>Other Functions: Alarm, Calculator, Calendar, Voice recorder</li><li>Alert Type: Ring, Vibration</li><li>Screen: IPS</li><li>Screen Resolution: 240 x 240</li><li>Screen Size: 1.2 inches</li><li>Battery Capacity: 300 mAh</li><li>Standby Time: About 4-5 Days</li><li>Shape of the Dial: Round</li><li>Other Function: Alarm, Calculator, Calendar, Voice recorder</li><li>Dial Size: 4.3 x 4.3 x 1.3 cm</li><li>Band Size: 24 x 2.2 cm</li><li>Product Weight: 0.78 g</li><li>Operating Mode: Press Button, Touch Screen</li><li>Details: Record your heartbeats on a dynamic or static state so that you can understand your healthy condition at anytime. Arbitrarily change the interface according to your mood. Built-in loudspeaker you can be hands-free to answer the call. </li></ul>","<b>Product Features : </b><ul><li>Brand: Cacgo</li><li>Color: Silver</li><li>Operating System: Android</li><li>RAM Size: 128 MB</li><li>Band Material: Leather</li><li>Compatible Operating System: Android & iOS</li><li>SIM Card Support: Yes</li><li>Model Number: K89</li><li>Case Material: Stainless Steel</li><li>ROM: 64 MB</li><li>Built-in Chip Type: MTK 2501</li><li>Bluetooth Version: Bluetooth 4.0</li><li>Bluetooth Calling: Answering, Call log sync, Dialing, Phone call reminder and Phonebook</li><li>Health Tracker: Pedometer, Sedentary Reminder, Sleep Monitor</li><li>Remote Control: Camera Remote, Music Remote</li><li>Anti-lost: Yes</li><li>Notification: Yes</li><li>Find phone: Yes</li><li>Other Functions: Alarm, Calculator, Calendar, Voice recorder</li><li>Alert Type: Ring, Vibration</li><li>Screen: IPS</li><li>Screen Resolution: 240 x 240</li><li>Screen Size: 1.2 inches</li><li>Battery Capacity: 300 mAh</li><li>Standby Time: About 4-5 Days</li><li>Shape of the Dial: Round</li><li>Other Function: Alarm, Calculator, Calendar, Voice recorder</li><li>Dial Size: 4.3 x 4.3 x 1.3 cm</li><li>Band Size: 24 x 2.2 cm</li><li>Product Weight: 0.78 g</li><li>Operating Mode: Press Button, Touch Screen</li><li>Details: Record your heartbeats on a dynamic or static state so that you can understand your healthy condition at anytime. Arbitrarily change the interface according to your mood. Built-in loudspeaker you can be hands-free to answer the call. </li></ul>
Color: Silver
RAM Size: 128
Operating System: Android
SIM card support: Yes
With Camera: 
Band Material: Leather
Compatible Operating Systems : Android & iOS"
Electronics,Smart Watches,2724444670183,2724444670183,Enable,Cacgo K89 Bluetooth Heart Rate Monitor Smart Watch - Gold,0,0,CACGO,1000,359,359,359,359,359,"<b>Product Features : </b><ul><li>Brand: Cacgo</li><li>Color: Gold</li><li>Operating System: Android</li><li>RAM Size: 128 MB</li><li>Band Material: Stainless Steel</li><li>Compatible Operating System: Android & iOS</li><li>SIM Card Support: Yes</li><li>Model Number: K89</li><li>Case Material: Stainless Steel</li><li>ROM: 64 MB</li><li>Built-in Chip Type: MTK 2501</li><li>Bluetooth Version: Bluetooth 4.0</li><li>Bluetooth Calling: Answering, Call log sync, Dialing, Phone call reminder and Phonebook</li><li>Health Tracker: Pedometer, Sedentary Reminder, Sleep Monitor</li><li>Remote Control: Camera Remote, Music Remote</li><li>Anti-lost: Yes</li><li>Notification: Yes</li><li>Find phone: Yes</li><li>Other Functions: Alarm, Calculator, Calendar, Voice recorder</li><li>Alert Type: Ring, Vibration</li><li>Screen: IPS</li><li>Screen Resolution: 240 x 240</li><li>Screen Size: 1.2 inches</li><li>Battery Capacity: 300 mAh</li><li>Standby Time: About 4-5 Days</li><li>Shape of the Dial: Round</li><li>Other Function: Alarm, Calculator, Calendar, Voice recorder</li><li>Dial Size: 4.3 x 4.3 x 1.3 cm</li><li>Band Size: 24 x 2.2 cm</li><li>Product Weight: 0.78 g</li><li>Operating Mode: Press Button, Touch Screen</li><li>Details: Record your heartbeats on a dynamic or static state so that you can understand your healthy condition at anytime. Arbitrarily change the interface according to your mood. Built-in loudspeaker you can be hands-free to answer the call. </li></ul>","<b>Product Features : </b><ul><li>Brand: Cacgo</li><li>Color: Gold</li><li>Operating System: Android</li><li>RAM Size: 128 MB</li><li>Band Material: Stainless Steel</li><li>Compatible Operating System: Android & iOS</li><li>SIM Card Support: Yes</li><li>Model Number: K89</li><li>Case Material: Stainless Steel</li><li>ROM: 64 MB</li><li>Built-in Chip Type: MTK 2501</li><li>Bluetooth Version: Bluetooth 4.0</li><li>Bluetooth Calling: Answering, Call log sync, Dialing, Phone call reminder and Phonebook</li><li>Health Tracker: Pedometer, Sedentary Reminder, Sleep Monitor</li><li>Remote Control: Camera Remote, Music Remote</li><li>Anti-lost: Yes</li><li>Notification: Yes</li><li>Find phone: Yes</li><li>Other Functions: Alarm, Calculator, Calendar, Voice recorder</li><li>Alert Type: Ring, Vibration</li><li>Screen: IPS</li><li>Screen Resolution: 240 x 240</li><li>Screen Size: 1.2 inches</li><li>Battery Capacity: 300 mAh</li><li>Standby Time: About 4-5 Days</li><li>Shape of the Dial: Round</li><li>Other Function: Alarm, Calculator, Calendar, Voice recorder</li><li>Dial Size: 4.3 x 4.3 x 1.3 cm</li><li>Band Size: 24 x 2.2 cm</li><li>Product Weight: 0.78 g</li><li>Operating Mode: Press Button, Touch Screen</li><li>Details: Record your heartbeats on a dynamic or static state so that you can understand your healthy condition at anytime. Arbitrarily change the interface according to your mood. Built-in loudspeaker you can be hands-free to answer the call. </li></ul>
Color: Gold
RAM Size: 128
Operating System: Android
SIM card support: Yes
With Camera: 
Band Material: Stainless Steel
Compatible Operating Systems : Android & iOS"
Electronics,Smart Watches,2724444670220,2724444670220,Enable,Rwatch R10 GSM Phone Smart Watch - Champagne Gold,0,0,RWATCH,1000,259,259,259,259,259,"<b>Product Features : </b><ul><li>Brand: Rwatch</li><li>Color: Champagne Gold</li><li>Operating System: Android</li><li>SIM Card Support: Yes</li><li>Band Material: Silicone</li><li>RAM Size: 32 MB</li><li>Compatible Operating System: Android & iOS</li><li>Model Number: R10</li><li>Case Material: Metal</li><li>Built-in Chip Type: MTK6261 </li><li>Bluetooth Version: Bluetooth 4.0</li><li>Bluetooth Calling: Dialing, Phonebook</li><li>Health Tracker: Heart Rate Monitor, Pedometer, Sleep monitor</li><li>Remote Control: Camera Remote, Music Remote</li><li>Notification: Yes</li><li>Anti-lost: Yes</li><li>Find phone: Yes</li><li>Other Functions: Alarm, Calculator, Calendar, Compass, Stopwatch</li><li>Screen: 2.5D Capacitive Touch Panel</li><li>Screen Resolution: 240 x 240 pixels</li><li>Screen Size: 1.54 inches</li><li> Battery Capacity: 380 mAh</li><li>Shape of the Dial: Rectangle</li><li>Dial Size: 3.8 x 5.2 x 1.2 cm</li><li>Band Width: 2.2 cm</li><li>Product Size: 26.00 x 3.80 x 1.20 cm</li><li>Product Weight: 0.064 kg</li><li>Details: Make a phone call via Bluetooth. Insert your SIM card, then you can call your friends. Show you the direction, convenient for your outdoor sports, never worry about disorientation. Monitor your heart rate, help you do reasonable exercise. Monitor the daily movement, always check the movement distance, speed and the number of steps, energy consumption etc. Control your smart phone to take photos and you can enjoy the pleasure of taking photos on your wrist. Play music via Bluetooth, enjoy the wonderful music, just a swipe of your finger.</li></ul>","<b>Product Features : </b><ul><li>Brand: Rwatch</li><li>Color: Champagne Gold</li><li>Operating System: Android</li><li>SIM Card Support: Yes</li><li>Band Material: Silicone</li><li>RAM Size: 32 MB</li><li>Compatible Operating System: Android & iOS</li><li>Model Number: R10</li><li>Case Material: Metal</li><li>Built-in Chip Type: MTK6261 </li><li>Bluetooth Version: Bluetooth 4.0</li><li>Bluetooth Calling: Dialing, Phonebook</li><li>Health Tracker: Heart Rate Monitor, Pedometer, Sleep monitor</li><li>Remote Control: Camera Remote, Music Remote</li><li>Notification: Yes</li><li>Anti-lost: Yes</li><li>Find phone: Yes</li><li>Other Functions: Alarm, Calculator, Calendar, Compass, Stopwatch</li><li>Screen: 2.5D Capacitive Touch Panel</li><li>Screen Resolution: 240 x 240 pixels</li><li>Screen Size: 1.54 inches</li><li> Battery Capacity: 380 mAh</li><li>Shape of the Dial: Rectangle</li><li>Dial Size: 3.8 x 5.2 x 1.2 cm</li><li>Band Width: 2.2 cm</li><li>Product Size: 26.00 x 3.80 x 1.20 cm</li><li>Product Weight: 0.064 kg</li><li>Details: Make a phone call via Bluetooth. Insert your SIM card, then you can call your friends. Show you the direction, convenient for your outdoor sports, never worry about disorientation. Monitor your heart rate, help you do reasonable exercise. Monitor the daily movement, always check the movement distance, speed and the number of steps, energy consumption etc. Control your smart phone to take photos and you can enjoy the pleasure of taking photos on your wrist. Play music via Bluetooth, enjoy the wonderful music, just a swipe of your finger.</li></ul>
Color: Gold
RAM Size: 
Operating System: Android
SIM card support: Yes
With Camera: 
Band Material: Silicone
Compatible Operating Systems : Android & iOS"
Electronics,Smart Watches,2724444670275,2724444670275,Enable,Cacgo K89 Bluetooth Heart Rate Monitor Smart Watch - Black,0,0,Other,1000,317,317,317,317,317,"<b>Product Features : </b><ul><li>Brand: Cacgo</li><li>Color: Black</li><li>Operating System: Android</li><li>RAM Size: 128 MB</li><li>Band Material: Stainless Steel</li><li>Compatible Operating System: Android & iOS</li><li>SIM Card Support: Yes</li><li>Model Number: K89</li><li>Case Material: Stainless Steel</li><li>ROM: 64 MB</li><li>Built-in Chip Type: MTK 2501</li><li>Bluetooth Version: Bluetooth 4.0</li><li>Bluetooth Calling: Answering, Call log sync, Dialing, Phone call reminder and Phonebook</li><li>Health Tracker: Pedometer, Sedentary Reminder, Sleep Monitor</li><li>Remote Control: Camera Remote, Music Remote</li><li>Anti-lost: Yes</li><li>Notification: Yes</li><li>Find phone: Yes</li><li>Other Functions: Alarm, Calculator, Calendar, Voice recorder</li><li>Alert Type: Ring, Vibration</li><li>Screen: IPS</li><li>Screen Resolution: 240 x 240</li><li>Screen Size: 1.2 inches</li><li>Battery Capacity: 300 mAh</li><li>Standby Time: About 4-5 Days</li><li>Shape of the Dial: Round</li><li>Other Function: Alarm, Calculator, Calendar, Voice recorder</li><li>Dial Size: 4.3 x 4.3 x 1.3 cm</li><li>Band Size: 24 x 2.2 cm</li><li>Product Weight: 0.78 g</li><li>Operating Mode: Press Button, Touch Screen</li><li>Details: Record your heartbeats on a dynamic or static state so that you can understand your healthy condition at anytime. Arbitrarily change the interface according to your mood. Built-in loudspeaker you can be hands-free to answer the call. </li></ul>","<b>Product Features : </b><ul><li>Brand: Cacgo</li><li>Color: Black</li><li>Operating System: Android</li><li>RAM Size: 128 MB</li><li>Band Material: Stainless Steel</li><li>Compatible Operating System: Android & iOS</li><li>SIM Card Support: Yes</li><li>Model Number: K89</li><li>Case Material: Stainless Steel</li><li>ROM: 64 MB</li><li>Built-in Chip Type: MTK 2501</li><li>Bluetooth Version: Bluetooth 4.0</li><li>Bluetooth Calling: Answering, Call log sync, Dialing, Phone call reminder and Phonebook</li><li>Health Tracker: Pedometer, Sedentary Reminder, Sleep Monitor</li><li>Remote Control: Camera Remote, Music Remote</li><li>Anti-lost: Yes</li><li>Notification: Yes</li><li>Find phone: Yes</li><li>Other Functions: Alarm, Calculator, Calendar, Voice recorder</li><li>Alert Type: Ring, Vibration</li><li>Screen: IPS</li><li>Screen Resolution: 240 x 240</li><li>Screen Size: 1.2 inches</li><li>Battery Capacity: 300 mAh</li><li>Standby Time: About 4-5 Days</li><li>Shape of the Dial: Round</li><li>Other Function: Alarm, Calculator, Calendar, Voice recorder</li><li>Dial Size: 4.3 x 4.3 x 1.3 cm</li><li>Band Size: 24 x 2.2 cm</li><li>Product Weight: 0.78 g</li><li>Operating Mode: Press Button, Touch Screen</li><li>Details: Record your heartbeats on a dynamic or static state so that you can understand your healthy condition at anytime. Arbitrarily change the interface according to your mood. Built-in loudspeaker you can be hands-free to answer the call. </li></ul>
Color: Black
RAM Size: 128
Operating System: Android
SIM card support: Yes
With Camera: No
Band Material: Stainless Steel
Compatible Operating Systems : Android & iOS"
Electronics,Smart Watches,2724444670282,2724444670282,Enable,Rwatch R10 GSM Phone Smart Watch - Black,0,0,RWATCH,1000,199,199,199,199,199,"<b>Product Features: </b><ul><li>Brand: Rwatch</li><li>Color: Black</li><li>RAM Size: 128 MB</li><li>Model Number: R10</li><li>Built-In Chip Type: MTK6261</li><li>Bluetooth Version: Bluetooth 4.0</li><li>Sims Card Slot: Micro Sims Card Slot</li><li>Bluetooth Calling: Dialing, Phonebook</li><li>Health Tracker: Heart Rate Monitor, Pedometer, Sleep Monitor</li><li>Remote Control: Camera Remote, Music Remote</li><li>Notification: Yes</li><li>Anti-Lost: Yes</li><li>Find Phone: Yes</li><li>Other Functions: Alarm, Calculator, Calendar, Compass, Stopwatch</li><li>Screen: 2.5D Capacitive Touch Panel</li><li>Screen Resolution: 240 x 240 pixels</li><li>Screen Size: 1.54 Inch</li><li>Battery Capacity: 3.7V / 380 mAh</li><li>Shape Of The Dial: Rectangle</li><li>Case Material: Metal</li><li>Band Material: Silicone</li><li>Compatible OS: Android, IOS</li><li>Compatibility: Android 3.0 / IOS 5.0 And Above System</li><li>Language: Arabic, English, Finnish, French, German, Indonesian, Italian, Persian, Polish, Portuguese, Spanish, Swedish, Thai, Turkish</li><li>Dial Size: 1.50 x 2.05 x 0.47 Inch</li><li>Band Width: 0.87 Inch</li><li>Product Size (L x W x H): 10.24 x 1.5 x 0.47 Inch</li><li>Product Weight: 0.064 Kg</li><li>Package Contents: 1 x Rwatch R10 Smart Watch Phone, 1 x USB Cable, 1 x Chinese And English Manual</li><li>Bluetooth Dialing: Make a phone call via Bluetooth</li><li>SIM Card Calling: Insert your SIM card, then you can call your friends</li><li>Compass: Show you the direction, convenient for your outdoor sports, never worry about disorientation</li><li>Heart Rate Monitoring: Monitor your heart rate, help you do reasonable exercise</li><li>Pedometer: Monitor the daily movement, always check the movement distance, speed and the number of steps, energy consumption etc.</li><li>Sleeping Tracking: Track your sleep during the night and help you know the sleep quality and form good habit</li><li>Find Phone: Help you look for your smart watch, when RWATCH R10 and phone in the effective Bluetooth distance</li><li>Remote Camera: Control your smart phone to take photos and you can enjoy the pleasure of taking photos on your wrist</li><li>Bluetooth Music: Play music via Bluetooth, enjoy the wonderful music, just a swipe of your finger</li><li>Phone Book: Display contacts in the RWATCH R10 as many as 1000 pieces</li></ul>","<b>Product Features: </b><ul><li>Brand: Rwatch</li><li>Color: Black</li><li>RAM Size: 128 MB</li><li>Model Number: R10</li><li>Built-In Chip Type: MTK6261</li><li>Bluetooth Version: Bluetooth 4.0</li><li>Sims Card Slot: Micro Sims Card Slot</li><li>Bluetooth Calling: Dialing, Phonebook</li><li>Health Tracker: Heart Rate Monitor, Pedometer, Sleep Monitor</li><li>Remote Control: Camera Remote, Music Remote</li><li>Notification: Yes</li><li>Anti-Lost: Yes</li><li>Find Phone: Yes</li><li>Other Functions: Alarm, Calculator, Calendar, Compass, Stopwatch</li><li>Screen: 2.5D Capacitive Touch Panel</li><li>Screen Resolution: 240 x 240 pixels</li><li>Screen Size: 1.54 Inch</li><li>Battery Capacity: 3.7V / 380 mAh</li><li>Shape Of The Dial: Rectangle</li><li>Case Material: Metal</li><li>Band Material: Silicone</li><li>Compatible OS: Android, IOS</li><li>Compatibility: Android 3.0 / IOS 5.0 And Above System</li><li>Language: Arabic, English, Finnish, French, German, Indonesian, Italian, Persian, Polish, Portuguese, Spanish, Swedish, Thai, Turkish</li><li>Dial Size: 1.50 x 2.05 x 0.47 Inch</li><li>Band Width: 0.87 Inch</li><li>Product Size (L x W x H): 10.24 x 1.5 x 0.47 Inch</li><li>Product Weight: 0.064 Kg</li><li>Package Contents: 1 x Rwatch R10 Smart Watch Phone, 1 x USB Cable, 1 x Chinese And English Manual</li><li>Bluetooth Dialing: Make a phone call via Bluetooth</li><li>SIM Card Calling: Insert your SIM card, then you can call your friends</li><li>Compass: Show you the direction, convenient for your outdoor sports, never worry about disorientation</li><li>Heart Rate Monitoring: Monitor your heart rate, help you do reasonable exercise</li><li>Pedometer: Monitor the daily movement, always check the movement distance, speed and the number of steps, energy consumption etc.</li><li>Sleeping Tracking: Track your sleep during the night and help you know the sleep quality and form good habit</li><li>Find Phone: Help you look for your smart watch, when RWATCH R10 and phone in the effective Bluetooth distance</li><li>Remote Camera: Control your smart phone to take photos and you can enjoy the pleasure of taking photos on your wrist</li><li>Bluetooth Music: Play music via Bluetooth, enjoy the wonderful music, just a swipe of your finger</li><li>Phone Book: Display contacts in the RWATCH R10 as many as 1000 pieces</li></ul>
Color: Black
RAM Size: 128
Operating System: Android
SIM card support: Yes
With Camera: 
Band Material: Stainless Steel
Compatible Operating Systems : Android & iOS"
Electronics,Smart Watches,2724444670305,2724444670305,Enable,Cacgo KS2 Phone Smart Watch - Black,0,0,CACGO,1000,259,259,259,259,259,"<b>Product Features : </b><ul><li>Brand: Cacgo</li><li>Color: Black</li><li>Operating System: Android</li><li>RAM Size: 64 MB</li><li>SIM Card Support: Yes</li><li>Band Material: Silicone</li><li>Compatible Operating System: Android & iOS</li><li>Model Number: KS2</li><li>ROM: 128 MB</li><li>CPU: MTK2502</li><li>External Memory: TF Card up to 32 GB</li><li>Frequency: GSM850/900/1800/1900MHz</li><li>Network Type: GSM</li><li>Bluetooth Version: Bluetooth 4.0</li><li>Bluetooth Calling: Answering, Call log sync, Dialing, Phone call reminder and Phonebook</li><li>Health Tracker: Pedometer, Sedentary Reminder, Sleep Monitor</li><li>Remote Control: Camera Remote, Music Remote</li><li>Anti-lost: Yes</li><li>Notification: Yes</li><li>Find phone: Yes</li><li>Other Functions: Alarm, Calculator, Calendar, Voice recorder</li><li>Alert Type: Ring, Vibration</li><li>Screen: IPS</li><li>Music Format: MP3</li><li>Video format: 3GP, AVI, MP4</li><li>Picture Format: BMP, GIF, JPEG</li><li>Screen Resolution: 240 x 240</li><li>Micro USB Slot: Yes</li><li>Speaker: Supported</li><li>Screen Size: 1.3 inches</li><li>Battery Capacity: 300 mAh</li><li>Standby Time: About 4-5 Days</li><li>Shape of the Dial: Round</li><li>Other Function: Alarm, Calculator, Calendar, Voice recorder</li><li>Product Size: 5.08 x 4.33 x 1.29 cm</li><li>Product Weight: 0.60 g</li><li>Operating Mode: Press button, Touch Screen</li><li>Details: You can dial or answer a phone call from your wrist watch. Effortlessly send and receive messages to have a good interaction with your friends. Enjoy splendid music anywhere and anytime. Develop scientific habits and effectively resist sub-health. When the Bluetooth is disconnected or the phone is out of the Bluetooth distance, the watch will alert. Wear the watch at night to track and improve your sleep pattern. Record the steps you take and count the distance to monitor your sports energy expenditure.</li></ul>","<b>Product Features : </b><ul><li>Brand: Cacgo</li><li>Color: Black</li><li>Operating System: Android</li><li>RAM Size: 64 MB</li><li>SIM Card Support: Yes</li><li>Band Material: Silicone</li><li>Compatible Operating System: Android & iOS</li><li>Model Number: KS2</li><li>ROM: 128 MB</li><li>CPU: MTK2502</li><li>External Memory: TF Card up to 32 GB</li><li>Frequency: GSM850/900/1800/1900MHz</li><li>Network Type: GSM</li><li>Bluetooth Version: Bluetooth 4.0</li><li>Bluetooth Calling: Answering, Call log sync, Dialing, Phone call reminder and Phonebook</li><li>Health Tracker: Pedometer, Sedentary Reminder, Sleep Monitor</li><li>Remote Control: Camera Remote, Music Remote</li><li>Anti-lost: Yes</li><li>Notification: Yes</li><li>Find phone: Yes</li><li>Other Functions: Alarm, Calculator, Calendar, Voice recorder</li><li>Alert Type: Ring, Vibration</li><li>Screen: IPS</li><li>Music Format: MP3</li><li>Video format: 3GP, AVI, MP4</li><li>Picture Format: BMP, GIF, JPEG</li><li>Screen Resolution: 240 x 240</li><li>Micro USB Slot: Yes</li><li>Speaker: Supported</li><li>Screen Size: 1.3 inches</li><li>Battery Capacity: 300 mAh</li><li>Standby Time: About 4-5 Days</li><li>Shape of the Dial: Round</li><li>Other Function: Alarm, Calculator, Calendar, Voice recorder</li><li>Product Size: 5.08 x 4.33 x 1.29 cm</li><li>Product Weight: 0.60 g</li><li>Operating Mode: Press button, Touch Screen</li><li>Details: You can dial or answer a phone call from your wrist watch. Effortlessly send and receive messages to have a good interaction with your friends. Enjoy splendid music anywhere and anytime. Develop scientific habits and effectively resist sub-health. When the Bluetooth is disconnected or the phone is out of the Bluetooth distance, the watch will alert. Wear the watch at night to track and improve your sleep pattern. Record the steps you take and count the distance to monitor your sports energy expenditure.</li></ul>
Color: Black
RAM Size: 64
Operating System: Android
SIM card support: Yes
With Camera: 
Band Material: Silicone
Compatible Operating Systems : Android & iOS"
Electronics,Smart Watches,2724444670312,2724444670312,Enable,Cacgo KS2 Phone Smart Watch - Silver/Black,0,0,CACGO,1000,299,299,299,299,299,"<b>Product Features : </b><ul><li>Brand: Cacgo</li><li>Color: Silver/Black</li><li>Operating System: Android</li><li>RAM Size: 64 MB</li><li>SIM Card Support: Yes</li><li>Band Material: Silicone</li><li>Compatible Operating System: Android & iOS</li><li>Model Number: KS2</li><li>ROM: 128 MB</li><li>CPU: MTK2502</li><li>External Memory: TF Card up to 32 GB</li><li>Frequency: GSM850/900/1800/1900MHz</li><li>Network Type: GSM</li><li>Bluetooth Version: Bluetooth 4.0</li><li>Bluetooth Calling: Answering, Call log sync, Dialing, Phone call reminder and Phonebook</li><li>Health Tracker: Pedometer, Sedentary Reminder, Sleep Monitor</li><li>Remote Control: Camera Remote, Music Remote</li><li>Anti-lost: Yes</li><li>Notification: Yes</li><li>Find phone: Yes</li><li>Other Functions: Alarm, Calculator, Calendar, Voice recorder</li><li>Alert Type: Ring, Vibration</li><li>Screen: IPS</li><li>Music Format: MP3</li><li>Video format: 3GP, AVI, MP4</li><li>Picture Format: BMP, GIF, JPEG</li><li>Screen Resolution: 240 x 240</li><li>Micro USB Slot: Yes</li><li>Speaker: Supported</li><li>Screen Size: 1.3 inches</li><li>Battery Capacity: 300 mAh</li><li>Standby Time: About 4-5 Days</li><li>Shape of the Dial: Round</li><li>Other Function: Alarm, Calculator, Calendar, Voice recorder</li><li>Product Size: 5.08 x 4.33 x 1.29 cm</li><li>Product Weight: 0.60 g</li><li>Operating Mode: Press button, Touch Screen</li><li>Details: You can dial or answer a phone call from your wrist watch. Effortlessly send and receive messages to have a good interaction with your friends. Enjoy splendid music anywhere and anytime. Develop scientific habits and effectively resist sub-health. When the Bluetooth is disconnected or the phone is out of the Bluetooth distance, the watch will alert. Wear the watch at night to track and improve your sleep pattern. Record the steps you take and count the distance to monitor your sports energy expenditure.</li></ul>","<b>Product Features : </b><ul><li>Brand: Cacgo</li><li>Color: Silver/Black</li><li>Operating System: Android</li><li>RAM Size: 64 MB</li><li>SIM Card Support: Yes</li><li>Band Material: Silicone</li><li>Compatible Operating System: Android & iOS</li><li>Model Number: KS2</li><li>ROM: 128 MB</li><li>CPU: MTK2502</li><li>External Memory: TF Card up to 32 GB</li><li>Frequency: GSM850/900/1800/1900MHz</li><li>Network Type: GSM</li><li>Bluetooth Version: Bluetooth 4.0</li><li>Bluetooth Calling: Answering, Call log sync, Dialing, Phone call reminder and Phonebook</li><li>Health Tracker: Pedometer, Sedentary Reminder, Sleep Monitor</li><li>Remote Control: Camera Remote, Music Remote</li><li>Anti-lost: Yes</li><li>Notification: Yes</li><li>Find phone: Yes</li><li>Other Functions: Alarm, Calculator, Calendar, Voice recorder</li><li>Alert Type: Ring, Vibration</li><li>Screen: IPS</li><li>Music Format: MP3</li><li>Video format: 3GP, AVI, MP4</li><li>Picture Format: BMP, GIF, JPEG</li><li>Screen Resolution: 240 x 240</li><li>Micro USB Slot: Yes</li><li>Speaker: Supported</li><li>Screen Size: 1.3 inches</li><li>Battery Capacity: 300 mAh</li><li>Standby Time: About 4-5 Days</li><li>Shape of the Dial: Round</li><li>Other Function: Alarm, Calculator, Calendar, Voice recorder</li><li>Product Size: 5.08 x 4.33 x 1.29 cm</li><li>Product Weight: 0.60 g</li><li>Operating Mode: Press button, Touch Screen</li><li>Details: You can dial or answer a phone call from your wrist watch. Effortlessly send and receive messages to have a good interaction with your friends. Enjoy splendid music anywhere and anytime. Develop scientific habits and effectively resist sub-health. When the Bluetooth is disconnected or the phone is out of the Bluetooth distance, the watch will alert. Wear the watch at night to track and improve your sleep pattern. Record the steps you take and count the distance to monitor your sports energy expenditure.</li></ul>
Color: Black
RAM Size: 64
Operating System: Android
SIM card support: Yes
With Camera: 
Band Material: Silicone
Compatible Operating Systems : Android & iOS"
Electronics,Headphones & Headsets,2724445115935,2724445115935,Enable,Bluedio F800 Bluetooth headphone,0,0,Bluedio,1000,220,220,220,220,220,Specifications :Bluetooth Version 4.1Range : 10 metersMusic and talk time : about 30 hoursStandby time : 1300 hoursCharging Time : 2 hours,"Specifications :Bluetooth Version 4.1Range : 10 metersMusic and talk time : about 30 hoursStandby time : 1300 hoursCharging Time : 2 hours
Color:Black
Model Number: F800
Connectivity:Wired/Wireless
Compatible with: All
Type: Over Ear"
Electronics,Headphones & Headsets,2724445173836,2724445173836,Enable,"Bluedio Active Noise Cancelling Over-ear Wireless , Black , F800 ",0,0,Bluedio,1000,285,285,285,285,285,"Features:<br /><br />ANC technology- F800 adopts the Active Noise Cancelling technology, which continuously measures, compares and reacts to outside noise—then cancels them with the opposite signal, to bring you crystal-clear sound.<br />F800 uses a bass boost system to better coordinate the noise cancelling function. After the ANC is activated,the bass will automatically boost while retaining the original sound of music.<br />F800 is built with high-quality stainless steel, which greatly enhances its durability and makes it strong enough to survive life. Besides, the hollow headband design makes it quite lightweight.<br />F800 utilizes the 57mm ultra big driver to deliver full range sound in new perfection. It allows you to hear clear and rich details as well as a powerful bass.<br />The headband of F800 is covered bysoft synthetic protein leather, and the ear cushions are padded with memory foam rich in protein. All these will provide an amazing comfort for all-day listening.<br /> Color: Black<br /> Model Number: F800","Features:<br /><br />ANC technology- F800 adopts the Active Noise Cancelling technology, which continuously measures, compares and reacts to outside noise—then cancels them with the opposite signal, to bring you crystal-clear sound.<br />F800 uses a bass boost system to better coordinate the noise cancelling function. After the ANC is activated,the bass will automatically boost while retaining the original sound of music.<br />F800 is built with high-quality stainless steel, which greatly enhances its durability and makes it strong enough to survive life. Besides, the hollow headband design makes it quite lightweight.<br />F800 utilizes the 57mm ultra big driver to deliver full range sound in new perfection. It allows you to hear clear and rich details as well as a powerful bass.<br />The headband of F800 is covered bysoft synthetic protein leather, and the ear cushions are padded with memory foam rich in protein. All these will provide an amazing comfort for all-day listening.<br /> Color: Black<br /> Model Number: F800
Color:Black
Model Number: F800
Connectivity:Wireless
Compatible with: Mobile Phones
Type: Over Ear"
Electronics,Headphones & Headsets,2724445173898,2724445173898,Enable,"Bluedio TE Wireless Sports Headphones , Red",0,0,Bluedio,1000,79,79,79,79,79,"Features:<br><br>Double-cavity design- TE adopts in-ear design to build the independent double-cavity configuration. It can effectively reduce the cavity resonance to optimize the bass and make the alt bright and clear, to let you hear balanced sound.<br>TE utilizes latest Bluetooth 4.1 chip, which has a faster and easier connection and lower power consumption, to bring you a long-lasting music experience.<br>Conform to your ears- The ear hooks and tips conform to the shape of your ears so they stay comfortably in place all day long, even through tough workouts.<br>Lightweight, durable case- Sport-inspired case has been designed to match your earphones and protect and store them when not in use. The portable design allows TE to be with you wherever your workout takes you<br> Color: Red<br> Model Number: TE","Features:<br><br>Double-cavity design- TE adopts in-ear design to build the independent double-cavity configuration. It can effectively reduce the cavity resonance to optimize the bass and make the alt bright and clear, to let you hear balanced sound.<br>TE utilizes latest Bluetooth 4.1 chip, which has a faster and easier connection and lower power consumption, to bring you a long-lasting music experience.<br>Conform to your ears- The ear hooks and tips conform to the shape of your ears so they stay comfortably in place all day long, even through tough workouts.<br>Lightweight, durable case- Sport-inspired case has been designed to match your earphones and protect and store them when not in use. The portable design allows TE to be with you wherever your workout takes you<br> Color: Red<br> Model Number: TE
Compatible with #5705Mobile Phones
Type: In Ear"
Electronics,Headphones & Headsets,2724445173935,2724445173935,Enable,"Bluedio TE Wireless Sports Headphones , Blue",0,0,Bluedio,1000,79,79,79,79,79,"Features:<br><br>Double-cavity design- TE adopts in-ear design to build the independent double-cavity configuration. It can effectively reduce the cavity resonance to optimize the bass and make the alt bright and clear, to let you hear balanced sound.<br>TE utilizes latest Bluetooth 4.1 chip, which has a faster and easier connection and lower power consumption, to bring you a long-lasting music experience.<br>Conform to your ears- The ear hooks and tips conform to the shape of your ears so they stay comfortably in place all day long, even through tough workouts.<br>Lightweight, durable case- Sport-inspired case has been designed to match your earphones and protect and store them when not in use. The portable design allows TE to be with you wherever your workout takes you<br> Color: Blue<br> Model Number: TE","Features:<br><br>Double-cavity design- TE adopts in-ear design to build the independent double-cavity configuration. It can effectively reduce the cavity resonance to optimize the bass and make the alt bright and clear, to let you hear balanced sound.<br>TE utilizes latest Bluetooth 4.1 chip, which has a faster and easier connection and lower power consumption, to bring you a long-lasting music experience.<br>Conform to your ears- The ear hooks and tips conform to the shape of your ears so they stay comfortably in place all day long, even through tough workouts.<br>Lightweight, durable case- Sport-inspired case has been designed to match your earphones and protect and store them when not in use. The portable design allows TE to be with you wherever your workout takes you<br> Color: Blue<br> Model Number: TE
Compatible with #5705Mobile Phones
Type: In Ear"
Electronics,Headphones & Headsets,2724445174208,2724445174208,Enable,"Bluedio TE Wireless Stereo Sport Earbuds , Black",0,0,Bluedio,1000,79,79,79,79,79,"Features:<div><br>Double-cavity design- TE adopts in-ear design to build the independent double-cavity configuration. It can effectively reduce the cavity resonance to optimize the bass and make the alt bright and clear, to let you hear balanced sound.<br>TE utilizes latest Bluetooth 4.1 chip, which has a faster and easier connection and lower power consumption, to bring you a long-lasting music experience.<br>Conform to your ears- The ear hooks and tips conform to the shape of your ears so they stay comfortably in place all day long, even through tough workouts.<br>Lightweight, durable case- Sport-inspired case has been designed to match your earphones and protect and store them when not in use. The portable design allows TE to be with you wherever your workout takes you<br> Color: Black<br> Model Number: TE</div>","Features:<div><br>Double-cavity design- TE adopts in-ear design to build the independent double-cavity configuration. It can effectively reduce the cavity resonance to optimize the bass and make the alt bright and clear, to let you hear balanced sound.<br>TE utilizes latest Bluetooth 4.1 chip, which has a faster and easier connection and lower power consumption, to bring you a long-lasting music experience.<br>Conform to your ears- The ear hooks and tips conform to the shape of your ears so they stay comfortably in place all day long, even through tough workouts.<br>Lightweight, durable case- Sport-inspired case has been designed to match your earphones and protect and store them when not in use. The portable design allows TE to be with you wherever your workout takes you<br> Color: Black<br> Model Number: TE</div>
Compatible with #5705Mobile Phones
Type: In Ear"
Electronics,Headphones & Headsets,2724445174611,2724445174611,Enable,"Bluedio TE Wireless Sports Headphones , Yellow",0,0,Bluedio,1000,79,79,79,79,79,"Features:<br><br>Double-cavity design- TE adopts in-ear design to build the independent double-cavity configuration. It can effectively reduce the cavity resonance to optimize the bass and make the alt bright and clear, to let you hear balanced sound.<br>TE utilizes latest Bluetooth 4.1 chip, which has a faster and easier connection and lower power consumption, to bring you a long-lasting music experience.<br>Conform to your ears- The ear hooks and tips conform to the shape of your ears so they stay comfortably in place all day long, even through tough workouts.<br>Lightweight, durable case- Sport-inspired case has been designed to match your earphones and protect and store them when not in use. The portable design allows TE to be with you wherever your workout takes you<br> Color: Yellow<br> Model Number: TE","Features:<br><br>Double-cavity design- TE adopts in-ear design to build the independent double-cavity configuration. It can effectively reduce the cavity resonance to optimize the bass and make the alt bright and clear, to let you hear balanced sound.<br>TE utilizes latest Bluetooth 4.1 chip, which has a faster and easier connection and lower power consumption, to bring you a long-lasting music experience.<br>Conform to your ears- The ear hooks and tips conform to the shape of your ears so they stay comfortably in place all day long, even through tough workouts.<br>Lightweight, durable case- Sport-inspired case has been designed to match your earphones and protect and store them when not in use. The portable design allows TE to be with you wherever your workout takes you<br> Color: Yellow<br> Model Number: TE
Compatible with #5705Mobile Phones
Type: In Ear"
Electronics,Headphones & Headsets,2724445174758,2724445174758,Enable,"Bluedio TE Wireless Sport Headphones , Green",0,0,Bluedio,1000,79,79,79,79,79,"Features:<br /><br />Multiple colors- Five different colors have been designed for your choice, including Black, Green,Yellow,Red andBlue. Pick your favorite color and do sports with a different feeling.<br />Double-cavity design- TE adopts in-ear design to build the independent double-cavity configuration. It can effectively reduce the cavity resonance to optimize the bass and make the alt bright and clear, to let you hear balanced sound.<br />TE utilizes latest Bluetooth 4.1 chip, which has a faster and easier connection and lower power consumption, to bring you a long-lasting music experience.<br />Conform to your ears- The ear hooks and tips conform to the shape of your ears so they stay comfortably in place all day long, even through tough workouts.<br />Lightweight, durable case- Sport-inspired case has been designed to match your earphones and protect and store them when not in use. The portable design allows TE to be with you wherever your workout takes you<br /> Color:Green<br /> Model Number: TE","Features:<br /><br />Multiple colors- Five different colors have been designed for your choice, including Black, Green,Yellow,Red andBlue. Pick your favorite color and do sports with a different feeling.<br />Double-cavity design- TE adopts in-ear design to build the independent double-cavity configuration. It can effectively reduce the cavity resonance to optimize the bass and make the alt bright and clear, to let you hear balanced sound.<br />TE utilizes latest Bluetooth 4.1 chip, which has a faster and easier connection and lower power consumption, to bring you a long-lasting music experience.<br />Conform to your ears- The ear hooks and tips conform to the shape of your ears so they stay comfortably in place all day long, even through tough workouts.<br />Lightweight, durable case- Sport-inspired case has been designed to match your earphones and protect and store them when not in use. The portable design allows TE to be with you wherever your workout takes you<br /> Color:Green<br /> Model Number: TE
Compatible with #5705Mobile Phones
Type: In Ear"
Electronics,Headphones & Headsets,2724445294326,2724445294326,Enable,"Dacom TWS7 True wireless Bluetooth Earbuds earphone for Apple iPhone 7,7 plus Headset Double Twins Earphones For Android",0,0,Dacom,1000,299,299,299,299,299,"PRODUCT DESCRIPTION:.COMPACT AND LIGHT-WEIGHT DESIGN..DOUBLE-EAR MAIN AND SUBSIDIARY EARPIECE DESIGN, INNOVATIVE AND EXCELLENCE..BLUETOOTH 4.2 TECHNOLOGY, BETTER SOUND QUALITY..ADOPT TRUE WIRELESS TECHNOLOGY, ENJOY YOUR WIRELESSLY SPORTS ..INTELLIGENT CHARGING BOX PROVIDES FAST CHARGE, WORRY FREE FOR ENDURANCE..WITH HIGHT CAPACITY LITHIUM BATTERY AND LOW FREQUENCY BALANCED TECHNOLOGY FUNTION..MULTI-FUNCTIONAL BUTTON, ACHIEVED BY ONE CLICK..STRONG COMPATIBILITY, COMPATIBLE WITH DEVICES AS LONG AS THEY ARE BLUETOOTH ENABLES..THREE STEPS TO PAIR, EASY TO USE.SPECIFICATIONS:.TYPE: BLUETOOTH HEADSET.BRAND: DACOM.MODEL: TWS.COLOR: WHITE.BLUETOOTH VERSION: V4.2.DRIVE: 8MM.IMPEDANCE: 16OHMS.POWER LEVEL: CLASS .WORKING VOLTAGE: 3.2V-4.2V.SENSITIVITY: -42DB±2DB.FREQUENCY RANGE: 2.4-2.48GHZ.DISTANCE: &lt;10M.PROFILES: A2DP/AVRCP.COMPATIBILITY: FOR DEVICES WHICH BLUETOOTH ENABLESPACKAGE LIST:2 * HEADSET (MAIN AND SUBSIDIARY)1 * CHARGE BOX1 * USB CABLE2 * EARBUD1 * CARRY BAG1 * USER MANUAL&nbsp;","PRODUCT DESCRIPTION:.COMPACT AND LIGHT-WEIGHT DESIGN..DOUBLE-EAR MAIN AND SUBSIDIARY EARPIECE DESIGN, INNOVATIVE AND EXCELLENCE..BLUETOOTH 4.2 TECHNOLOGY, BETTER SOUND QUALITY..ADOPT TRUE WIRELESS TECHNOLOGY, ENJOY YOUR WIRELESSLY SPORTS ..INTELLIGENT CHARGING BOX PROVIDES FAST CHARGE, WORRY FREE FOR ENDURANCE..WITH HIGHT CAPACITY LITHIUM BATTERY AND LOW FREQUENCY BALANCED TECHNOLOGY FUNTION..MULTI-FUNCTIONAL BUTTON, ACHIEVED BY ONE CLICK..STRONG COMPATIBILITY, COMPATIBLE WITH DEVICES AS LONG AS THEY ARE BLUETOOTH ENABLES..THREE STEPS TO PAIR, EASY TO USE.SPECIFICATIONS:.TYPE: BLUETOOTH HEADSET.BRAND: DACOM.MODEL: TWS.COLOR: WHITE.BLUETOOTH VERSION: V4.2.DRIVE: 8MM.IMPEDANCE: 16OHMS.POWER LEVEL: CLASS .WORKING VOLTAGE: 3.2V-4.2V.SENSITIVITY: -42DB±2DB.FREQUENCY RANGE: 2.4-2.48GHZ.DISTANCE: &lt;10M.PROFILES: A2DP/AVRCP.COMPATIBILITY: FOR DEVICES WHICH BLUETOOTH ENABLESPACKAGE LIST:2 * HEADSET (MAIN AND SUBSIDIARY)1 * CHARGE BOX1 * USB CABLE2 * EARBUD1 * CARRY BAG1 * USER MANUAL&nbsp;
Compatible with #5705All
Type #5935In Ear"
Electronics,Headphones & Headsets,2724445989130,2724445989130,Enable,Wireless Headphone NIA FM Radio Micro SD Player Bluetooth Headset For Samsung Galaxy S3 S4 - Red [BTX-4],0,0,NIA,1000,59,59,59,59,59,"<div><br></div><div>Features:</div><div>Stereo music + call answering</div><div>Wireless enjoy stereo music playing and set aside to answer the call automatically converted.</div><div>Suitable for Cellphone, iPod, iPad, Tablet PC, Notebook and PC.</div><div>Work with All the bluetooth Smartphone. Such As iPhone 4 4S 5 5S 5C 6 Plus 6S Plus S, Samsung Galaxy S3 S4 S5 S6 Edge, Note 2 3, LG, HTC, Motorola, Nokia and Sony, etc.</div><div><br></div><div>Item Specification:</div><div>Charge time:2 hrs</div><div>Bluetooth version: Buletooth 3.0 + EDR, wireless transmitter standard of class II</div><div>Frequency coverage: 2.402-2.480GHz ISM band</div><div>Channel: 79 channels of 1MHz, B/W</div><div>Sensitivity: -80dbm</div><div>Bluetooth range: up to 10m</div><div>Transmit speed: 57-723Kbps</div><div>Stereo compression ratio: 44.1/48kHz</div><div>Contact terms: Point-to-Point</div><div>Charge power : PC USB, 5V</div><div>Charge power: Input 110/220V 50/60 Hz 150mA</div><div><br></div><div>Package Content:</div><div>1 x Sports Bluetooth Headset</div><div>1 x USB Cable</div>","<div><br></div><div>Features:</div><div>Stereo music + call answering</div><div>Wireless enjoy stereo music playing and set aside to answer the call automatically converted.</div><div>Suitable for Cellphone, iPod, iPad, Tablet PC, Notebook and PC.</div><div>Work with All the bluetooth Smartphone. Such As iPhone 4 4S 5 5S 5C 6 Plus 6S Plus S, Samsung Galaxy S3 S4 S5 S6 Edge, Note 2 3, LG, HTC, Motorola, Nokia and Sony, etc.</div><div><br></div><div>Item Specification:</div><div>Charge time:2 hrs</div><div>Bluetooth version: Buletooth 3.0 + EDR, wireless transmitter standard of class II</div><div>Frequency coverage: 2.402-2.480GHz ISM band</div><div>Channel: 79 channels of 1MHz, B/W</div><div>Sensitivity: -80dbm</div><div>Bluetooth range: up to 10m</div><div>Transmit speed: 57-723Kbps</div><div>Stereo compression ratio: 44.1/48kHz</div><div>Contact terms: Point-to-Point</div><div>Charge power : PC USB, 5V</div><div>Charge power: Input 110/220V 50/60 Hz 150mA</div><div><br></div><div>Package Content:</div><div>1 x Sports Bluetooth Headset</div><div>1 x USB Cable</div>
Compatible with: Mobile Phones
Type: On Ear"
Electronics,Headphones & Headsets,2724445995636,2724445995636,Enable,Wireless Headphone NIA FM Radio Micro SD Player Bluetooth Headset For Samsung Galaxy S3 S4 - Black [BTX-4],0,0,NIA,1000,59,59,59,59,59,"<div>Features:</div><div>Stereo music + call answering</div><div>Wireless enjoy stereo music playing and set aside to answer the call automatically converted.</div><div>Suitable for Cellphone, iPod, iPad, Tablet PC, Notebook and PC.</div><div>Work with All the bluetooth Smartphone. Such As iPhone 4 4S 5 5S 5C 6 Plus 6S Plus S, Samsung Galaxy S3 S4 S5 S6 Edge, Note 2 3, LG, HTC, Motorola, Nokia and Sony, etc.</div><div><br></div><div>Item Specification:</div><div>Charge time:2 hrs</div><div>Bluetooth version: Buletooth 3.0 + EDR, wireless transmitter standard of class II</div><div>Frequency coverage: 2.402-2.480GHz ISM band</div><div>Channel: 79 channels of 1MHz, B/W</div><div>Sensitivity: -80dbm</div><div>Bluetooth range: up to 10m</div><div>Transmit speed: 57-723Kbps</div><div>Stereo compression ratio: 44.1/48kHz</div><div>Contact terms: Point-to-Point</div><div>Charge power : PC USB, 5V</div><div>Charge power: Input 110/220V 50/60 Hz 150mA</div><div><br></div><div>Package Content:</div><div>1 x Sports Bluetooth Headset</div><div>1 x USB Cable</div>","<div>Features:</div><div>Stereo music + call answering</div><div>Wireless enjoy stereo music playing and set aside to answer the call automatically converted.</div><div>Suitable for Cellphone, iPod, iPad, Tablet PC, Notebook and PC.</div><div>Work with All the bluetooth Smartphone. Such As iPhone 4 4S 5 5S 5C 6 Plus 6S Plus S, Samsung Galaxy S3 S4 S5 S6 Edge, Note 2 3, LG, HTC, Motorola, Nokia and Sony, etc.</div><div><br></div><div>Item Specification:</div><div>Charge time:2 hrs</div><div>Bluetooth version: Buletooth 3.0 + EDR, wireless transmitter standard of class II</div><div>Frequency coverage: 2.402-2.480GHz ISM band</div><div>Channel: 79 channels of 1MHz, B/W</div><div>Sensitivity: -80dbm</div><div>Bluetooth range: up to 10m</div><div>Transmit speed: 57-723Kbps</div><div>Stereo compression ratio: 44.1/48kHz</div><div>Contact terms: Point-to-Point</div><div>Charge power : PC USB, 5V</div><div>Charge power: Input 110/220V 50/60 Hz 150mA</div><div><br></div><div>Package Content:</div><div>1 x Sports Bluetooth Headset</div><div>1 x USB Cable</div>
Color:Black
Model Number: Q8-851S
Connectivity:Wireless
Compatible with: Mobile Phones
Type: On Ear"
Electronics,Mobile Accessories,2724446947153,2724446947153,Enable,35x50 triangle bracket night vision mobile phone telescope,0,0,Bluedio,1000,150,150,150,150,150,"35x50 triangle bracket night vision mobile phone telescope
Type:Mobile Accessories","35x50 triangle bracket night vision mobile phone telescope
Type:Mobile Accessories"
Electronics,Headphones & Headsets,2724447070331,2724447070331,Enable,"NIA FM Radio Micro SD Player Bluetooth Headset For Samsung Galaxy S3 S4, Black [BTX-5]",0,0,NIA,1000,59,59,59,59,59,"<div>Features:</div><div>Stereo music + call answering</div><div>Wireless enjoy stereo music playing and set aside to answer the call automatically converted.</div><div>Suitable for Cellphone, iPod, iPad, Tablet PC, Notebook and PC.</div><div>Work with All the bluetooth Smartphone. Such As iPhone 4 4S 5 5S 5C 6 Plus 6S Plus S, Samsung Galaxy S3 S4 S5 S6 Edge, Note 2 3, LG, HTC, Motorola, Nokia and Sony, etc.</div><div><br></div><div>Item Specification:</div><div>Charge time:2 hrs</div><div>Bluetooth version: Buletooth 3.0 + EDR, wireless transmitter standard of class II</div><div>Frequency coverage: 2.402-2.480GHz ISM band</div><div>Channel: 79 channels of 1MHz, B/W</div><div>Sensitivity: -80dbm</div><div>Bluetooth range: up to 10m</div><div>Transmit speed: 57-723Kbps</div><div>Stereo compression ratio: 44.1/48kHz</div><div>Contact terms: Point-to-Point</div><div>Charge power : PC USB, 5V</div><div>Charge power: Input 110/220V 50/60 Hz 150mA</div><div><br></div><div>Package Content:</div><div>1 x Sports Bluetooth Headset</div><div>1 x USB Cable</div>","<div>Features:</div><div>Stereo music + call answering</div><div>Wireless enjoy stereo music playing and set aside to answer the call automatically converted.</div><div>Suitable for Cellphone, iPod, iPad, Tablet PC, Notebook and PC.</div><div>Work with All the bluetooth Smartphone. Such As iPhone 4 4S 5 5S 5C 6 Plus 6S Plus S, Samsung Galaxy S3 S4 S5 S6 Edge, Note 2 3, LG, HTC, Motorola, Nokia and Sony, etc.</div><div><br></div><div>Item Specification:</div><div>Charge time:2 hrs</div><div>Bluetooth version: Buletooth 3.0 + EDR, wireless transmitter standard of class II</div><div>Frequency coverage: 2.402-2.480GHz ISM band</div><div>Channel: 79 channels of 1MHz, B/W</div><div>Sensitivity: -80dbm</div><div>Bluetooth range: up to 10m</div><div>Transmit speed: 57-723Kbps</div><div>Stereo compression ratio: 44.1/48kHz</div><div>Contact terms: Point-to-Point</div><div>Charge power : PC USB, 5V</div><div>Charge power: Input 110/220V 50/60 Hz 150mA</div><div><br></div><div>Package Content:</div><div>1 x Sports Bluetooth Headset</div><div>1 x USB Cable</div>
Compatible with #5705Mobile Phones
Type #5935On Ear"
Electronics,Car Audio & Video Accessories,2724447310130,2724447310130,Enable,car perfume with itihad logo,0,0,Bluedio,1000,5,5,5,5,5,"car perfume with itihad logo
Type:Car Accessories","car perfume with itihad logo
Type:Car Accessories"
Electronics,Headphones & Headsets,2724447893923,2724447893923,Enable,Bluedio TE Bluetooth Headset - RED,0,0,Bluedio,1000,150,150,150,150,150,Bluedio TE Bluetooth Headset - RED<ul class='generatedBullets'><li>Brand : Bluedio</li><li>Color : Red</li><li>Model Number : TE</li><li>Connectivity : Wireless</li><li>Compatible with : All</li><li>Type : In Ear</li><li>Microphone included : 1</li><li>Noise Cancelling : 1</li></ul>,"Bluedio TE Bluetooth Headset - RED<ul class='generatedBullets'><li>Brand : Bluedio</li><li>Color : Red</li><li>Model Number : TE</li><li>Connectivity : Wireless</li><li>Compatible with : All</li><li>Type : In Ear</li><li>Microphone included : 1</li><li>Noise Cancelling : 1</li></ul>
Compatible with #5705All
Type: In Ear"
Electronics,Headphones & Headsets,2724448276534,2724448276534,Enable,Wireless Headphone NIA FM Radio Micro SD Player Bluetooth Headset For 5 5S 5C- Black Color [BTX-4],0,0,NIA,1000,65,65,65,65,65,<ul class='generatedBullets'><li>Brand : NIA</li><li>Color : Black</li><li>Model Number : Q8-851S</li><li>Connectivity : Wireless</li><li>Compatible with : Mobile Phones</li><li>Type : Over Ear</li><li>Microphone included : Yes</li><li>Noise Cancelling : Yes</li></ul>,"<ul class='generatedBullets'><li>Brand : NIA</li><li>Color : Black</li><li>Model Number : Q8-851S</li><li>Connectivity : Wireless</li><li>Compatible with : Mobile Phones</li><li>Type : Over Ear</li><li>Microphone included : Yes</li><li>Noise Cancelling : Yes</li></ul>
Color:Black
Model Number: Q8-851S
Connectivity:Wireless
Compatible with: Mobile Phones
Type: Over Ear"
Electronics,Smart Watches,2724449468846,2724449468846,Enable,"Smart Watch Silicone Band For Android & iOS,Orange - HW009",0,0,Other,1000,119,119,119,119,119,<ul class='generatedBullets'><li>   : </li><li>  : HW009</li><li>  : </li><li>  :   128 </li><li>  : </li><li>     :     </li><li> : </li><li>  : </li></ul>,"<ul class='generatedBullets'><li>   : </li><li>  : HW009</li><li>  : </li><li>  :   128 </li><li>  : </li><li>     :     </li><li> : </li><li>  : </li></ul>
Color: Orange
RAM Size: 
Operating System: Other
SIM card support: 
With Camera: 
Band Material: Silicone
Compatible Operating Systems : Android & iOS"
Electronics,Smart Watches,2724449468891,2724449468891,Enable,"Smart Watch Silicone Band For Android & iOS,Blue - HW009",0,0,Other,1000,119,119,119,119,119,<ul class='generatedBullets'><li>   : </li><li>  : HW009</li><li>  : </li><li>  :   128 </li><li>  : </li><li>     :     </li><li> : </li><li>  : </li></ul>,"<ul class='generatedBullets'><li>   : </li><li>  : HW009</li><li>  : </li><li>  :   128 </li><li>  : </li><li>     :     </li><li> : </li><li>  : </li></ul>
Color: Blue
RAM Size: 
Operating System: Other
SIM card support: 
With Camera: 
Band Material: Silicone
Compatible Operating Systems : Android & iOS"
Electronics,Mobile Accessories,2724449619378,2724449619378,Enable,Wireless NIA FM Radio Micro SD Player Bluetooth Headset For Samsung Galaxy S3 S4 S5 S6 - Pink Color,0,0,Bluedio,1000,59,59,59,59,59,"Wireless NIA FM Radio Micro SD Player Bluetooth Headset For Samsung Galaxy S3 S4 S5 S6 - Pink Color
Type:Mobile Accessories","Wireless NIA FM Radio Micro SD Player Bluetooth Headset For Samsung Galaxy S3 S4 S5 S6 - Pink Color
Type:Mobile Accessories"
Electronics,Cables,2724449818948,2724449818948,Enable,X-LIVE Lightning Data Cable 1m for iPhone - Gold,0,0,X-LIVE,1000,35,35,35,35,35,"<ul class=""generatedBullets""><li>Type : Cables</li><li>Compatible with : Mobile Phones</li><li>Brand : X-LIVE</li></ul>","<ul class=""generatedBullets""><li>Type : Cables</li><li>Compatible with : Mobile Phones</li><li>Brand : X-LIVE</li></ul>
Type: Cables
Compatible with: Mobile Phones"
Electronics,Cables,2724449822723,2724449822723,Enable,X-LIVE Lightning Data Cable 1m for iPhone - Pink,0,0,X-LIVE,1000,34,34,34,34,34,"<ul class=""generatedBullets""><li>Type : Cables</li><li>Compatible with : Mobile Phones</li><li>Brand : X-LIVE</li></ul>","<ul class=""generatedBullets""><li>Type : Cables</li><li>Compatible with : Mobile Phones</li><li>Brand : X-LIVE</li></ul>
Type: Cables
Compatible with: Mobile Phones"
Electronics,Cables,2724449822877,2724449822877,Enable,X-LIVE Lightning Data Cable 1m for iPhone - Silver,0,0,X-LIVE,1000,35,35,35,35,35,"<ul class=""generatedBullets""><li>Type : Cables</li><li>Compatible with : Mobile Phones</li><li>Brand : X-LIVE</li></ul>","<ul class=""generatedBullets""><li>Type : Cables</li><li>Compatible with : Mobile Phones</li><li>Brand : X-LIVE</li></ul>
Type: Cables
Compatible with: Mobile Phones"
Electronics,Cables,2724449823027,2724449823027,Enable,X-LIVE Lightning Data Cable 1m for Android - Gold,0,0,X-LIVE,1000,35,35,35,35,35,"<ul class=""generatedBullets""><li>Type : Cables</li><li>Compatible with : Mobile Phones</li><li>Brand : X-LIVE</li></ul>","<ul class=""generatedBullets""><li>Type : Cables</li><li>Compatible with : Mobile Phones</li><li>Brand : X-LIVE</li></ul>
Type: Cables
Compatible with: Mobile Phones"
Electronics,Cables,2724449823058,2724449823058,Enable,X-LIVE Lightning Data Cable 1m for Android - Pink,0,0,X-LIVE,1000,35,35,35,35,35,"<ul class=""generatedBullets""><li>Type : Cables</li><li>Compatible with : Mobile Phones</li><li>Brand : X-LIVE</li></ul>","<ul class=""generatedBullets""><li>Type : Cables</li><li>Compatible with : Mobile Phones</li><li>Brand : X-LIVE</li></ul>
Type: Cables
Compatible with: Mobile Phones"
Electronics,Cables,2724449823348,2724449823348,Enable,X-LIVE Lightning Data Cable 1m for Android - Silver,0,0,X-LIVE,1000,35,35,35,35,35,"<ul class=""generatedBullets""><li>Type : Cables</li><li>Compatible with : Mobile Phones</li><li>Brand : X-LIVE</li></ul>","<ul class=""generatedBullets""><li>Type : Cables</li><li>Compatible with : Mobile Phones</li><li>Brand : X-LIVE</li></ul>
Type: Cables
Compatible with: Mobile Phones"
Electronics,Mobile Accessories,2724454580731,2724454580731,Enable,Wireless FM Radio Micro SD Player Bluetooth Headset For Mobil Phone -Black,0,0,Bluedio,1000,59,59,59,59,59,"Wireless FM Radio Micro SD Player Bluetooth Headset For Mobil Phone -Black
Type:Mobile Accessories","Wireless FM Radio Micro SD Player Bluetooth Headset For Mobil Phone -Black
Type:Mobile Accessories"
Electronics,Mobile Accessories,2724454597661,2724454597661,Enable,Wireless FM Radio Micro SD Player Bluetooth Headset For Mobil Phone-Blue,0,0,Bluedio,1000,65,65,65,65,65,"Wireless FM Radio Micro SD Player Bluetooth Headset For Mobil Phone-Blue
Type:Mobile Accessories","Wireless FM Radio Micro SD Player Bluetooth Headset For Mobil Phone-Blue
Type:Mobile Accessories"
Electronics,Headphones & Headsets,2724455562774,2724455562774,Enable,"Over Ear Stereo Wireless Bluetooth Headphone, Mic SD Slot FM Radio, Black",0,0,NIA,1000,59,59,59,59,59,"<ul class=""generatedBullets""><li>Microphone included : Yes</li><li>Noise Cancelling : Yes</li><li>Brand : NIA</li><li>Connectivity : Wireless</li><li>Model Number : Q8-851S</li><li>Type : Over Ear</li><li>Compatible with : Mobile Phones</li><li><li>Features:</li><li>Stereo music + call answering</li><li>Wireless enjoy stereo music playing and set aside to answer the call automatically converted.</li><li>Suitable for Cellphone, iPod, iPad, Tablet PC, Notebook and PC.</li><li>Work with All the bluetooth Smartphone. Such As iPhone 4 4S 5 5S 5C 6 Plus 6S Plus S, Samsung Galaxy S3 S4 S5 S6 Edge, Note 2 3, LG, HTC, Motorola, Nokia and Sony, etc.</li><li><br></li><li>Item Specification:</li><li>Charge time:2 hrs</li><li>Bluetooth version: Buletooth 3.0 + EDR, wireless transmitter standard of class II</li><li>Frequency coverage: 2.402-2.480GHz ISM band</li><li>Channel: 79 channels of 1MHz, B/W</li><li>Sensitivity: -80dbm</li><li>Bluetooth range: up to 10m</li><li>Transmit speed: 57-723Kbps</li><li>Stereo compression ratio: 44.1/48kHz</li><li>Contact terms: Point-to-Point</li><li>Charge power : PC USB, 5V</li><li>Charge power: Input 110/220V 50/60 Hz 150mA</li><li><br></li><li>Package Content:</li><li>1 x Sports Bluetooth Headset</li><li>1 x USB Cable</li></li></ul>","<ul class=""generatedBullets""><li>Microphone included : Yes</li><li>Noise Cancelling : Yes</li><li>Brand : NIA</li><li>Connectivity : Wireless</li><li>Model Number : Q8-851S</li><li>Type : Over Ear</li><li>Compatible with : Mobile Phones</li><li><li>Features:</li><li>Stereo music + call answering</li><li>Wireless enjoy stereo music playing and set aside to answer the call automatically converted.</li><li>Suitable for Cellphone, iPod, iPad, Tablet PC, Notebook and PC.</li><li>Work with All the bluetooth Smartphone. Such As iPhone 4 4S 5 5S 5C 6 Plus 6S Plus S, Samsung Galaxy S3 S4 S5 S6 Edge, Note 2 3, LG, HTC, Motorola, Nokia and Sony, etc.</li><li><br></li><li>Item Specification:</li><li>Charge time:2 hrs</li><li>Bluetooth version: Buletooth 3.0 + EDR, wireless transmitter standard of class II</li><li>Frequency coverage: 2.402-2.480GHz ISM band</li><li>Channel: 79 channels of 1MHz, B/W</li><li>Sensitivity: -80dbm</li><li>Bluetooth range: up to 10m</li><li>Transmit speed: 57-723Kbps</li><li>Stereo compression ratio: 44.1/48kHz</li><li>Contact terms: Point-to-Point</li><li>Charge power : PC USB, 5V</li><li>Charge power: Input 110/220V 50/60 Hz 150mA</li><li><br></li><li>Package Content:</li><li>1 x Sports Bluetooth Headset</li><li>1 x USB Cable</li></li></ul>
Compatible with: Mobile Phones
Type: Over Ear"
Electronics,Headphones & Headsets,2724457107232,2724457107232,Enable,Bluetooth Gamepad Crystal Button Android Joystick PC Wireless Remote Controller Game Pad for Smartphone for VR TV BOX,0,0,Bluedio,1000,109,109,109,109,109,"Bluetooth Gamepad Crystal Button Android Joystick PC Wireless Remote Controller Game Pad for Smartphone for VR TV BOX
Type:Headset","Bluetooth Gamepad Crystal Button Android Joystick PC Wireless Remote Controller Game Pad for Smartphone for VR TV BOX
Type:Headset"
Electronics,Mobile Accessories,2724457241929,2724457241929,Enable,Wireless Bluetooth Game Controller Compatible with iPhone iPad Android,0,0,Bluedio,1000,129,129,129,129,129,"Wireless Bluetooth Game Controller Compatible with iPhone iPad Android
Type:Mobile Accessories","Wireless Bluetooth Game Controller Compatible with iPhone iPad Android
Type:Mobile Accessories"
Electronics,Mobile Accessories,2724457243480,2724457243480,Enable,Wireless Bluetooth Game Controller Compatible with iPhone iPad Android,0,0,Bluedio,1000,129,129,129,129,129,"Wireless Bluetooth Game Controller Compatible with iPhone iPad Android
Type:Mobile Accessories","Wireless Bluetooth Game Controller Compatible with iPhone iPad Android
Type:Mobile Accessories"
Electronics,Smart Watches,2724459029549,2724459029549,Enable,"CACGO Smart Watch Leather Band For Android & iOS,Black - k89",0,0,CACGO,1000,285,285,285,285,285,"<ul class=""generatedBullets""><li>SIM card support : no</li><li>With Camera : </li><li>Model Number : K89</li><li>Brand : CACGO</li><li>RAM Size : 128</li><li>Operating System : Android</li><li>Compatible Operating Systems  : Android &amp; iOS</li></ul>","<ul class=""generatedBullets""><li>SIM card support : no</li><li>With Camera : </li><li>Model Number : K89</li><li>Brand : CACGO</li><li>RAM Size : 128</li><li>Operating System : Android</li><li>Compatible Operating Systems  : Android &amp; iOS</li></ul>
Color: Black
RAM Size: 128
Operating System: Android
SIM card support: 
With Camera: 
Band Material: Leather
Compatible Operating Systems : Android & iOS"
Electronics,Headphones & Headsets,2724466269235,2724466269235,Enable,"Bluedio Vinyl Over-ear Wireless Bluetooth Headphones , Blue",0,0,Bluedio,1000,340,340,340,340,340,"<p>Bluetooth 4.1- With lower power consumption, the latest Bluetooth 4.1 chip can ensure a long-lasting battery life. Besides, it&rsquo;s easily compatible with Apple devices like iPhone, and iPad as well as Android tablets and smartphones.<br />Rotational structure- Vinyl has been designed to be rotational. The horizontal rotation helps to save more space, which makes it convenient for you to carry. The vertical rotation allows you to listen with just one ear.<br />Exquisite craft- Vinyl is built with an Al-Ti alloy body, which is strong and lightweight. Every radian is carefully considered to build the comfortable streamline. The adjustable band can be accurately set to fit different head forms.<br />3D sound- The built-in 3D sound can effectively strengthen the sound field to make the sound more stereo. Simply turn on it, you will hear sound from all directions as if you are on the scene.<br />Comfortable- The artificial leather earmuffs are padded with memory foam which is rich in protein, so it can stay over your ears comfortably for a long time.</p>","<p>Bluetooth 4.1- With lower power consumption, the latest Bluetooth 4.1 chip can ensure a long-lasting battery life. Besides, it&rsquo;s easily compatible with Apple devices like iPhone, and iPad as well as Android tablets and smartphones.<br />Rotational structure- Vinyl has been designed to be rotational. The horizontal rotation helps to save more space, which makes it convenient for you to carry. The vertical rotation allows you to listen with just one ear.<br />Exquisite craft- Vinyl is built with an Al-Ti alloy body, which is strong and lightweight. Every radian is carefully considered to build the comfortable streamline. The adjustable band can be accurately set to fit different head forms.<br />3D sound- The built-in 3D sound can effectively strengthen the sound field to make the sound more stereo. Simply turn on it, you will hear sound from all directions as if you are on the scene.<br />Comfortable- The artificial leather earmuffs are padded with memory foam which is rich in protein, so it can stay over your ears comfortably for a long time.</p>
Compatible with #5705Mobile Phones
Type: Over Ear"
Electronics,Headphones & Headsets,2724466269242,2724466269242,Enable,"Bluedio T4 Over-ear Wireless Bluetooth Headphones , Red",0,0,Bluedio,1000,320,320,320,320,320,"<p>ANC Technology: T4's Active Noise Cancelling technology cuts off surround noise significantly and lets you enjoy your music in its pure form. The ANC technology works in tandem with the 57mm drivers, so you can enjoy the immersive experience of listening a top notch music sound stage. You can always count on T4 headphones for crisp,vivid highs.<br />Vibrant Bass/Treble and crispy Mids: T4's unique Cavity Design minimizes interference from other frequencies around you, enhances the bass response. The ear cup design includes specially designed vents, which not only adjust airflow and ventilation, but also contribute to a full-bodied, vibrant and bouncy bass.<br />Durability: In accordance with Bluedio's no-compromise on quality approach, the headphone is built with premium materials and high quality Polymers with chrome finish. All hinges, frames and sliders reflect high quality build. T4 is a durable headphone that will last for years.<br />TYPE-C Three in One Interface: Turbine 4th generation uses TYPE-C three in one interface which supports charging and data transmitting. It can be plugged in both sides, so it&rsquo;s very easy to use.</p>","<p>ANC Technology: T4's Active Noise Cancelling technology cuts off surround noise significantly and lets you enjoy your music in its pure form. The ANC technology works in tandem with the 57mm drivers, so you can enjoy the immersive experience of listening a top notch music sound stage. You can always count on T4 headphones for crisp,vivid highs.<br />Vibrant Bass/Treble and crispy Mids: T4's unique Cavity Design minimizes interference from other frequencies around you, enhances the bass response. The ear cup design includes specially designed vents, which not only adjust airflow and ventilation, but also contribute to a full-bodied, vibrant and bouncy bass.<br />Durability: In accordance with Bluedio's no-compromise on quality approach, the headphone is built with premium materials and high quality Polymers with chrome finish. All hinges, frames and sliders reflect high quality build. T4 is a durable headphone that will last for years.<br />TYPE-C Three in One Interface: Turbine 4th generation uses TYPE-C three in one interface which supports charging and data transmitting. It can be plugged in both sides, so it&rsquo;s very easy to use.</p>
Compatible with #5705Mobile Phones
Type: Over Ear"
Electronics,Headphones & Headsets,2724466269259,2724466269259,Enable,"Bluedio Air 2 Over-ear Wireless Bluetooth Headphones , Multi Color",0,0,Bluedio,1000,350,350,350,350,350,"<p>Beautiful Design: Bluedio A2 presents you with a bold color palette with breaktrhough design patterns. Every element of Bluedio's A2 makes a style statement that suits your life style.<br />USB-C interface: A2's charging port is USB Type-C, which means you can charge them rapidly on the run for 10 minutes to get up to 3 hours of music listening experience. USB-C supports plugging in both sides and is future-ready.<br />NICAM sound: Bluedio implemented NICAM optimization on A2 headphones so your music sounds full with a mellow low frequencies,rich highs with appealing vocals.<br />Bluetooth 4.2: A2 adopts the latest Bluetooth version 4.2, and you get to enjoy the long battery life due to low power consumption. When fully charged, these headphones deliver up to 33 hours of usage on a single charge.<br />Premium Build: Bluedio A2 lightweight body comes with durability thanks to the premium polymers used in its construction. You can enjoy your music on A2 indoors or outdoors without worrying about its ruggedness.</p>","<p>Beautiful Design: Bluedio A2 presents you with a bold color palette with breaktrhough design patterns. Every element of Bluedio's A2 makes a style statement that suits your life style.<br />USB-C interface: A2's charging port is USB Type-C, which means you can charge them rapidly on the run for 10 minutes to get up to 3 hours of music listening experience. USB-C supports plugging in both sides and is future-ready.<br />NICAM sound: Bluedio implemented NICAM optimization on A2 headphones so your music sounds full with a mellow low frequencies,rich highs with appealing vocals.<br />Bluetooth 4.2: A2 adopts the latest Bluetooth version 4.2, and you get to enjoy the long battery life due to low power consumption. When fully charged, these headphones deliver up to 33 hours of usage on a single charge.<br />Premium Build: Bluedio A2 lightweight body comes with durability thanks to the premium polymers used in its construction. You can enjoy your music on A2 indoors or outdoors without worrying about its ruggedness.</p>
Color:Multi Color
Model Number: Air 2
Connectivity:Wireless
Compatible with: Mobile Phones
Type: Over Ear"
Electronics,Headphones & Headsets,2724466269266,2724466269266,Enable,"Bluedio T4 Over-ear Wireless Bluetooth Headphones , Black",0,0,Bluedio,1000,320,320,320,320,320,"<p>ANC Technology: T4's Active Noise Cancelling technology cuts off surround noise significantly and lets you enjoy your music in its pure form. The ANC technology works in tandem with the 57mm drivers, so you can enjoy the immersive experience of listening a top notch music sound stage. You can always count on T4 headphones for crisp,vivid highs.<br />Vibrant Bass/Treble and crispy Mids: T4's unique Cavity Design minimizes interference from other frequencies around you, enhances the bass response. The ear cup design includes specially designed vents, which not only adjust airflow and ventilation, but also contribute to a full-bodied, vibrant and bouncy bass.<br />Durability: In accordance with Bluedio's no-compromise on quality approach, the headphone is built with premium materials and high quality Polymers with chrome finish. All hinges, frames and sliders reflect high quality build. T4 is a durable headphone that will last for years.<br />TYPE-C Three in One Interface: Turbine 4th generation uses TYPE-C three in one interface which supports charging and data transmitting. It can be plugged in both sides, so it&rsquo;s very easy to use.</p>","<p>ANC Technology: T4's Active Noise Cancelling technology cuts off surround noise significantly and lets you enjoy your music in its pure form. The ANC technology works in tandem with the 57mm drivers, so you can enjoy the immersive experience of listening a top notch music sound stage. You can always count on T4 headphones for crisp,vivid highs.<br />Vibrant Bass/Treble and crispy Mids: T4's unique Cavity Design minimizes interference from other frequencies around you, enhances the bass response. The ear cup design includes specially designed vents, which not only adjust airflow and ventilation, but also contribute to a full-bodied, vibrant and bouncy bass.<br />Durability: In accordance with Bluedio's no-compromise on quality approach, the headphone is built with premium materials and high quality Polymers with chrome finish. All hinges, frames and sliders reflect high quality build. T4 is a durable headphone that will last for years.<br />TYPE-C Three in One Interface: Turbine 4th generation uses TYPE-C three in one interface which supports charging and data transmitting. It can be plugged in both sides, so it&rsquo;s very easy to use.</p>
Compatible with #5705Mobile Phones
Type: Over Ear"
Electronics,Headphones & Headsets,2724466269273,2724466269273,Enable,"Bluedio F2 Over-ear Wireless Bluetooth Headphones , Black",0,0,Bluedio,1000,399,399,399,399,399,"<p>Bluedio Vector Flow Technology: Faith 2 has a unique design wherein a ventilated back chamber in each ear cup of the headphone can propel air out and equalize air pressure on both sides of the headphone ear cans. This results in enhanced bass reproduction and an unparalleled sound fidelity.<br />ANC technology: Faith 2 adopts an advanced Active Noise Cancelling technology algorithm, which continuously measures surrounding white noise, compares and reacts it by canceling it with the opposite frequency signal, to bring you crystal-clear sound with exceptional noise canceling.<br />Oval over-ear design: Faith 2 comes with state of design with premium materials and oval ear cups that nicely sit around your ears. The result is a great looking headphones with exceptional comfort. You can wear the headphones for hours and not worry about any fatigue.<br />New design, new colors: The design of Faith 2 headphones are created to sync with your tastes and makes a hip fashion statement about your style. These are most elegant headphones in the product category, that comes in two colors and has a rotatable design.<br />Bluetooth 4.2: Faith2 is equipped with latest Bluetooth version 4.2, that makes these future proof in technology. You get maximum battery life due to low power consumption, which means you can leave your charger back when you head to long journeys with your Bluedio Faith 2 headphones.</p>","<p>Bluedio Vector Flow Technology: Faith 2 has a unique design wherein a ventilated back chamber in each ear cup of the headphone can propel air out and equalize air pressure on both sides of the headphone ear cans. This results in enhanced bass reproduction and an unparalleled sound fidelity.<br />ANC technology: Faith 2 adopts an advanced Active Noise Cancelling technology algorithm, which continuously measures surrounding white noise, compares and reacts it by canceling it with the opposite frequency signal, to bring you crystal-clear sound with exceptional noise canceling.<br />Oval over-ear design: Faith 2 comes with state of design with premium materials and oval ear cups that nicely sit around your ears. The result is a great looking headphones with exceptional comfort. You can wear the headphones for hours and not worry about any fatigue.<br />New design, new colors: The design of Faith 2 headphones are created to sync with your tastes and makes a hip fashion statement about your style. These are most elegant headphones in the product category, that comes in two colors and has a rotatable design.<br />Bluetooth 4.2: Faith2 is equipped with latest Bluetooth version 4.2, that makes these future proof in technology. You get maximum battery life due to low power consumption, which means you can leave your charger back when you head to long journeys with your Bluedio Faith 2 headphones.</p>
Color:Black
Model Number: F2
Connectivity:Wireless
Compatible with: Mobile Phones
Type: Over Ear"
Electronics,Headphones & Headsets,2724466269297,2724466269297,Enable,"Bluedio F2 Over-ear Wireless Bluetooth Headphones , White",0,0,Bluedio,1000,399,399,399,399,399,"<p>Bluedio Vector Flow Technology: Faith 2 has a unique design wherein a ventilated back chamber in each ear cup of the headphone can propel air out and equalize air pressure on both sides of the headphone ear cans. This results in enhanced bass reproduction and an unparalleled sound fidelity.<br />ANC technology: Faith 2 adopts an advanced Active Noise Cancelling technology algorithm, which continuously measures surrounding white noise, compares and reacts it by canceling it with the opposite frequency signal, to bring you crystal-clear sound with exceptional noise canceling.<br />Oval over-ear design: Faith 2 comes with state of design with premium materials and oval ear cups that nicely sit around your ears. The result is a great looking headphones with exceptional comfort. You can wear the headphones for hours and not worry about any fatigue.<br />New design, new colors: The design of Faith 2 headphones are created to sync with your tastes and makes a hip fashion statement about your style. These are most elegant headphones in the product category, that comes in two colors and has a rotatable design.<br />Bluetooth 4.2: Faith2 is equipped with latest Bluetooth version 4.2, that makes these future proof in technology. You get maximum battery life due to low power consumption, which means you can leave your charger back when you head to long journeys with your Bluedio Faith 2 headphones.</p>","<p>Bluedio Vector Flow Technology: Faith 2 has a unique design wherein a ventilated back chamber in each ear cup of the headphone can propel air out and equalize air pressure on both sides of the headphone ear cans. This results in enhanced bass reproduction and an unparalleled sound fidelity.<br />ANC technology: Faith 2 adopts an advanced Active Noise Cancelling technology algorithm, which continuously measures surrounding white noise, compares and reacts it by canceling it with the opposite frequency signal, to bring you crystal-clear sound with exceptional noise canceling.<br />Oval over-ear design: Faith 2 comes with state of design with premium materials and oval ear cups that nicely sit around your ears. The result is a great looking headphones with exceptional comfort. You can wear the headphones for hours and not worry about any fatigue.<br />New design, new colors: The design of Faith 2 headphones are created to sync with your tastes and makes a hip fashion statement about your style. These are most elegant headphones in the product category, that comes in two colors and has a rotatable design.<br />Bluetooth 4.2: Faith2 is equipped with latest Bluetooth version 4.2, that makes these future proof in technology. You get maximum battery life due to low power consumption, which means you can leave your charger back when you head to long journeys with your Bluedio Faith 2 headphones.</p>
Color:White
Model Number: F2
Connectivity:Wireless
Compatible with: Mobile Phones
Type: Over Ear"
Electronics,Headphones & Headsets,2724466269303,2724466269303,Enable,"Bluedio Vinyl Over-ear Wireless Bluetooth Headphones , Purple",0,0,Bluedio,1000,340,340,340,340,340,"<p>Bluetooth 4.1- With lower power consumption, the latest Bluetooth 4.1 chip can ensure a long-lasting battery life. Besides, it&rsquo;s easily compatible with Apple devices like iPhone, and iPad as well as Android tablets and smartphones.<br />Rotational structure- Vinyl has been designed to be rotational. The horizontal rotation helps to save more space, which makes it convenient for you to carry. The vertical rotation allows you to listen with just one ear.<br />Exquisite craft- Vinyl is built with an Al-Ti alloy body, which is strong and lightweight. Every radian is carefully considered to build the comfortable streamline. The adjustable band can be accurately set to fit different head forms.<br />3D sound- The built-in 3D sound can effectively strengthen the sound field to make the sound more stereo. Simply turn on it, you will hear sound from all directions as if you are on the scene.<br />Comfortable- The artificial leather earmuffs are padded with memory foam which is rich in protein, so it can stay over your ears comfortably for a long time.</p>","<p>Bluetooth 4.1- With lower power consumption, the latest Bluetooth 4.1 chip can ensure a long-lasting battery life. Besides, it&rsquo;s easily compatible with Apple devices like iPhone, and iPad as well as Android tablets and smartphones.<br />Rotational structure- Vinyl has been designed to be rotational. The horizontal rotation helps to save more space, which makes it convenient for you to carry. The vertical rotation allows you to listen with just one ear.<br />Exquisite craft- Vinyl is built with an Al-Ti alloy body, which is strong and lightweight. Every radian is carefully considered to build the comfortable streamline. The adjustable band can be accurately set to fit different head forms.<br />3D sound- The built-in 3D sound can effectively strengthen the sound field to make the sound more stereo. Simply turn on it, you will hear sound from all directions as if you are on the scene.<br />Comfortable- The artificial leather earmuffs are padded with memory foam which is rich in protein, so it can stay over your ears comfortably for a long time.</p>
Compatible with #5705Mobile Phones
Type: Over Ear"
Electronics,Headphones & Headsets,2724466269310,2724466269310,Enable,"Bluedio Air 2 Over-ear Wireless Bluetooth Headphones , Blue",0,0,Bluedio,1000,350,350,350,350,350,"<p>Beautiful Design: Bluedio A2 presents you with a bold color palette with breaktrhough design patterns. Every element of Bluedio's A2 makes a style statement that suits your life style.<br />USB-C interface: A2's charging port is USB Type-C, which means you can charge them rapidly on the run for 10 minutes to get up to 3 hours of music listening experience. USB-C supports plugging in both sides and is future-ready.<br />NICAM sound: Bluedio implemented NICAM optimization on A2 headphones so your music sounds full with a mellow low frequencies,rich highs with appealing vocals.<br />Bluetooth 4.2: A2 adopts the latest Bluetooth version 4.2, and you get to enjoy the long battery life due to low power consumption. When fully charged, these headphones deliver up to 33 hours of usage on a single charge.<br />Premium Build: Bluedio A2 lightweight body comes with durability thanks to the premium polymers used in its construction. You can enjoy your music on A2 indoors or outdoors without worrying about its ruggedness.</p>","<p>Beautiful Design: Bluedio A2 presents you with a bold color palette with breaktrhough design patterns. Every element of Bluedio's A2 makes a style statement that suits your life style.<br />USB-C interface: A2's charging port is USB Type-C, which means you can charge them rapidly on the run for 10 minutes to get up to 3 hours of music listening experience. USB-C supports plugging in both sides and is future-ready.<br />NICAM sound: Bluedio implemented NICAM optimization on A2 headphones so your music sounds full with a mellow low frequencies,rich highs with appealing vocals.<br />Bluetooth 4.2: A2 adopts the latest Bluetooth version 4.2, and you get to enjoy the long battery life due to low power consumption. When fully charged, these headphones deliver up to 33 hours of usage on a single charge.<br />Premium Build: Bluedio A2 lightweight body comes with durability thanks to the premium polymers used in its construction. You can enjoy your music on A2 indoors or outdoors without worrying about its ruggedness.</p>
Color:Blue
Model Number: Air 2
Connectivity:Wireless
Compatible with: Mobile Phones
Type: Over Ear"
Electronics,Headphones & Headsets,2724466269327,2724466269327,Enable,"Bluedio T4 Over-ear Wireless Bluetooth Headphones , White",0,0,Bluedio,1000,320,320,320,320,320,"<p>ANC Technology: T4's Active Noise Cancelling technology cuts off surround noise significantly and lets you enjoy your music in its pure form. The ANC technology works in tandem with the 57mm drivers, so you can enjoy the immersive experience of listening a top notch music sound stage. You can always count on T4 headphones for crisp,vivid highs.<br />Vibrant Bass/Treble and crispy Mids: T4's unique Cavity Design minimizes interference from other frequencies around you, enhances the bass response. The ear cup design includes specially designed vents, which not only adjust airflow and ventilation, but also contribute to a full-bodied, vibrant and bouncy bass.<br />Durability: In accordance with Bluedio's no-compromise on quality approach, the headphone is built with premium materials and high quality Polymers with chrome finish. All hinges, frames and sliders reflect high quality build. T4 is a durable headphone that will last for years.<br />TYPE-C Three in One Interface: Turbine 4th generation uses TYPE-C three in one interface which supports charging and data transmitting. It can be plugged in both sides, so it&rsquo;s very easy to use.</p>","<p>ANC Technology: T4's Active Noise Cancelling technology cuts off surround noise significantly and lets you enjoy your music in its pure form. The ANC technology works in tandem with the 57mm drivers, so you can enjoy the immersive experience of listening a top notch music sound stage. You can always count on T4 headphones for crisp,vivid highs.<br />Vibrant Bass/Treble and crispy Mids: T4's unique Cavity Design minimizes interference from other frequencies around you, enhances the bass response. The ear cup design includes specially designed vents, which not only adjust airflow and ventilation, but also contribute to a full-bodied, vibrant and bouncy bass.<br />Durability: In accordance with Bluedio's no-compromise on quality approach, the headphone is built with premium materials and high quality Polymers with chrome finish. All hinges, frames and sliders reflect high quality build. T4 is a durable headphone that will last for years.<br />TYPE-C Three in One Interface: Turbine 4th generation uses TYPE-C three in one interface which supports charging and data transmitting. It can be plugged in both sides, so it&rsquo;s very easy to use.</p>
Compatible with #5705Mobile Phones
Type: Over Ear"
Electronics,Headphones & Headsets,2724466269334,2724466269334,Enable,"CCK KS-Plus Over-ear Wireless Bluetooth Headphones , Green",0,0,cck,1000,80,80,80,80,80,"<p>Specifications: <br />Model: KS Plus <br />Bluetooth version: V4.1 <br />Frequency range: 20Hz-20KHz <br />Working range: up to 10m <br />Support protocols: A2DP,AVRCP,HSP,HFP <br />Battery Capacity: 60mAh*2<br />Talking time: about 8hrs <br />Music time: about 8hrs <br />Standby time: 120 hrs <br />Charging time: about 2 hrs <br />Input voltage: 5V/100mA <br />Output power: 6mW+6mW <br />Working environment: -10-50</p>
<p>Package include: <br />1 x CCK KS Plus Sports earphones <br />1 x USB charging cable <br />3 x Soft ear cap <br />3 x Earhook <br />1 x Headset storage package <br />1 x User manual <br />1 X Retail Box</p>","<p>Specifications: <br />Model: KS Plus <br />Bluetooth version: V4.1 <br />Frequency range: 20Hz-20KHz <br />Working range: up to 10m <br />Support protocols: A2DP,AVRCP,HSP,HFP <br />Battery Capacity: 60mAh*2<br />Talking time: about 8hrs <br />Music time: about 8hrs <br />Standby time: 120 hrs <br />Charging time: about 2 hrs <br />Input voltage: 5V/100mA <br />Output power: 6mW+6mW <br />Working environment: -10-50</p>
<p>Package include: <br />1 x CCK KS Plus Sports earphones <br />1 x USB charging cable <br />3 x Soft ear cap <br />3 x Earhook <br />1 x Headset storage package <br />1 x User manual <br />1 X Retail Box</p>
Compatible with #5705Mobile Phones
Type #5935In Ear"
Electronics,Headphones & Headsets,2724466269358,2724466269358,Enable,"CCK KS-Plus Over-ear Wireless Bluetooth Headphones , White",0,0,cck,1000,80,80,80,80,80,"<p>Specifications: <br />Model: KS Plus <br />Bluetooth version: V4.1 <br />Frequency range: 20Hz-20KHz <br />Working range: up to 10m <br />Support protocols: A2DP,AVRCP,HSP,HFP <br />Battery Capacity: 60mAh*2<br />Talking time: about 8hrs <br />Music time: about 8hrs <br />Standby time: 120 hrs <br />Charging time: about 2 hrs <br />Input voltage: 5V/100mA <br />Output power: 6mW+6mW <br />Working environment: -10-50</p>
<p>Package include: <br />1 x CCK KS Plus Sports earphones <br />1 x USB charging cable <br />3 x Soft ear cap <br />3 x Earhook <br />1 x Headset storage package <br />1 x User manual <br />1 X Retail Box</p>","<p>Specifications: <br />Model: KS Plus <br />Bluetooth version: V4.1 <br />Frequency range: 20Hz-20KHz <br />Working range: up to 10m <br />Support protocols: A2DP,AVRCP,HSP,HFP <br />Battery Capacity: 60mAh*2<br />Talking time: about 8hrs <br />Music time: about 8hrs <br />Standby time: 120 hrs <br />Charging time: about 2 hrs <br />Input voltage: 5V/100mA <br />Output power: 6mW+6mW <br />Working environment: -10-50</p>
<p>Package include: <br />1 x CCK KS Plus Sports earphones <br />1 x USB charging cable <br />3 x Soft ear cap <br />3 x Earhook <br />1 x Headset storage package <br />1 x User manual <br />1 X Retail Box</p>
Compatible with #5705Mobile Phones
Type #5935In Ear"
Electronics,Headphones & Headsets,2724466269372,2724466269372,Enable,"CCK KS-Plus Over-ear Wireless Bluetooth Headphones , Yellow",0,0,cck,1000,80,80,80,80,80,"<p>Specifications: <br />Model: KS Plus <br />Bluetooth version: V4.1 <br />Frequency range: 20Hz-20KHz <br />Working range: up to 10m <br />Support protocols: A2DP,AVRCP,HSP,HFP <br />Battery Capacity: 60mAh*2<br />Talking time: about 8hrs <br />Music time: about 8hrs <br />Standby time: 120 hrs <br />Charging time: about 2 hrs <br />Input voltage: 5V/100mA <br />Output power: 6mW+6mW <br />Working environment: -10-50</p>
<p>Package include: <br />1 x CCK KS Plus Sports earphones <br />1 x USB charging cable <br />3 x Soft ear cap <br />3 x Earhook <br />1 x Headset storage package <br />1 x User manual <br />1 X Retail Box</p>","<p>Specifications: <br />Model: KS Plus <br />Bluetooth version: V4.1 <br />Frequency range: 20Hz-20KHz <br />Working range: up to 10m <br />Support protocols: A2DP,AVRCP,HSP,HFP <br />Battery Capacity: 60mAh*2<br />Talking time: about 8hrs <br />Music time: about 8hrs <br />Standby time: 120 hrs <br />Charging time: about 2 hrs <br />Input voltage: 5V/100mA <br />Output power: 6mW+6mW <br />Working environment: -10-50</p>
<p>Package include: <br />1 x CCK KS Plus Sports earphones <br />1 x USB charging cable <br />3 x Soft ear cap <br />3 x Earhook <br />1 x Headset storage package <br />1 x User manual <br />1 X Retail Box</p>
Compatible with #5705Mobile Phones
Type #5935In Ear"
Electronics,Speakers,2724466269396,2724466269396,Enable,"Bluedio BS-5 Portable Bluetooth Speaker , 3D , Black",0,0,Bluedio,1000,189,189,189,189,189,"<ul><li>Brand Name: Bluedio</li><li>Support App: No</li><li>Speaker Classification: Full-range Speaker</li><li>Support Apt-x: No</li><li>Support Memory Card: No</li><li>Intelligent Personal Assistant: None</li><li>Remote Control: No</li><li>Material: Plastic</li><li>Speaker Structure: Sealed</li><li>Interface Type: 3.5mm, USB</li><li>Audio Crossover: Full-range</li><li>Speaker Type: Portable</li><li>Number of Loudspeaker Enclosure: 2</li><li>Display Screen: No</li><li>Battery: Yes</li><li>Voice Control: No</li><li>Cabinet Material: plastic</li><li>Waterproof: No</li><li>Power Source: Battery</li><li>Built-in Microphone: yes</li><li>Communication: wireless - wired</li></ul>","<ul><li>Brand Name: Bluedio</li><li>Support App: No</li><li>Speaker Classification: Full-range Speaker</li><li>Support Apt-x: No</li><li>Support Memory Card: No</li><li>Intelligent Personal Assistant: None</li><li>Remote Control: No</li><li>Material: Plastic</li><li>Speaker Structure: Sealed</li><li>Interface Type: 3.5mm, USB</li><li>Audio Crossover: Full-range</li><li>Speaker Type: Portable</li><li>Number of Loudspeaker Enclosure: 2</li><li>Display Screen: No</li><li>Battery: Yes</li><li>Voice Control: No</li><li>Cabinet Material: plastic</li><li>Waterproof: No</li><li>Power Source: Battery</li><li>Built-in Microphone: yes</li><li>Communication: wireless - wired</li></ul>
Color: Black
Port Type: Audio Jack
Speaker Type: Bluetooth Speakers
Connectivity Technology: Wired/Wireless
Compatible with: All"
Electronics,Speakers,2724466269402,2724466269402,Enable,"Bluedio BS-5 Portable Bluetooth Speaker , 3D , Grey",0,0,Bluedio,1000,189,189,189,189,189,"<ul>
<li>Brand Name: Bluedio</li>
<li>Support App: No</li>
<li>Speaker Classification: Full-range Speaker</li>
<li>Support Apt-x: No</li>
<li>Support Memory Card: No</li>
<li>Intelligent Personal Assistant: None</li>
<li>Remote Control: No</li>
<li>Material: Plastic</li>
<li>Speaker Structure: Sealed</li>
<li>Interface Type: 3.5mm, USB</li>
<li>Audio Crossover: Full-range</li>
<li>Speaker Type: Portable</li>
<li>Number of Loudspeaker Enclosure: 2</li>
<li>Display Screen: No</li>
<li>Battery: Yes</li>
<li>Voice Control: No</li>
<li>Cabinet Material: plastic</li>
<li>Waterproof: No</li>
<li>Power Source: Battery</li>
<li>Built-in Microphone: yes</li>
<li>Communication: wireless - wired</li>
</ul>","<ul>
<li>Brand Name: Bluedio</li>
<li>Support App: No</li>
<li>Speaker Classification: Full-range Speaker</li>
<li>Support Apt-x: No</li>
<li>Support Memory Card: No</li>
<li>Intelligent Personal Assistant: None</li>
<li>Remote Control: No</li>
<li>Material: Plastic</li>
<li>Speaker Structure: Sealed</li>
<li>Interface Type: 3.5mm, USB</li>
<li>Audio Crossover: Full-range</li>
<li>Speaker Type: Portable</li>
<li>Number of Loudspeaker Enclosure: 2</li>
<li>Display Screen: No</li>
<li>Battery: Yes</li>
<li>Voice Control: No</li>
<li>Cabinet Material: plastic</li>
<li>Waterproof: No</li>
<li>Power Source: Battery</li>
<li>Built-in Microphone: yes</li>
<li>Communication: wireless - wired</li>
</ul>
Color: Grey
Port Type: Audio Jack
Speaker Type: Bluetooth Speakers
Connectivity Technology: Wired/Wireless
Compatible with: All"
Electronics,Headphones & Headsets,2724466269419,2724466269419,Enable,"CCK KS-Sports Over-ear Wireless Bluetooth Headphones , Green",0,0,cck,1000,75,75,75,75,75,"<p>Specifications: <br />Brand: CCK <br />Model: KS Sports <br />Bluetooth Version: V4.1 <br />Transmission Frequency: 2.4 GHz - 2.48 GHz <br />Bluetooth Operating Range: Up to 33 feet / 10 m (Free space) <br />Bluetooth Protocol: A2DP, AVRCP, HSP, HFP <br />Frequency Response: 20 Hz- 20 KHz <br />Battery Capacity: 60mAh<br />Bluetooth Music/Talk Time: About 5 hours <br />Standby Time: About 120 hours <br />Charging Time: About 2 hours <br />Operating Temperature: -10 to 50 <br />Input Voltage / Current: 5V / &gt;100mA<br />Output Power: 6 mW + 6 mW </p>
<p>Package Contents: <br />1 x CCK KS Sports Earphones <br />1 x USB Charging Cable <br />3 x Soft Ear Cap <br />3 x Earhook <br />1 x Headset Storage Bag <br />1 x User Manual <br />1 X Retail Box</p>","<p>Specifications: <br />Brand: CCK <br />Model: KS Sports <br />Bluetooth Version: V4.1 <br />Transmission Frequency: 2.4 GHz - 2.48 GHz <br />Bluetooth Operating Range: Up to 33 feet / 10 m (Free space) <br />Bluetooth Protocol: A2DP, AVRCP, HSP, HFP <br />Frequency Response: 20 Hz- 20 KHz <br />Battery Capacity: 60mAh<br />Bluetooth Music/Talk Time: About 5 hours <br />Standby Time: About 120 hours <br />Charging Time: About 2 hours <br />Operating Temperature: -10 to 50 <br />Input Voltage / Current: 5V / &gt;100mA<br />Output Power: 6 mW + 6 mW </p>
<p>Package Contents: <br />1 x CCK KS Sports Earphones <br />1 x USB Charging Cable <br />3 x Soft Ear Cap <br />3 x Earhook <br />1 x Headset Storage Bag <br />1 x User Manual <br />1 X Retail Box</p>
Compatible with #5705Mobile Phones
Type #5935In Ear"
Electronics,Headphones & Headsets,2724466269426,2724466269426,Enable,"CCK KS-Sports Over-ear Wireless Bluetooth Headphones , Blue",0,0,cck,1000,75,75,75,75,75,"<p>Specifications: <br />Brand: CCK <br />Model: KS Sports <br />Bluetooth Version: V4.1 <br />Transmission Frequency: 2.4 GHz - 2.48 GHz <br />Bluetooth Operating Range: Up to 33 feet / 10 m (Free space) <br />Bluetooth Protocol: A2DP, AVRCP, HSP, HFP <br />Frequency Response: 20 Hz- 20 KHz <br />Battery Capacity: 60mAh<br />Bluetooth Music/Talk Time: About 5 hours <br />Standby Time: About 120 hours <br />Charging Time: About 2 hours <br />Operating Temperature: -10 to 50 <br />Input Voltage / Current: 5V / &gt;100mA<br />Output Power: 6 mW + 6 mW </p>
<p>Package Contents: <br />1 x CCK KS Sports Earphones <br />1 x USB Charging Cable <br />3 x Soft Ear Cap <br />3 x Earhook <br />1 x Headset Storage Bag <br />1 x User Manual <br />1 X Retail Box</p>","<p>Specifications: <br />Brand: CCK <br />Model: KS Sports <br />Bluetooth Version: V4.1 <br />Transmission Frequency: 2.4 GHz - 2.48 GHz <br />Bluetooth Operating Range: Up to 33 feet / 10 m (Free space) <br />Bluetooth Protocol: A2DP, AVRCP, HSP, HFP <br />Frequency Response: 20 Hz- 20 KHz <br />Battery Capacity: 60mAh<br />Bluetooth Music/Talk Time: About 5 hours <br />Standby Time: About 120 hours <br />Charging Time: About 2 hours <br />Operating Temperature: -10 to 50 <br />Input Voltage / Current: 5V / &gt;100mA<br />Output Power: 6 mW + 6 mW </p>
<p>Package Contents: <br />1 x CCK KS Sports Earphones <br />1 x USB Charging Cable <br />3 x Soft Ear Cap <br />3 x Earhook <br />1 x Headset Storage Bag <br />1 x User Manual <br />1 X Retail Box</p>
Compatible with #5705Mobile Phones
Type #5935In Ear"
Electronics,Headphones & Headsets,2724466269440,2724466269440,Enable,"CCK KS-Sports Over-ear Wireless Bluetooth Headphones , Red",0,0,cck,1000,75,75,75,75,75,"<p>Specifications: <br />Brand: CCK <br />Model: KS Sports <br />Bluetooth Version: V4.1 <br />Transmission Frequency: 2.4 GHz - 2.48 GHz <br />Bluetooth Operating Range: Up to 33 feet / 10 m (Free space) <br />Bluetooth Protocol: A2DP, AVRCP, HSP, HFP <br />Frequency Response: 20 Hz- 20 KHz <br />Battery Capacity: 60mAh<br />Bluetooth Music/Talk Time: About 5 hours <br />Standby Time: About 120 hours <br />Charging Time: About 2 hours <br />Operating Temperature: -10 to 50 <br />Input Voltage / Current: 5V / &gt;100mA<br />Output Power: 6 mW + 6 mW </p>
<p>Package Contents: <br />1 x CCK KS Sports Earphones <br />1 x USB Charging Cable <br />3 x Soft Ear Cap <br />3 x Earhook <br />1 x Headset Storage Bag <br />1 x User Manual <br />1 X Retail Box</p>","<p>Specifications: <br />Brand: CCK <br />Model: KS Sports <br />Bluetooth Version: V4.1 <br />Transmission Frequency: 2.4 GHz - 2.48 GHz <br />Bluetooth Operating Range: Up to 33 feet / 10 m (Free space) <br />Bluetooth Protocol: A2DP, AVRCP, HSP, HFP <br />Frequency Response: 20 Hz- 20 KHz <br />Battery Capacity: 60mAh<br />Bluetooth Music/Talk Time: About 5 hours <br />Standby Time: About 120 hours <br />Charging Time: About 2 hours <br />Operating Temperature: -10 to 50 <br />Input Voltage / Current: 5V / &gt;100mA<br />Output Power: 6 mW + 6 mW </p>
<p>Package Contents: <br />1 x CCK KS Sports Earphones <br />1 x USB Charging Cable <br />3 x Soft Ear Cap <br />3 x Earhook <br />1 x Headset Storage Bag <br />1 x User Manual <br />1 X Retail Box</p>
Compatible with #5705Mobile Phones
Type #5935In Ear"
Electronics,Headphones & Headsets,2724466269464,2724466269464,Enable,"CCK KS-Sports Over-ear Wireless Bluetooth Headphones , Yellow",0,0,cck,1000,75,75,75,75,75,"<p>Specifications: <br />Brand: CCK <br />Model: KS Sports <br />Bluetooth Version: V4.1 <br />Transmission Frequency: 2.4 GHz - 2.48 GHz <br />Bluetooth Operating Range: Up to 33 feet / 10 m (Free space) <br />Bluetooth Protocol: A2DP, AVRCP, HSP, HFP <br />Frequency Response: 20 Hz- 20 KHz <br />Battery Capacity: 60mAh<br />Bluetooth Music/Talk Time: About 5 hours <br />Standby Time: About 120 hours <br />Charging Time: About 2 hours <br />Operating Temperature: -10 to 50 <br />Input Voltage / Current: 5V / &gt;100mA<br />Output Power: 6 mW + 6 mW <br />Color: Green</p>
<p>Package Contents: <br />1 x CCK KS Sports Earphones <br />1 x USB Charging Cable <br />3 x Soft Ear Cap <br />3 x Earhook <br />1 x Headset Storage Bag <br />1 x User Manual <br />1 X Retail Box</p>","<p>Specifications: <br />Brand: CCK <br />Model: KS Sports <br />Bluetooth Version: V4.1 <br />Transmission Frequency: 2.4 GHz - 2.48 GHz <br />Bluetooth Operating Range: Up to 33 feet / 10 m (Free space) <br />Bluetooth Protocol: A2DP, AVRCP, HSP, HFP <br />Frequency Response: 20 Hz- 20 KHz <br />Battery Capacity: 60mAh<br />Bluetooth Music/Talk Time: About 5 hours <br />Standby Time: About 120 hours <br />Charging Time: About 2 hours <br />Operating Temperature: -10 to 50 <br />Input Voltage / Current: 5V / &gt;100mA<br />Output Power: 6 mW + 6 mW <br />Color: Green</p>
<p>Package Contents: <br />1 x CCK KS Sports Earphones <br />1 x USB Charging Cable <br />3 x Soft Ear Cap <br />3 x Earhook <br />1 x Headset Storage Bag <br />1 x User Manual <br />1 X Retail Box</p>
Compatible with #5705Mobile Phones
Type #5935In Ear"
Electronics,Headphones & Headsets,I7,I7,Enable,Bluetooth earbuds (one Ear) compatible with all devices,0,0,Zinat,1000,45,45,45,45,45,<ul class='generatedBullets'><li>Microphone included : 1</li><li>Noise Cancelling : 0</li><li>Brand : null</li><li>Connectivity : Wireless</li><li>Model Number : i7</li><li>Type : In Ear</li><li>Compatible with : All</li><li>Color : White</li></ul>,"<ul class='generatedBullets'><li>Microphone included : 1</li><li>Noise Cancelling : 0</li><li>Brand : null</li><li>Connectivity : Wireless</li><li>Model Number : i7</li><li>Type : In Ear</li><li>Compatible with : All</li><li>Color : White</li></ul>
Compatible with #5705All
Type #5935In Ear"
Electronics,Mobile Accessories,PG-9028,PG9028,Enable,iPega PG-9028 Touch Pad Wireless Bluetooth Game Controller Gamepad for Android & iOS Device - Black/Red,0,0,Bluedio,1000,150,150,150,150,150,"iPega PG-9028 Touch Pad Wireless Bluetooth Game Controller Gamepad for Android & iOS Device - Black/Red
Type:Mobile Accessories","iPega PG-9028 Touch Pad Wireless Bluetooth Game Controller Gamepad for Android & iOS Device - Black/Red
Type:Mobile Accessories"
Electronics,Headphones & Headsets,0028S30R,0028S30R,Enable,Black Mini Stereo Wireless Bluetooth Headset Headphone Earphone for Samsung iPhone,0,0,Other,1000,49,49,49,49,49,"
<br>			
<br>							<div class=""descdiv desc_details""><p><span style=""font-family:tahoma,geneva,sans-serif""><span style=""color:#800000""><span style=""font-size:20px""><strong>Description:</strong></span></span></span></p><ol><li><span style=""font-family:tahoma,geneva,sans-serif""><span style=""font-size:20px"">Modern &amp; Clear Communication Bluetooth Stereo headset with excellent sound quality and an amazingly lightweight design</span></span></li><li><span style=""font-family:tahoma,geneva,sans-serif""><span style=""font-size:20px"">Talks you through pairing process for iPhone and Android smartphones</span></span></li><li><span style=""font-family:tahoma,geneva,sans-serif""><span style=""font-size:20px"">Listen to music podcasts and more</span></span></li><li><span style=""font-family:tahoma,geneva,sans-serif""><span style=""font-size:20px"">Noise reduction, echo cancellation for clear conversation</span></span></li><li><span style=""font-family:tahoma,geneva,sans-serif""><span style=""font-size:20px"">Up to 3-5 hours of talk time, up to 330 hours (13 days) of standby time;</span></span></li><li><span style=""font-family:tahoma,geneva,sans-serif""><span style=""font-size:20px"">Function: Bluetooth headset</span></span></li><li><span style=""font-family:tahoma,geneva,sans-serif""><span style=""font-size:20px"">Directions were included in package</span></span></li><li><span style=""font-family:tahoma,geneva,sans-serif""><span style=""font-size:20px"">Bluetooth headset and receive calls</span></span></li><li><span style=""font-family:tahoma,geneva,sans-serif""><span style=""font-size:20px"">Support for listening to music, playing music</span></span></li><li><span style=""font-family:tahoma,geneva,sans-serif""><span style=""font-size:20px"">Two phone connection technology</span></span></li><li><span style=""font-family:tahoma,geneva,sans-serif""><span style=""font-size:20px"">Long standby</span></span></li></ol><p><br><span style=""font-family:tahoma,geneva,sans-serif""><span style=""font-size:20px""><span style=""color:#800000""><strong>Package Details:</strong></span><br>&nbsp;<br>1 x Bluetooth Headset<br>1 x USB charge cable<br>1 x Ear Hook<br>1 x Headphone cable<br>1 x User Manual</span></span></p></div>","
<br>			
<br>							<div class=""descdiv desc_details""><p><span style=""font-family:tahoma,geneva,sans-serif""><span style=""color:#800000""><span style=""font-size:20px""><strong>Description:</strong></span></span></span></p><ol><li><span style=""font-family:tahoma,geneva,sans-serif""><span style=""font-size:20px"">Modern &amp; Clear Communication Bluetooth Stereo headset with excellent sound quality and an amazingly lightweight design</span></span></li><li><span style=""font-family:tahoma,geneva,sans-serif""><span style=""font-size:20px"">Talks you through pairing process for iPhone and Android smartphones</span></span></li><li><span style=""font-family:tahoma,geneva,sans-serif""><span style=""font-size:20px"">Listen to music podcasts and more</span></span></li><li><span style=""font-family:tahoma,geneva,sans-serif""><span style=""font-size:20px"">Noise reduction, echo cancellation for clear conversation</span></span></li><li><span style=""font-family:tahoma,geneva,sans-serif""><span style=""font-size:20px"">Up to 3-5 hours of talk time, up to 330 hours (13 days) of standby time;</span></span></li><li><span style=""font-family:tahoma,geneva,sans-serif""><span style=""font-size:20px"">Function: Bluetooth headset</span></span></li><li><span style=""font-family:tahoma,geneva,sans-serif""><span style=""font-size:20px"">Directions were included in package</span></span></li><li><span style=""font-family:tahoma,geneva,sans-serif""><span style=""font-size:20px"">Bluetooth headset and receive calls</span></span></li><li><span style=""font-family:tahoma,geneva,sans-serif""><span style=""font-size:20px"">Support for listening to music, playing music</span></span></li><li><span style=""font-family:tahoma,geneva,sans-serif""><span style=""font-size:20px"">Two phone connection technology</span></span></li><li><span style=""font-family:tahoma,geneva,sans-serif""><span style=""font-size:20px"">Long standby</span></span></li></ol><p><br><span style=""font-family:tahoma,geneva,sans-serif""><span style=""font-size:20px""><span style=""color:#800000""><strong>Package Details:</strong></span><br>&nbsp;<br>1 x Bluetooth Headset<br>1 x USB charge cable<br>1 x Ear Hook<br>1 x Headphone cable<br>1 x User Manual</span></span></p></div>
Color:Black
Model Number: 0028S30R
Connectivity:Wireless
Compatible with: Mobile Phones
Type: In Ear"
Electronics,Speakers,1015A,1015A,Enable,"Bluetooth Speakers, Black, 1015A",0,0,Other,1000,49,49,49,49,49,<p>Bluetooth Speakers<br />May be used by all devices with bluetooth connection.<br />Memory card and AUX input<br />Rechargable<br />Model Number: 1015A <br />Color: Black</p>,"<p>Bluetooth Speakers<br />May be used by all devices with bluetooth connection.<br />Memory card and AUX input<br />Rechargable<br />Model Number: 1015A <br />Color: Black</p>
Color: Black
Port Type: Wireless
Speaker Type: Bluetooth Speakers
Connectivity Technology: Wireless
Compatible with: Multi"
Electronics,Power Banks,3200 MAH - GOLD,3200MAHGOLD,Enable,"Power Bank Charge Case For iPhone 6, 3200 mAh - Gold",0,0,Other,1000,84,84,84,84,84,"<p><b>Product Features</b></p>

<ul>
<li>Fit for Apple 4.7"" iPhone 6 </li>
<li>Durable and ergonomic, protective impact resistant case</li>
<li>IC Protection for charging / overcharge / short circuit / discharge </li>
<li>Indicator shows power status of external battery </li>
<li>Ideal for long distance travel or business trip</li>
<li>With kickstand convenient for you to view your mobile phone</li>
</ul>

<p><b>Product Details</b></p>

<ul>
<li>Brand: Other</li>
<li>Color: Gold</li>
<li>Type: Battery Charger Case</li>
<li>Capacity: 3200mAh</li>
<li>Charging time: 5 Hours</li>
<li>Standby time: 300h</li>
<li>Input: DC 5V 500mAh </li>
<li>Output: DC 5V 500mAh</li>
<li>Battery Type: Lithium-polymer battery</li>
</ul>
","<p><b>Product Features</b></p>

<ul>
<li>Fit for Apple 4.7"" iPhone 6 </li>
<li>Durable and ergonomic, protective impact resistant case</li>
<li>IC Protection for charging / overcharge / short circuit / discharge </li>
<li>Indicator shows power status of external battery </li>
<li>Ideal for long distance travel or business trip</li>
<li>With kickstand convenient for you to view your mobile phone</li>
</ul>

<p><b>Product Details</b></p>

<ul>
<li>Brand: Other</li>
<li>Color: Gold</li>
<li>Type: Battery Charger Case</li>
<li>Capacity: 3200mAh</li>
<li>Charging time: 5 Hours</li>
<li>Standby time: 300h</li>
<li>Input: DC 5V 500mAh </li>
<li>Output: DC 5V 500mAh</li>
<li>Battery Type: Lithium-polymer battery</li>
</ul>

Compatible Devices: Smart Phones
Capacity: Less Than 3001mAh"
Electronics,Speakers,A33,A33,Enable,Taimi A33 - speaker -three speakers - with lghit,0,0,Taimi,1000,150,150,150,150,150,"Taimi<div>speaker with three speakers -with light</div><div>rechargeable</div><div style=""""text-align: left;"""">use USB - BLUETOOTH - AUAX - MIC</div>","Taimi<div>speaker with three speakers -with light</div><div>rechargeable</div><div style=""""text-align: left;"""">use USB - BLUETOOTH - AUAX - MIC</div>
Color: -
Port Type: USB
Speaker Type: Bluetooth Speakers
Connectivity Technology: Wired
Compatible with: Multi"
Electronics,Smart Watches,ADJ U8,ADJU8,Enable,ADJ U8 Bluetooth Smart Wrist Watch - Black,0,0,ADJ,1000,49,49,49,49,49,"
<br>
<br>
<br>
<br>
<br>
<br>
<br>
<br><!--[if gte mso 9]><xml>
<br> <w:WordDocument>
<br>  <w:View>Normal</w:View>
<br>  <w:Zoom>0</w:Zoom>
<br>  <w:TrackMoves/>
<br>  <w:TrackFormatting/>
<br>  <w:PunctuationKerning/>
<br>  <w:ValidateAgainstSchemas/>
<br>  <w:SaveIfXMLInvalid>false</w:SaveIfXMLInvalid>
<br>  <w:IgnoreMixedContent>false</w:IgnoreMixedContent>
<br>  <w:AlwaysShowPlaceholderText>false</w:AlwaysShowPlaceholderText>
<br>  <w:DoNotPromoteQF/>
<br>  <w:LidThemeOther>EN-US</w:LidThemeOther>
<br>  <w:LidThemeAsian>JA</w:LidThemeAsian>
<br>  <w:LidThemeComplexScript>X-NONE</w:LidThemeComplexScript>
<br>  <w:Compatibility>
<br>   <w:BreakWrappedTables/>
<br>   <w:SnapToGridInCell/>
<br>   <w:WrapTextWithPunct/>
<br>   <w:UseAsianBreakRules/>
<br>   <w:DontGrowAutofit/>
<br>   <w:SplitPgBreakAndParaMark/>
<br>   <w:EnableOpenTypeKerning/>
<br>   <w:DontFlipMirrorIndents/>
<br>   <w:OverrideTableStyleHps/>
<br>  </w:Compatibility>
<br>  <m:mathPr>
<br>   <m:mathFont m:val=""Cambria Math""/>
<br>   <m:brkBin m:val=""before""/>
<br>   <m:brkBinSub m:val=""&#45;-""/>
<br>   <m:smallFrac m:val=""off""/>
<br>   <m:dispDef/>
<br>   <m:lMargin m:val=""0""/>
<br>   <m:rMargin m:val=""0""/>
<br>   <m:defJc m:val=""centerGroup""/>
<br>   <m:wrapIndent m:val=""1440""/>
<br>   <m:intLim m:val=""subSup""/>
<br>   <m:naryLim m:val=""undOvr""/>
<br>  </m:mathPr></w:WordDocument>
<br></xml><![endif]--><!--[if gte mso 9]><xml>
<br> <w:LatentStyles DefLockedState=""false"" DefUnhideWhenUsed=""true""
<br>  DefSemiHidden=""true"" DefQFormat=""false"" DefPriority=""99""
<br>  LatentStyleCount=""276"">
<br>  <w:LsdException Locked=""false"" Priority=""0"" SemiHidden=""false""
<br>   UnhideWhenUsed=""false"" QFormat=""true"" Name=""Normal""/>
<br>  <w:LsdException Locked=""false"" Priority=""9"" SemiHidden=""false""
<br>   UnhideWhenUsed=""false"" QFormat=""true"" Name=""heading 1""/>
<br>  <w:LsdException Locked=""false"" Priority=""9"" QFormat=""true"" Name=""heading 2""/>
<br>  <w:LsdException Locked=""false"" Priority=""9"" QFormat=""true"" Name=""heading 3""/>
<br>  <w:LsdException Locked=""false"" Priority=""9"" QFormat=""true"" Name=""heading 4""/>
<br>  <w:LsdException Locked=""false"" Priority=""9"" QFormat=""true"" Name=""heading 5""/>
<br>  <w:LsdException Locked=""false"" Priority=""9"" QFormat=""true"" Name=""heading 6""/>
<br>  <w:LsdException Locked=""false"" Priority=""9"" QFormat=""true"" Name=""heading 7""/>
<br>  <w:LsdException Locked=""false"" Priority=""9"" QFormat=""true"" Name=""heading 8""/>
<br>  <w:LsdException Locked=""false"" Priority=""9"" QFormat=""true"" Name=""heading 9""/>
<br>  <w:LsdException Locked=""false"" Priority=""39"" Name=""toc 1""/>
<br>  <w:LsdException Locked=""false"" Priority=""39"" Name=""toc 2""/>
<br>  <w:LsdException Locked=""false"" Priority=""39"" Name=""toc 3""/>
<br>  <w:LsdException Locked=""false"" Priority=""39"" Name=""toc 4""/>
<br>  <w:LsdException Locked=""false"" Priority=""39"" Name=""toc 5""/>
<br>  <w:LsdException Locked=""false"" Priority=""39"" Name=""toc 6""/>
<br>  <w:LsdException Locked=""false"" Priority=""39"" Name=""toc 7""/>
<br>  <w:LsdException Locked=""false"" Priority=""39"" Name=""toc 8""/>
<br>  <w:LsdException Locked=""false"" Priority=""39"" Name=""toc 9""/>
<br>  <w:LsdException Locked=""false"" Priority=""35"" QFormat=""true"" Name=""caption""/>
<br>  <w:LsdException Locked=""false"" Priority=""10"" SemiHidden=""false""
<br>   UnhideWhenUsed=""false"" QFormat=""true"" Name=""Title""/>
<br>  <w:LsdException Locked=""false"" Priority=""1"" Name=""Default Paragraph Font""/>
<br>  <w:LsdException Locked=""false"" Priority=""11"" SemiHidden=""false""
<br>   UnhideWhenUsed=""false"" QFormat=""true"" Name=""Subtitle""/>
<br>  <w:LsdException Locked=""false"" Priority=""22"" SemiHidden=""false""
<br>   UnhideWhenUsed=""false"" QFormat=""true"" Name=""Strong""/>
<br>  <w:LsdException Locked=""false"" Priority=""20"" SemiHidden=""false""
<br>   UnhideWhenUsed=""false"" QFormat=""true"" Name=""Emphasis""/>
<br>  <w:LsdException Locked=""false"" Priority=""59"" SemiHidden=""false""
<br>   UnhideWhenUsed=""false"" Name=""Table Grid""/>
<br>  <w:LsdException Locked=""false"" UnhideWhenUsed=""false"" Name=""Placeholder Text""/>
<br>  <w:LsdException Locked=""false"" Priority=""1"" SemiHidden=""false""
<br>   UnhideWhenUsed=""false"" QFormat=""true"" Name=""No Spacing""/>
<br>  <w:LsdException Locked=""false"" Priority=""60"" SemiHidden=""false""
<br>   UnhideWhenUsed=""false"" Name=""Light Shading""/>
<br>  <w:LsdException Locked=""false"" Priority=""61"" SemiHidden=""false""
<br>   UnhideWhenUsed=""false"" Name=""Light List""/>
<br>  <w:LsdException Locked=""false"" Priority=""62"" SemiHidden=""false""
<br>   UnhideWhenUsed=""false"" Name=""Light Grid""/>
<br>  <w:LsdException Locked=""false"" Priority=""63"" SemiHidden=""false""
<br>   UnhideWhenUsed=""false"" Name=""Medium Shading 1""/>
<br>  <w:LsdException Locked=""false"" Priority=""64"" SemiHidden=""false""
<br>   UnhideWhenUsed=""false"" Name=""Medium Shading 2""/>
<br>  <w:LsdException Locked=""false"" Priority=""65"" SemiHidden=""false""
<br>   UnhideWhenUsed=""false"" Name=""Medium List 1""/>
<br>  <w:LsdException Locked=""false"" Priority=""66"" SemiHidden=""false""
<br>   UnhideWhenUsed=""false"" Name=""Medium List 2""/>
<br>  <w:LsdException Locked=""false"" Priority=""67"" SemiHidden=""false""
<br>   UnhideWhenUsed=""false"" Name=""Medium Grid 1""/>
<br>  <w:LsdException Locked=""false"" Priority=""68"" SemiHidden=""false""
<br>   UnhideWhenUsed=""false"" Name=""Medium Grid 2""/>
<br>  <w:LsdException Locked=""false"" Priority=""69"" SemiHidden=""false""
<br>   UnhideWhenUsed=""false"" Name=""Medium Grid 3""/>
<br>  <w:LsdException Locked=""false"" Priority=""70"" SemiHidden=""false""
<br>   UnhideWhenUsed=""false"" Name=""Dark List""/>
<br>  <w:LsdException Locked=""false"" Priority=""71"" SemiHidden=""false""
<br>   UnhideWhenUsed=""false"" Name=""Colorful Shading""/>
<br>  <w:LsdException Locked=""false"" Priority=""72"" SemiHidden=""false""
<br>   UnhideWhenUsed=""false"" Name=""Colorful List""/>
<br>  <w:LsdException Locked=""false"" Priority=""73"" SemiHidden=""false""
<br>   UnhideWhenUsed=""false"" Name=""Colorful Grid""/>
<br>  <w:LsdException Locked=""false"" Priority=""60"" SemiHidden=""false""
<br>   UnhideWhenUsed=""false"" Name=""Light Shading Accent 1""/>
<br>  <w:LsdException Locked=""false"" Priority=""61"" SemiHidden=""false""
<br>   UnhideWhenUsed=""false"" Name=""Light List Accent 1""/>
<br>  <w:LsdException Locked=""false"" Priority=""62"" SemiHidden=""false""
<br>   UnhideWhenUsed=""false"" Name=""Light Grid Accent 1""/>
<br>  <w:LsdException Locked=""false"" Priority=""63"" SemiHidden=""false""
<br>   UnhideWhenUsed=""false"" Name=""Medium Shading 1 Accent 1""/>
<br>  <w:LsdException Locked=""false"" Priority=""64"" SemiHidden=""false""
<br>   UnhideWhenUsed=""false"" Name=""Medium Shading 2 Accent 1""/>
<br>  <w:LsdException Locked=""false"" Priority=""65"" SemiHidden=""false""
<br>   UnhideWhenUsed=""false"" Name=""Medium List 1 Accent 1""/>
<br>  <w:LsdException Locked=""false"" UnhideWhenUsed=""false"" Name=""Revision""/>
<br>  <w:LsdException Locked=""false"" Priority=""34"" SemiHidden=""false""
<br>   UnhideWhenUsed=""false"" QFormat=""true"" Name=""List Paragraph""/>
<br>  <w:LsdException Locked=""false"" Priority=""29"" SemiHidden=""false""
<br>   UnhideWhenUsed=""false"" QFormat=""true"" Name=""Quote""/>
<br>  <w:LsdException Locked=""false"" Priority=""30"" SemiHidden=""false""
<br>   UnhideWhenUsed=""false"" QFormat=""true"" Name=""Intense Quote""/>
<br>  <w:LsdException Locked=""false"" Priority=""66"" SemiHidden=""false""
<br>   UnhideWhenUsed=""false"" Name=""Medium List 2 Accent 1""/>
<br>  <w:LsdException Locked=""false"" Priority=""67"" SemiHidden=""false""
<br>   UnhideWhenUsed=""false"" Name=""Medium Grid 1 Accent 1""/>
<br>  <w:LsdException Locked=""false"" Priority=""68"" SemiHidden=""false""
<br>   UnhideWhenUsed=""false"" Name=""Medium Grid 2 Accent 1""/>
<br>  <w:LsdException Locked=""false"" Priority=""69"" SemiHidden=""false""
<br>   UnhideWhenUsed=""false"" Name=""Medium Grid 3 Accent 1""/>
<br>  <w:LsdException Locked=""false"" Priority=""70"" SemiHidden=""false""
<br>   UnhideWhenUsed=""false"" Name=""Dark List Accent 1""/>
<br>  <w:LsdException Locked=""false"" Priority=""71"" SemiHidden=""false""
<br>   UnhideWhenUsed=""false"" Name=""Colorful Shading Accent 1""/>
<br>  <w:LsdException Locked=""false"" Priority=""72"" SemiHidden=""false""
<br>   UnhideWhenUsed=""false"" Name=""Colorful List Accent 1""/>
<br>  <w:LsdException Locked=""false"" Priority=""73"" SemiHidden=""false""
<br>   UnhideWhenUsed=""false"" Name=""Colorful Grid Accent 1""/>
<br>  <w:LsdException Locked=""false"" Priority=""60"" SemiHidden=""false""
<br>   UnhideWhenUsed=""false"" Name=""Light Shading Accent 2""/>
<br>  <w:LsdException Locked=""false"" Priority=""61"" SemiHidden=""false""
<br>   UnhideWhenUsed=""false"" Name=""Light List Accent 2""/>
<br>  <w:LsdException Locked=""false"" Priority=""62"" SemiHidden=""false""
<br>   UnhideWhenUsed=""false"" Name=""Light Grid Accent 2""/>
<br>  <w:LsdException Locked=""false"" Priority=""63"" SemiHidden=""false""
<br>   UnhideWhenUsed=""false"" Name=""Medium Shading 1 Accent 2""/>
<br>  <w:LsdException Locked=""false"" Priority=""64"" SemiHidden=""false""
<br>   UnhideWhenUsed=""false"" Name=""Medium Shading 2 Accent 2""/>
<br>  <w:LsdException Locked=""false"" Priority=""65"" SemiHidden=""false""
<br>   UnhideWhenUsed=""false"" Name=""Medium List 1 Accent 2""/>
<br>  <w:LsdException Locked=""false"" Priority=""66"" SemiHidden=""false""
<br>   UnhideWhenUsed=""false"" Name=""Medium List 2 Accent 2""/>
<br>  <w:LsdException Locked=""false"" Priority=""67"" SemiHidden=""false""
<br>   UnhideWhenUsed=""false"" Name=""Medium Grid 1 Accent 2""/>
<br>  <w:LsdException Locked=""false"" Priority=""68"" SemiHidden=""false""
<br>   UnhideWhenUsed=""false"" Name=""Medium Grid 2 Accent 2""/>
<br>  <w:LsdException Locked=""false"" Priority=""69"" SemiHidden=""false""
<br>   UnhideWhenUsed=""false"" Name=""Medium Grid 3 Accent 2""/>
<br>  <w:LsdException Locked=""false"" Priority=""70"" SemiHidden=""false""
<br>   UnhideWhenUsed=""false"" Name=""Dark List Accent 2""/>
<br>  <w:LsdException Locked=""false"" Priority=""71"" SemiHidden=""false""
<br>   UnhideWhenUsed=""false"" Name=""Colorful Shading Accent 2""/>
<br>  <w:LsdException Locked=""false"" Priority=""72"" SemiHidden=""false""
<br>   UnhideWhenUsed=""false"" Name=""Colorful List Accent 2""/>
<br>  <w:LsdException Locked=""false"" Priority=""73"" SemiHidden=""false""
<br>   UnhideWhenUsed=""false"" Name=""Colorful Grid Accent 2""/>
<br>  <w:LsdException Locked=""false"" Priority=""60"" SemiHidden=""false""
<br>   UnhideWhenUsed=""false"" Name=""Light Shading Accent 3""/>
<br>  <w:LsdException Locked=""false"" Priority=""61"" SemiHidden=""false""
<br>   UnhideWhenUsed=""false"" Name=""Light List Accent 3""/>
<br>  <w:LsdException Locked=""false"" Priority=""62"" SemiHidden=""false""
<br>   UnhideWhenUsed=""false"" Name=""Light Grid Accent 3""/>
<br>  <w:LsdException Locked=""false"" Priority=""63"" SemiHidden=""false""
<br>   UnhideWhenUsed=""false"" Name=""Medium Shading 1 Accent 3""/>
<br>  <w:LsdException Locked=""false"" Priority=""64"" SemiHidden=""false""
<br>   UnhideWhenUsed=""false"" Name=""Medium Shading 2 Accent 3""/>
<br>  <w:LsdException Locked=""false"" Priority=""65"" SemiHidden=""false""
<br>   UnhideWhenUsed=""false"" Name=""Medium List 1 Accent 3""/>
<br>  <w:LsdException Locked=""false"" Priority=""66"" SemiHidden=""false""
<br>   UnhideWhenUsed=""false"" Name=""Medium List 2 Accent 3""/>
<br>  <w:LsdException Locked=""false"" Priority=""67"" SemiHidden=""false""
<br>   UnhideWhenUsed=""false"" Name=""Medium Grid 1 Accent 3""/>
<br>  <w:LsdException Locked=""false"" Priority=""68"" SemiHidden=""false""
<br>   UnhideWhenUsed=""false"" Name=""Medium Grid 2 Accent 3""/>
<br>  <w:LsdException Locked=""false"" Priority=""69"" SemiHidden=""false""
<br>   UnhideWhenUsed=""false"" Name=""Medium Grid 3 Accent 3""/>
<br>  <w:LsdException Locked=""false"" Priority=""70"" SemiHidden=""false""
<br>   UnhideWhenUsed=""false"" Name=""Dark List Accent 3""/>
<br>  <w:LsdException Locked=""false"" Priority=""71"" SemiHidden=""false""
<br>   UnhideWhenUsed=""false"" Name=""Colorful Shading Accent 3""/>
<br>  <w:LsdException Locked=""false"" Priority=""72"" SemiHidden=""false""
<br>   UnhideWhenUsed=""false"" Name=""Colorful List Accent 3""/>
<br>  <w:LsdException Locked=""false"" Priority=""73"" SemiHidden=""false""
<br>   UnhideWhenUsed=""false"" Name=""Colorful Grid Accent 3""/>
<br>  <w:LsdException Locked=""false"" Priority=""60"" SemiHidden=""false""
<br>   UnhideWhenUsed=""false"" Name=""Light Shading Accent 4""/>
<br>  <w:LsdException Locked=""false"" Priority=""61"" SemiHidden=""false""
<br>   UnhideWhenUsed=""false"" Name=""Light List Accent 4""/>
<br>  <w:LsdException Locked=""false"" Priority=""62"" SemiHidden=""false""
<br>   UnhideWhenUsed=""false"" Name=""Light Grid Accent 4""/>
<br>  <w:LsdException Locked=""false"" Priority=""63"" SemiHidden=""false""
<br>   UnhideWhenUsed=""false"" Name=""Medium Shading 1 Accent 4""/>
<br>  <w:LsdException Locked=""false"" Priority=""64"" SemiHidden=""false""
<br>   UnhideWhenUsed=""false"" Name=""Medium Shading 2 Accent 4""/>
<br>  <w:LsdException Locked=""false"" Priority=""65"" SemiHidden=""false""
<br>   UnhideWhenUsed=""false"" Name=""Medium List 1 Accent 4""/>
<br>  <w:LsdException Locked=""false"" Priority=""66"" SemiHidden=""false""
<br>   UnhideWhenUsed=""false"" Name=""Medium List 2 Accent 4""/>
<br>  <w:LsdException Locked=""false"" Priority=""67"" SemiHidden=""false""
<br>   UnhideWhenUsed=""false"" Name=""Medium Grid 1 Accent 4""/>
<br>  <w:LsdException Locked=""false"" Priority=""68"" SemiHidden=""false""
<br>   UnhideWhenUsed=""false"" Name=""Medium Grid 2 Accent 4""/>
<br>  <w:LsdException Locked=""false"" Priority=""69"" SemiHidden=""false""
<br>   UnhideWhenUsed=""false"" Name=""Medium Grid 3 Accent 4""/>
<br>  <w:LsdException Locked=""false"" Priority=""70"" SemiHidden=""false""
<br>   UnhideWhenUsed=""false"" Name=""Dark List Accent 4""/>
<br>  <w:LsdException Locked=""false"" Priority=""71"" SemiHidden=""false""
<br>   UnhideWhenUsed=""false"" Name=""Colorful Shading Accent 4""/>
<br>  <w:LsdException Locked=""false"" Priority=""72"" SemiHidden=""false""
<br>   UnhideWhenUsed=""false"" Name=""Colorful List Accent 4""/>
<br>  <w:LsdException Locked=""false"" Priority=""73"" SemiHidden=""false""
<br>   UnhideWhenUsed=""false"" Name=""Colorful Grid Accent 4""/>
<br>  <w:LsdException Locked=""false"" Priority=""60"" SemiHidden=""false""
<br>   UnhideWhenUsed=""false"" Name=""Light Shading Accent 5""/>
<br>  <w:LsdException Locked=""false"" Priority=""61"" SemiHidden=""false""
<br>   UnhideWhenUsed=""false"" Name=""Light List Accent 5""/>
<br>  <w:LsdException Locked=""false"" Priority=""62"" SemiHidden=""false""
<br>   UnhideWhenUsed=""false"" Name=""Light Grid Accent 5""/>
<br>  <w:LsdException Locked=""false"" Priority=""63"" SemiHidden=""false""
<br>   UnhideWhenUsed=""false"" Name=""Medium Shading 1 Accent 5""/>
<br>  <w:LsdException Locked=""false"" Priority=""64"" SemiHidden=""false""
<br>   UnhideWhenUsed=""false"" Name=""Medium Shading 2 Accent 5""/>
<br>  <w:LsdException Locked=""false"" Priority=""65"" SemiHidden=""false""
<br>   UnhideWhenUsed=""false"" Name=""Medium List 1 Accent 5""/>
<br>  <w:LsdException Locked=""false"" Priority=""66"" SemiHidden=""false""
<br>   UnhideWhenUsed=""false"" Name=""Medium List 2 Accent 5""/>
<br>  <w:LsdException Locked=""false"" Priority=""67"" SemiHidden=""false""
<br>   UnhideWhenUsed=""false"" Name=""Medium Grid 1 Accent 5""/>
<br>  <w:LsdException Locked=""false"" Priority=""68"" SemiHidden=""false""
<br>   UnhideWhenUsed=""false"" Name=""Medium Grid 2 Accent 5""/>
<br>  <w:LsdException Locked=""false"" Priority=""69"" SemiHidden=""false""
<br>   UnhideWhenUsed=""false"" Name=""Medium Grid 3 Accent 5""/>
<br>  <w:LsdException Locked=""false"" Priority=""70"" SemiHidden=""false""
<br>   UnhideWhenUsed=""false"" Name=""Dark List Accent 5""/>
<br>  <w:LsdException Locked=""false"" Priority=""71"" SemiHidden=""false""
<br>   UnhideWhenUsed=""false"" Name=""Colorful Shading Accent 5""/>
<br>  <w:LsdException Locked=""false"" Priority=""72"" SemiHidden=""false""
<br>   UnhideWhenUsed=""false"" Name=""Colorful List Accent 5""/>
<br>  <w:LsdException Locked=""false"" Priority=""73"" SemiHidden=""false""
<br>   UnhideWhenUsed=""false"" Name=""Colorful Grid Accent 5""/>
<br>  <w:LsdException Locked=""false"" Priority=""60"" SemiHidden=""false""
<br>   UnhideWhenUsed=""false"" Name=""Light Shading Accent 6""/>
<br>  <w:LsdException Locked=""false"" Priority=""61"" SemiHidden=""false""
<br>   UnhideWhenUsed=""false"" Name=""Light List Accent 6""/>
<br>  <w:LsdException Locked=""false"" Priority=""62"" SemiHidden=""false""
<br>   UnhideWhenUsed=""false"" Name=""Light Grid Accent 6""/>
<br>  <w:LsdException Locked=""false"" Priority=""63"" SemiHidden=""false""
<br>   UnhideWhenUsed=""false"" Name=""Medium Shading 1 Accent 6""/>
<br>  <w:LsdException Locked=""false"" Priority=""64"" SemiHidden=""false""
<br>   UnhideWhenUsed=""false"" Name=""Medium Shading 2 Accent 6""/>
<br>  <w:LsdException Locked=""false"" Priority=""65"" SemiHidden=""false""
<br>   UnhideWhenUsed=""false"" Name=""Medium List 1 Accent 6""/>
<br>  <w:LsdException Locked=""false"" Priority=""66"" SemiHidden=""false""
<br>   UnhideWhenUsed=""false"" Name=""Medium List 2 Accent 6""/>
<br>  <w:LsdException Locked=""false"" Priority=""67"" SemiHidden=""false""
<br>   UnhideWhenUsed=""false"" Name=""Medium Grid 1 Accent 6""/>
<br>  <w:LsdException Locked=""false"" Priority=""68"" SemiHidden=""false""
<br>   UnhideWhenUsed=""false"" Name=""Medium Grid 2 Accent 6""/>
<br>  <w:LsdException Locked=""false"" Priority=""69"" SemiHidden=""false""
<br>   UnhideWhenUsed=""false"" Name=""Medium Grid 3 Accent 6""/>
<br>  <w:LsdException Locked=""false"" Priority=""70"" SemiHidden=""false""
<br>   UnhideWhenUsed=""false"" Name=""Dark List Accent 6""/>
<br>  <w:LsdException Locked=""false"" Priority=""71"" SemiHidden=""false""
<br>   UnhideWhenUsed=""false"" Name=""Colorful Shading Accent 6""/>
<br>  <w:LsdException Locked=""false"" Priority=""72"" SemiHidden=""false""
<br>   UnhideWhenUsed=""false"" Name=""Colorful List Accent 6""/>
<br>  <w:LsdException Locked=""false"" Priority=""73"" SemiHidden=""false""
<br>   UnhideWhenUsed=""false"" Name=""Colorful Grid Accent 6""/>
<br>  <w:LsdException Locked=""false"" Priority=""19"" SemiHidden=""false""
<br>   UnhideWhenUsed=""false"" QFormat=""true"" Name=""Subtle Emphasis""/>
<br>  <w:LsdException Locked=""false"" Priority=""21"" SemiHidden=""false""
<br>   UnhideWhenUsed=""false"" QFormat=""true"" Name=""Intense Emphasis""/>
<br>  <w:LsdException Locked=""false"" Priority=""31"" SemiHidden=""false""
<br>   UnhideWhenUsed=""false"" QFormat=""true"" Name=""Subtle Reference""/>
<br>  <w:LsdException Locked=""false"" Priority=""32"" SemiHidden=""false""
<br>   UnhideWhenUsed=""false"" QFormat=""true"" Name=""Intense Reference""/>
<br>  <w:LsdException Locked=""false"" Priority=""33"" SemiHidden=""false""
<br>   UnhideWhenUsed=""false"" QFormat=""true"" Name=""Book Title""/>
<br>  <w:LsdException Locked=""false"" Priority=""37"" Name=""Bibliography""/>
<br>  <w:LsdException Locked=""false"" Priority=""39"" QFormat=""true"" Name=""TOC Heading""/>
<br> </w:LatentStyles>
<br></xml><![endif]-->
<br>
<br><!--[if gte mso 10]>
<br><style>
<br> /* Style Definitions */
<br>table.MsoNormalTable
<br>	{mso-style-name:""Table Normal"";
<br>	mso-tstyle-rowband-size:0;
<br>	mso-tstyle-colband-size:0;
<br>	mso-style-noshow:yes;
<br>	mso-style-priority:99;
<br>	mso-style-parent:"""";
<br>	mso-padding-alt:0in 5.4pt 0in 5.4pt;
<br>	mso-para-margin-top:0in;
<br>	mso-para-margin-right:0in;
<br>	mso-para-margin-bottom:10.0pt;
<br>	mso-para-margin-left:0in;
<br>	line-height:115%;
<br>	mso-pagination:widow-orphan;
<br>	font-size:11.0pt;
<br>	font-family:Calibri;
<br>	mso-ascii-font-family:Calibri;
<br>	mso-ascii-theme-font:minor-latin;
<br>	mso-hansi-font-family:Calibri;
<br>	mso-hansi-theme-font:minor-latin;}
<br></style>
<br><![endif]-->
<br>
<br>
<br>
<br><!--StartFragment-->
<br>
<br><p class=""MsoNormal""><o:p>&nbsp;</o:p></p>
<br>
<br><p class=""MsoNormal""><o:p>&nbsp;</o:p></p>
<br>
<br><p class=""MsoNormal"" style=""mso-margin-top-alt:auto;mso-margin-bottom-alt:auto;
<br>line-height:normal""><b><span style=""font-size:12.0pt;font-family:&quot;Times New Roman&quot;;
<br>mso-fareast-font-family:&quot;Times New Roman&quot;"">Bluetooth Smart Watch Wrist Watch U8
<br>U Watch For iPhone 4/4S/5/5S Samsung S4/Note 2/Note 3 HTC Android Phone
<br>Smartphones </span></b><span style=""font-size:12.0pt;font-family:&quot;Times New Roman&quot;;
<br>mso-fareast-font-family:&quot;Times New Roman&quot;""><o:p></o:p></span></p>
<br>
<br><p class=""MsoNormal"" style=""mso-margin-top-alt:auto;mso-margin-bottom-alt:auto;
<br>line-height:normal""><span style=""font-size:12.0pt;font-family:&quot;Times New Roman&quot;;
<br>mso-fareast-font-family:&quot;Times New Roman&quot;"">&nbsp;</span></p>
<br>
<br><p class=""MsoNormal"" style=""mso-margin-top-alt:auto;mso-margin-bottom-alt:auto;
<br>line-height:normal""><b><span style=""font-size:12.0pt;font-family:&quot;Times New Roman&quot;;
<br>mso-fareast-font-family:&quot;Times New Roman&quot;"">COLOR: BLACK</span></b><span style=""font-size:12.0pt;font-family:&quot;Times New Roman&quot;;mso-fareast-font-family:
<br>&quot;Times New Roman&quot;""><o:p></o:p></span></p>
<br>
<br><p class=""MsoNormal"" style=""mso-margin-top-alt:auto;mso-margin-bottom-alt:auto;
<br>line-height:normal""><span style=""font-size:12.0pt;font-family:&quot;Times New Roman&quot;;
<br>mso-fareast-font-family:&quot;Times New Roman&quot;"">&nbsp;<o:p></o:p></span></p>
<br>
<br><p class=""MsoNormal"" style=""mso-margin-top-alt:auto;mso-margin-bottom-alt:auto;
<br>line-height:normal""><span style=""font-size:12.0pt;font-family:&quot;Times New Roman&quot;;
<br>mso-fareast-font-family:&quot;Times New Roman&quot;"">Bluetooth Smart U Watch which is
<br>compatible with all Bluetooth V2.0 or above enabled smartphones, tablets and
<br>PCs (support Android 2.3 or above),such as iPhone 4, 4S, 5, 5S, Samsung&nbsp;
<br>S3, S4, Note 2, Note 3, Note 4 etc.<o:p></o:p></span></p>
<br>
<br><p class=""MsoNormal"" style=""mso-margin-top-alt:auto;mso-margin-bottom-alt:auto;
<br>line-height:normal""><span style=""font-size:12.0pt;font-family:&quot;Times New Roman&quot;;
<br>mso-fareast-font-family:&quot;Times New Roman&quot;"">&nbsp;<o:p></o:p></span></p>
<br>
<br><p class=""MsoNormal"" style=""mso-margin-top-alt:auto;mso-margin-bottom-alt:auto;
<br>line-height:normal""><b><span style=""font-size:12.0pt;font-family:&quot;Times New Roman&quot;;
<br>mso-fareast-font-family:&quot;Times New Roman&quot;"">Features:</span></b><span style=""font-size:12.0pt;font-family:&quot;Times New Roman&quot;;mso-fareast-font-family:
<br>&quot;Times New Roman&quot;""><o:p></o:p></span></p>
<br>
<br><ol start=""1"" type=""1"">
<br> <li class=""MsoNormal"" style=""mso-margin-top-alt:auto;mso-margin-bottom-alt:auto;
<br>     line-height:normal;mso-list:l1 level1 lfo1;tab-stops:list .5in""><span style=""font-size:12.0pt;font-family:&quot;Times New Roman&quot;;mso-fareast-font-family:
<br>     &quot;Times New Roman&quot;"">1.48"" Capacitive Touch Screen TFT LCD<o:p></o:p></span></li>
<br> <li class=""MsoNormal"" style=""mso-margin-top-alt:auto;mso-margin-bottom-alt:auto;
<br>     line-height:normal;mso-list:l1 level1 lfo1;tab-stops:list .5in""><span style=""font-size:12.0pt;font-family:&quot;Times New Roman&quot;;mso-fareast-font-family:
<br>     &quot;Times New Roman&quot;"">Time / Date / Week / Battery state display<o:p></o:p></span></li>
<br> <li class=""MsoNormal"" style=""mso-margin-top-alt:auto;mso-margin-bottom-alt:auto;
<br>     line-height:normal;mso-list:l1 level1 lfo1;tab-stops:list .5in""><span style=""font-size:12.0pt;font-family:&quot;Times New Roman&quot;;mso-fareast-font-family:
<br>     &quot;Times New Roman&quot;"">Ringing reminder when you receive a call<o:p></o:p></span></li>
<br> <li class=""MsoNormal"" style=""mso-margin-top-alt:auto;mso-margin-bottom-alt:auto;
<br>     line-height:normal;mso-list:l1 level1 lfo1;tab-stops:list .5in""><span style=""font-size:12.0pt;font-family:&quot;Times New Roman&quot;;mso-fareast-font-family:
<br>     &quot;Times New Roman&quot;"">Ringing reminder once your mobile phone disconnected<o:p></o:p></span></li>
<br> <li class=""MsoNormal"" style=""mso-margin-top-alt:auto;mso-margin-bottom-alt:auto;
<br>     line-height:normal;mso-list:l1 level1 lfo1;tab-stops:list .5in""><span style=""font-size:12.0pt;font-family:&quot;Times New Roman&quot;;mso-fareast-font-family:
<br>     &quot;Times New Roman&quot;"">Display the number or name of incoming calls<o:p></o:p></span></li>
<br> <li class=""MsoNormal"" style=""mso-margin-top-alt:auto;mso-margin-bottom-alt:auto;
<br>     line-height:normal;mso-list:l1 level1 lfo1;tab-stops:list .5in""><span style=""font-size:12.0pt;font-family:&quot;Times New Roman&quot;;mso-fareast-font-family:
<br>     &quot;Times New Roman&quot;"">Answer or Dial calls from your wrist<o:p></o:p></span></li>
<br> <li class=""MsoNormal"" style=""mso-margin-top-alt:auto;mso-margin-bottom-alt:auto;
<br>     line-height:normal;mso-list:l1 level1 lfo1;tab-stops:list .5in""><span style=""font-size:12.0pt;font-family:&quot;Times New Roman&quot;;mso-fareast-font-family:
<br>     &quot;Times New Roman&quot;"">Stopwatch function<o:p></o:p></span></li>
<br> <li class=""MsoNormal"" style=""mso-margin-top-alt:auto;mso-margin-bottom-alt:auto;
<br>     line-height:normal;mso-list:l1 level1 lfo1;tab-stops:list .5in""><span style=""font-size:12.0pt;font-family:&quot;Times New Roman&quot;;mso-fareast-font-family:
<br>     &quot;Times New Roman&quot;"">Support hands-free calls, phone book<o:p></o:p></span></li>
<br> <li class=""MsoNormal"" style=""mso-margin-top-alt:auto;mso-margin-bottom-alt:auto;
<br>     line-height:normal;mso-list:l1 level1 lfo1;tab-stops:list .5in""><span style=""font-size:12.0pt;font-family:&quot;Times New Roman&quot;;mso-fareast-font-family:
<br>     &quot;Times New Roman&quot;"">Play the music in your phone (after Bluetooth paring)<o:p></o:p></span></li>
<br> <li class=""MsoNormal"" style=""mso-margin-top-alt:auto;mso-margin-bottom-alt:auto;
<br>     line-height:normal;mso-list:l1 level1 lfo1;tab-stops:list .5in""><span style=""font-size:12.0pt;font-family:&quot;Times New Roman&quot;;mso-fareast-font-family:
<br>     &quot;Times New Roman&quot;"">Sync SMS/call history (only for android phone)<o:p></o:p></span></li>
<br> <li class=""MsoNormal"" style=""mso-margin-top-alt:auto;mso-margin-bottom-alt:auto;
<br>     line-height:normal;mso-list:l1 level1 lfo1;tab-stops:list .5in""><span style=""font-size:12.0pt;font-family:&quot;Times New Roman&quot;;mso-fareast-font-family:
<br>     &quot;Times New Roman&quot;"">Ring reminder when your Android 2.3 or above smart
<br>     phone receive a message (including&nbsp; Wechat, Facebook, Twitter,
<br>     WhatsApp, Skype, and so on)<o:p></o:p></span></li>
<br> <li class=""MsoNormal"" style=""mso-margin-top-alt:auto;mso-margin-bottom-alt:auto;
<br>     line-height:normal;mso-list:l1 level1 lfo1;tab-stops:list .5in""><span style=""font-size:12.0pt;font-family:&quot;Times New Roman&quot;;mso-fareast-font-family:
<br>     &quot;Times New Roman&quot;"">Anti-lost alarm function: When cellphone left watch
<br>     alarm automatically, after a certain distance to avoid lose the phones<o:p></o:p></span></li>
<br> <li class=""MsoNormal"" style=""mso-margin-top-alt:auto;mso-margin-bottom-alt:auto;
<br>     line-height:normal;mso-list:l1 level1 lfo1;tab-stops:list .5in""><span style=""font-size:12.0pt;font-family:&quot;Times New Roman&quot;;mso-fareast-font-family:
<br>     &quot;Times New Roman&quot;"">Remote taking photo function: You can control your
<br>     cellphone to take photo from your wrist. (Only for android phone)<o:p></o:p></span></li>
<br> <li class=""MsoNormal"" style=""mso-margin-top-alt:auto;mso-margin-bottom-alt:auto;
<br>     line-height:normal;mso-list:l1 level1 lfo1;tab-stops:list .5in""><span style=""font-size:12.0pt;font-family:&quot;Times New Roman&quot;;mso-fareast-font-family:
<br>     &quot;Times New Roman&quot;"">Altitude Meter, Passometer , Photograph, Barometer,
<br>     Vibration<o:p></o:p></span></li>
<br></ol>
<br>
<br><p class=""MsoNormal"" style=""mso-margin-top-alt:auto;mso-margin-bottom-alt:auto;
<br>line-height:normal""><span style=""font-size:12.0pt;font-family:&quot;Times New Roman&quot;;
<br>mso-fareast-font-family:&quot;Times New Roman&quot;"">&nbsp;<o:p></o:p></span></p>
<br>
<br><p class=""MsoNormal"" style=""mso-margin-top-alt:auto;mso-margin-bottom-alt:auto;
<br>line-height:normal""><b><span style=""font-size:12.0pt;font-family:&quot;Times New Roman&quot;;
<br>mso-fareast-font-family:&quot;Times New Roman&quot;"">Specifications:</span></b><span style=""font-size:12.0pt;font-family:&quot;Times New Roman&quot;;mso-fareast-font-family:
<br>&quot;Times New Roman&quot;""><o:p></o:p></span></p>
<br>
<br><ul type=""disc"">
<br> <li class=""MsoNormal"" style=""mso-margin-top-alt:auto;mso-margin-bottom-alt:auto;
<br>     line-height:normal;mso-list:l0 level1 lfo2;tab-stops:list .5in""><span style=""font-size:12.0pt;font-family:&quot;Times New Roman&quot;;mso-fareast-font-family:
<br>     &quot;Times New Roman&quot;"">Material: Steel Silicon<o:p></o:p></span></li>
<br> <li class=""MsoNormal"" style=""mso-margin-top-alt:auto;mso-margin-bottom-alt:auto;
<br>     line-height:normal;mso-list:l0 level1 lfo2;tab-stops:list .5in""><span style=""font-size:12.0pt;font-family:&quot;Times New Roman&quot;;mso-fareast-font-family:
<br>     &quot;Times New Roman&quot;"">Bluetooth Version: Bluetooth V3.0 EDR<o:p></o:p></span></li>
<br> <li class=""MsoNormal"" style=""mso-margin-top-alt:auto;mso-margin-bottom-alt:auto;
<br>     line-height:normal;mso-list:l0 level1 lfo2;tab-stops:list .5in""><span style=""font-size:12.0pt;font-family:&quot;Times New Roman&quot;;mso-fareast-font-family:
<br>     &quot;Times New Roman&quot;"">Bluetooth Protocol: A2DP HFP 1.5 HS P 1.2<o:p></o:p></span></li>
<br> <li class=""MsoNormal"" style=""mso-margin-top-alt:auto;mso-margin-bottom-alt:auto;
<br>     line-height:normal;mso-list:l0 level1 lfo2;tab-stops:list .5in""><span style=""font-size:12.0pt;font-family:&quot;Times New Roman&quot;;mso-fareast-font-family:
<br>     &quot;Times New Roman&quot;"">Range of Frequency: 2.4GHz spectrum<o:p></o:p></span></li>
<br> <li class=""MsoNormal"" style=""mso-margin-top-alt:auto;mso-margin-bottom-alt:auto;
<br>     line-height:normal;mso-list:l0 level1 lfo2;tab-stops:list .5in""><span style=""font-size:12.0pt;font-family:&quot;Times New Roman&quot;;mso-fareast-font-family:
<br>     &quot;Times New Roman&quot;"">Ambient Noise: ?75dB<o:p></o:p></span></li>
<br> <li class=""MsoNormal"" style=""mso-margin-top-alt:auto;mso-margin-bottom-alt:auto;
<br>     line-height:normal;mso-list:l0 level1 lfo2;tab-stops:list .5in""><span style=""font-size:12.0pt;font-family:&quot;Times New Roman&quot;;mso-fareast-font-family:
<br>     &quot;Times New Roman&quot;"">Transmitting Range: ?10m<o:p></o:p></span></li>
<br> <li class=""MsoNormal"" style=""mso-margin-top-alt:auto;mso-margin-bottom-alt:auto;
<br>     line-height:normal;mso-list:l0 level1 lfo2;tab-stops:list .5in""><span style=""font-size:12.0pt;font-family:&quot;Times New Roman&quot;;mso-fareast-font-family:
<br>     &quot;Times New Roman&quot;"">Language Support: English, French, Spanish, Portuguese,
<br>     Korean, Italian, German, Turkish, Russian, Japanese, Chinese<o:p></o:p></span></li>
<br> <li class=""MsoNormal"" style=""mso-margin-top-alt:auto;mso-margin-bottom-alt:auto;
<br>     line-height:normal;mso-list:l0 level1 lfo2;tab-stops:list .5in""><span style=""font-size:12.0pt;font-family:&quot;Times New Roman&quot;;mso-fareast-font-family:
<br>     &quot;Times New Roman&quot;"">Charging Time: about 1 hour<o:p></o:p></span></li>
<br> <li class=""MsoNormal"" style=""mso-margin-top-alt:auto;mso-margin-bottom-alt:auto;
<br>     line-height:normal;mso-list:l0 level1 lfo2;tab-stops:list .5in""><span style=""font-size:12.0pt;font-family:&quot;Times New Roman&quot;;mso-fareast-font-family:
<br>     &quot;Times New Roman&quot;"">Talk Time: about 3 hours<o:p></o:p></span></li>
<br> <li class=""MsoNormal"" style=""mso-margin-top-alt:auto;mso-margin-bottom-alt:auto;
<br>     line-height:normal;mso-list:l0 level1 lfo2;tab-stops:list .5in""><span style=""font-size:12.0pt;font-family:&quot;Times New Roman&quot;;mso-fareast-font-family:
<br>     &quot;Times New Roman&quot;"">Music Play Time: about 6 hours<o:p></o:p></span></li>
<br> <li class=""MsoNormal"" style=""mso-margin-top-alt:auto;mso-margin-bottom-alt:auto;
<br>     line-height:normal;mso-list:l0 level1 lfo2;tab-stops:list .5in""><span style=""font-size:12.0pt;font-family:&quot;Times New Roman&quot;;mso-fareast-font-family:
<br>     &quot;Times New Roman&quot;"">Standby Time: about 160 hours<o:p></o:p></span></li>
<br> <li class=""MsoNormal"" style=""mso-margin-top-alt:auto;mso-margin-bottom-alt:auto;
<br>     line-height:normal;mso-list:l0 level1 lfo2;tab-stops:list .5in""><span style=""font-size:12.0pt;font-family:&quot;Times New Roman&quot;;mso-fareast-font-family:
<br>     &quot;Times New Roman&quot;"">Power Supply: Built-in 230 mAh rechargeable battery<o:p></o:p></span></li>
<br></ul>
<br>
<br><p class=""MsoNormal"" style=""mso-margin-top-alt:auto;mso-margin-bottom-alt:auto;
<br>line-height:normal""><span style=""font-size:12.0pt;font-family:&quot;Times New Roman&quot;;
<br>mso-fareast-font-family:&quot;Times New Roman&quot;"">&nbsp;<o:p></o:p></span></p>
<br>
<br><p class=""MsoNormal"" style=""mso-margin-top-alt:auto;mso-margin-bottom-alt:auto;
<br>line-height:normal""><b><span style=""font-size:12.0pt;font-family:&quot;Times New Roman&quot;;
<br>mso-fareast-font-family:&quot;Times New Roman&quot;"">Package include",
Electronics,Smart Watches,ADJ U8S,ADJU8S,Enable,ADJ U8S bluetooth Smart Watch for Android phone - Red,0,0,ADJ,1000,49,49,49,49,49,"
<br>
<br>
<br>
<br>
<br>
<br>
<br>
<br><!--[if gte mso 9]><xml>
<br> <w:WordDocument>
<br>  <w:View>Normal</w:View>
<br>  <w:Zoom>0</w:Zoom>
<br>  <w:TrackMoves/>
<br>  <w:TrackFormatting/>
<br>  <w:PunctuationKerning/>
<br>  <w:ValidateAgainstSchemas/>
<br>  <w:SaveIfXMLInvalid>false</w:SaveIfXMLInvalid>
<br>  <w:IgnoreMixedContent>false</w:IgnoreMixedContent>
<br>  <w:AlwaysShowPlaceholderText>false</w:AlwaysShowPlaceholderText>
<br>  <w:DoNotPromoteQF/>
<br>  <w:LidThemeOther>EN-US</w:LidThemeOther>
<br>  <w:LidThemeAsian>JA</w:LidThemeAsian>
<br>  <w:LidThemeComplexScript>X-NONE</w:LidThemeComplexScript>
<br>  <w:Compatibility>
<br>   <w:BreakWrappedTables/>
<br>   <w:SnapToGridInCell/>
<br>   <w:WrapTextWithPunct/>
<br>   <w:UseAsianBreakRules/>
<br>   <w:DontGrowAutofit/>
<br>   <w:SplitPgBreakAndParaMark/>
<br>   <w:EnableOpenTypeKerning/>
<br>   <w:DontFlipMirrorIndents/>
<br>   <w:OverrideTableStyleHps/>
<br>  </w:Compatibility>
<br>  <m:mathPr>
<br>   <m:mathFont m:val=""Cambria Math""/>
<br>   <m:brkBin m:val=""before""/>
<br>   <m:brkBinSub m:val=""&#45;-""/>
<br>   <m:smallFrac m:val=""off""/>
<br>   <m:dispDef/>
<br>   <m:lMargin m:val=""0""/>
<br>   <m:rMargin m:val=""0""/>
<br>   <m:defJc m:val=""centerGroup""/>
<br>   <m:wrapIndent m:val=""1440""/>
<br>   <m:intLim m:val=""subSup""/>
<br>   <m:naryLim m:val=""undOvr""/>
<br>  </m:mathPr></w:WordDocument>
<br></xml><![endif]--><!--[if gte mso 9]><xml>
<br> <w:LatentStyles DefLockedState=""false"" DefUnhideWhenUsed=""true""
<br>  DefSemiHidden=""true"" DefQFormat=""false"" DefPriority=""99""
<br>  LatentStyleCount=""276"">
<br>  <w:LsdException Locked=""false"" Priority=""0"" SemiHidden=""false""
<br>   UnhideWhenUsed=""false"" QFormat=""true"" Name=""Normal""/>
<br>  <w:LsdException Locked=""false"" Priority=""9"" SemiHidden=""false""
<br>   UnhideWhenUsed=""false"" QFormat=""true"" Name=""heading 1""/>
<br>  <w:LsdException Locked=""false"" Priority=""9"" QFormat=""true"" Name=""heading 2""/>
<br>  <w:LsdException Locked=""false"" Priority=""9"" QFormat=""true"" Name=""heading 3""/>
<br>  <w:LsdException Locked=""false"" Priority=""9"" QFormat=""true"" Name=""heading 4""/>
<br>  <w:LsdException Locked=""false"" Priority=""9"" QFormat=""true"" Name=""heading 5""/>
<br>  <w:LsdException Locked=""false"" Priority=""9"" QFormat=""true"" Name=""heading 6""/>
<br>  <w:LsdException Locked=""false"" Priority=""9"" QFormat=""true"" Name=""heading 7""/>
<br>  <w:LsdException Locked=""false"" Priority=""9"" QFormat=""true"" Name=""heading 8""/>
<br>  <w:LsdException Locked=""false"" Priority=""9"" QFormat=""true"" Name=""heading 9""/>
<br>  <w:LsdException Locked=""false"" Priority=""39"" Name=""toc 1""/>
<br>  <w:LsdException Locked=""false"" Priority=""39"" Name=""toc 2""/>
<br>  <w:LsdException Locked=""false"" Priority=""39"" Name=""toc 3""/>
<br>  <w:LsdException Locked=""false"" Priority=""39"" Name=""toc 4""/>
<br>  <w:LsdException Locked=""false"" Priority=""39"" Name=""toc 5""/>
<br>  <w:LsdException Locked=""false"" Priority=""39"" Name=""toc 6""/>
<br>  <w:LsdException Locked=""false"" Priority=""39"" Name=""toc 7""/>
<br>  <w:LsdException Locked=""false"" Priority=""39"" Name=""toc 8""/>
<br>  <w:LsdException Locked=""false"" Priority=""39"" Name=""toc 9""/>
<br>  <w:LsdException Locked=""false"" Priority=""35"" QFormat=""true"" Name=""caption""/>
<br>  <w:LsdException Locked=""false"" Priority=""10"" SemiHidden=""false""
<br>   UnhideWhenUsed=""false"" QFormat=""true"" Name=""Title""/>
<br>  <w:LsdException Locked=""false"" Priority=""1"" Name=""Default Paragraph Font""/>
<br>  <w:LsdException Locked=""false"" Priority=""11"" SemiHidden=""false""
<br>   UnhideWhenUsed=""false"" QFormat=""true"" Name=""Subtitle""/>
<br>  <w:LsdException Locked=""false"" Priority=""22"" SemiHidden=""false""
<br>   UnhideWhenUsed=""false"" QFormat=""true"" Name=""Strong""/>
<br>  <w:LsdException Locked=""false"" Priority=""20"" SemiHidden=""false""
<br>   UnhideWhenUsed=""false"" QFormat=""true"" Name=""Emphasis""/>
<br>  <w:LsdException Locked=""false"" Priority=""59"" SemiHidden=""false""
<br>   UnhideWhenUsed=""false"" Name=""Table Grid""/>
<br>  <w:LsdException Locked=""false"" UnhideWhenUsed=""false"" Name=""Placeholder Text""/>
<br>  <w:LsdException Locked=""false"" Priority=""1"" SemiHidden=""false""
<br>   UnhideWhenUsed=""false"" QFormat=""true"" Name=""No Spacing""/>
<br>  <w:LsdException Locked=""false"" Priority=""60"" SemiHidden=""false""
<br>   UnhideWhenUsed=""false"" Name=""Light Shading""/>
<br>  <w:LsdException Locked=""false"" Priority=""61"" SemiHidden=""false""
<br>   UnhideWhenUsed=""false"" Name=""Light List""/>
<br>  <w:LsdException Locked=""false"" Priority=""62"" SemiHidden=""false""
<br>   UnhideWhenUsed=""false"" Name=""Light Grid""/>
<br>  <w:LsdException Locked=""false"" Priority=""63"" SemiHidden=""false""
<br>   UnhideWhenUsed=""false"" Name=""Medium Shading 1""/>
<br>  <w:LsdException Locked=""false"" Priority=""64"" SemiHidden=""false""
<br>   UnhideWhenUsed=""false"" Name=""Medium Shading 2""/>
<br>  <w:LsdException Locked=""false"" Priority=""65"" SemiHidden=""false""
<br>   UnhideWhenUsed=""false"" Name=""Medium List 1""/>
<br>  <w:LsdException Locked=""false"" Priority=""66"" SemiHidden=""false""
<br>   UnhideWhenUsed=""false"" Name=""Medium List 2""/>
<br>  <w:LsdException Locked=""false"" Priority=""67"" SemiHidden=""false""
<br>   UnhideWhenUsed=""false"" Name=""Medium Grid 1""/>
<br>  <w:LsdException Locked=""false"" Priority=""68"" SemiHidden=""false""
<br>   UnhideWhenUsed=""false"" Name=""Medium Grid 2""/>
<br>  <w:LsdException Locked=""false"" Priority=""69"" SemiHidden=""false""
<br>   UnhideWhenUsed=""false"" Name=""Medium Grid 3""/>
<br>  <w:LsdException Locked=""false"" Priority=""70"" SemiHidden=""false""
<br>   UnhideWhenUsed=""false"" Name=""Dark List""/>
<br>  <w:LsdException Locked=""false"" Priority=""71"" SemiHidden=""false""
<br>   UnhideWhenUsed=""false"" Name=""Colorful Shading""/>
<br>  <w:LsdException Locked=""false"" Priority=""72"" SemiHidden=""false""
<br>   UnhideWhenUsed=""false"" Name=""Colorful List""/>
<br>  <w:LsdException Locked=""false"" Priority=""73"" SemiHidden=""false""
<br>   UnhideWhenUsed=""false"" Name=""Colorful Grid""/>
<br>  <w:LsdException Locked=""false"" Priority=""60"" SemiHidden=""false""
<br>   UnhideWhenUsed=""false"" Name=""Light Shading Accent 1""/>
<br>  <w:LsdException Locked=""false"" Priority=""61"" SemiHidden=""false""
<br>   UnhideWhenUsed=""false"" Name=""Light List Accent 1""/>
<br>  <w:LsdException Locked=""false"" Priority=""62"" SemiHidden=""false""
<br>   UnhideWhenUsed=""false"" Name=""Light Grid Accent 1""/>
<br>  <w:LsdException Locked=""false"" Priority=""63"" SemiHidden=""false""
<br>   UnhideWhenUsed=""false"" Name=""Medium Shading 1 Accent 1""/>
<br>  <w:LsdException Locked=""false"" Priority=""64"" SemiHidden=""false""
<br>   UnhideWhenUsed=""false"" Name=""Medium Shading 2 Accent 1""/>
<br>  <w:LsdException Locked=""false"" Priority=""65"" SemiHidden=""false""
<br>   UnhideWhenUsed=""false"" Name=""Medium List 1 Accent 1""/>
<br>  <w:LsdException Locked=""false"" UnhideWhenUsed=""false"" Name=""Revision""/>
<br>  <w:LsdException Locked=""false"" Priority=""34"" SemiHidden=""false""
<br>   UnhideWhenUsed=""false"" QFormat=""true"" Name=""List Paragraph""/>
<br>  <w:LsdException Locked=""false"" Priority=""29"" SemiHidden=""false""
<br>   UnhideWhenUsed=""false"" QFormat=""true"" Name=""Quote""/>
<br>  <w:LsdException Locked=""false"" Priority=""30"" SemiHidden=""false""
<br>   UnhideWhenUsed=""false"" QFormat=""true"" Name=""Intense Quote""/>
<br>  <w:LsdException Locked=""false"" Priority=""66"" SemiHidden=""false""
<br>   UnhideWhenUsed=""false"" Name=""Medium List 2 Accent 1""/>
<br>  <w:LsdException Locked=""false"" Priority=""67"" SemiHidden=""false""
<br>   UnhideWhenUsed=""false"" Name=""Medium Grid 1 Accent 1""/>
<br>  <w:LsdException Locked=""false"" Priority=""68"" SemiHidden=""false""
<br>   UnhideWhenUsed=""false"" Name=""Medium Grid 2 Accent 1""/>
<br>  <w:LsdException Locked=""false"" Priority=""69"" SemiHidden=""false""
<br>   UnhideWhenUsed=""false"" Name=""Medium Grid 3 Accent 1""/>
<br>  <w:LsdException Locked=""false"" Priority=""70"" SemiHidden=""false""
<br>   UnhideWhenUsed=""false"" Name=""Dark List Accent 1""/>
<br>  <w:LsdException Locked=""false"" Priority=""71"" SemiHidden=""false""
<br>   UnhideWhenUsed=""false"" Name=""Colorful Shading Accent 1""/>
<br>  <w:LsdException Locked=""false"" Priority=""72"" SemiHidden=""false""
<br>   UnhideWhenUsed=""false"" Name=""Colorful List Accent 1""/>
<br>  <w:LsdException Locked=""false"" Priority=""73"" SemiHidden=""false""
<br>   UnhideWhenUsed=""false"" Name=""Colorful Grid Accent 1""/>
<br>  <w:LsdException Locked=""false"" Priority=""60"" SemiHidden=""false""
<br>   UnhideWhenUsed=""false"" Name=""Light Shading Accent 2""/>
<br>  <w:LsdException Locked=""false"" Priority=""61"" SemiHidden=""false""
<br>   UnhideWhenUsed=""false"" Name=""Light List Accent 2""/>
<br>  <w:LsdException Locked=""false"" Priority=""62"" SemiHidden=""false""
<br>   UnhideWhenUsed=""false"" Name=""Light Grid Accent 2""/>
<br>  <w:LsdException Locked=""false"" Priority=""63"" SemiHidden=""false""
<br>   UnhideWhenUsed=""false"" Name=""Medium Shading 1 Accent 2""/>
<br>  <w:LsdException Locked=""false"" Priority=""64"" SemiHidden=""false""
<br>   UnhideWhenUsed=""false"" Name=""Medium Shading 2 Accent 2""/>
<br>  <w:LsdException Locked=""false"" Priority=""65"" SemiHidden=""false""
<br>   UnhideWhenUsed=""false"" Name=""Medium List 1 Accent 2""/>
<br>  <w:LsdException Locked=""false"" Priority=""66"" SemiHidden=""false""
<br>   UnhideWhenUsed=""false"" Name=""Medium List 2 Accent 2""/>
<br>  <w:LsdException Locked=""false"" Priority=""67"" SemiHidden=""false""
<br>   UnhideWhenUsed=""false"" Name=""Medium Grid 1 Accent 2""/>
<br>  <w:LsdException Locked=""false"" Priority=""68"" SemiHidden=""false""
<br>   UnhideWhenUsed=""false"" Name=""Medium Grid 2 Accent 2""/>
<br>  <w:LsdException Locked=""false"" Priority=""69"" SemiHidden=""false""
<br>   UnhideWhenUsed=""false"" Name=""Medium Grid 3 Accent 2""/>
<br>  <w:LsdException Locked=""false"" Priority=""70"" SemiHidden=""false""
<br>   UnhideWhenUsed=""false"" Name=""Dark List Accent 2""/>
<br>  <w:LsdException Locked=""false"" Priority=""71"" SemiHidden=""false""
<br>   UnhideWhenUsed=""false"" Name=""Colorful Shading Accent 2""/>
<br>  <w:LsdException Locked=""false"" Priority=""72"" SemiHidden=""false""
<br>   UnhideWhenUsed=""false"" Name=""Colorful List Accent 2""/>
<br>  <w:LsdException Locked=""false"" Priority=""73"" SemiHidden=""false""
<br>   UnhideWhenUsed=""false"" Name=""Colorful Grid Accent 2""/>
<br>  <w:LsdException Locked=""false"" Priority=""60"" SemiHidden=""false""
<br>   UnhideWhenUsed=""false"" Name=""Light Shading Accent 3""/>
<br>  <w:LsdException Locked=""false"" Priority=""61"" SemiHidden=""false""
<br>   UnhideWhenUsed=""false"" Name=""Light List Accent 3""/>
<br>  <w:LsdException Locked=""false"" Priority=""62"" SemiHidden=""false""
<br>   UnhideWhenUsed=""false"" Name=""Light Grid Accent 3""/>
<br>  <w:LsdException Locked=""false"" Priority=""63"" SemiHidden=""false""
<br>   UnhideWhenUsed=""false"" Name=""Medium Shading 1 Accent 3""/>
<br>  <w:LsdException Locked=""false"" Priority=""64"" SemiHidden=""false""
<br>   UnhideWhenUsed=""false"" Name=""Medium Shading 2 Accent 3""/>
<br>  <w:LsdException Locked=""false"" Priority=""65"" SemiHidden=""false""
<br>   UnhideWhenUsed=""false"" Name=""Medium List 1 Accent 3""/>
<br>  <w:LsdException Locked=""false"" Priority=""66"" SemiHidden=""false""
<br>   UnhideWhenUsed=""false"" Name=""Medium List 2 Accent 3""/>
<br>  <w:LsdException Locked=""false"" Priority=""67"" SemiHidden=""false""
<br>   UnhideWhenUsed=""false"" Name=""Medium Grid 1 Accent 3""/>
<br>  <w:LsdException Locked=""false"" Priority=""68"" SemiHidden=""false""
<br>   UnhideWhenUsed=""false"" Name=""Medium Grid 2 Accent 3""/>
<br>  <w:LsdException Locked=""false"" Priority=""69"" SemiHidden=""false""
<br>   UnhideWhenUsed=""false"" Name=""Medium Grid 3 Accent 3""/>
<br>  <w:LsdException Locked=""false"" Priority=""70"" SemiHidden=""false""
<br>   UnhideWhenUsed=""false"" Name=""Dark List Accent 3""/>
<br>  <w:LsdException Locked=""false"" Priority=""71"" SemiHidden=""false""
<br>   UnhideWhenUsed=""false"" Name=""Colorful Shading Accent 3""/>
<br>  <w:LsdException Locked=""false"" Priority=""72"" SemiHidden=""false""
<br>   UnhideWhenUsed=""false"" Name=""Colorful List Accent 3""/>
<br>  <w:LsdException Locked=""false"" Priority=""73"" SemiHidden=""false""
<br>   UnhideWhenUsed=""false"" Name=""Colorful Grid Accent 3""/>
<br>  <w:LsdException Locked=""false"" Priority=""60"" SemiHidden=""false""
<br>   UnhideWhenUsed=""false"" Name=""Light Shading Accent 4""/>
<br>  <w:LsdException Locked=""false"" Priority=""61"" SemiHidden=""false""
<br>   UnhideWhenUsed=""false"" Name=""Light List Accent 4""/>
<br>  <w:LsdException Locked=""false"" Priority=""62"" SemiHidden=""false""
<br>   UnhideWhenUsed=""false"" Name=""Light Grid Accent 4""/>
<br>  <w:LsdException Locked=""false"" Priority=""63"" SemiHidden=""false""
<br>   UnhideWhenUsed=""false"" Name=""Medium Shading 1 Accent 4""/>
<br>  <w:LsdException Locked=""false"" Priority=""64"" SemiHidden=""false""
<br>   UnhideWhenUsed=""false"" Name=""Medium Shading 2 Accent 4""/>
<br>  <w:LsdException Locked=""false"" Priority=""65"" SemiHidden=""false""
<br>   UnhideWhenUsed=""false"" Name=""Medium List 1 Accent 4""/>
<br>  <w:LsdException Locked=""false"" Priority=""66"" SemiHidden=""false""
<br>   UnhideWhenUsed=""false"" Name=""Medium List 2 Accent 4""/>
<br>  <w:LsdException Locked=""false"" Priority=""67"" SemiHidden=""false""
<br>   UnhideWhenUsed=""false"" Name=""Medium Grid 1 Accent 4""/>
<br>  <w:LsdException Locked=""false"" Priority=""68"" SemiHidden=""false""
<br>   UnhideWhenUsed=""false"" Name=""Medium Grid 2 Accent 4""/>
<br>  <w:LsdException Locked=""false"" Priority=""69"" SemiHidden=""false""
<br>   UnhideWhenUsed=""false"" Name=""Medium Grid 3 Accent 4""/>
<br>  <w:LsdException Locked=""false"" Priority=""70"" SemiHidden=""false""
<br>   UnhideWhenUsed=""false"" Name=""Dark List Accent 4""/>
<br>  <w:LsdException Locked=""false"" Priority=""71"" SemiHidden=""false""
<br>   UnhideWhenUsed=""false"" Name=""Colorful Shading Accent 4""/>
<br>  <w:LsdException Locked=""false"" Priority=""72"" SemiHidden=""false""
<br>   UnhideWhenUsed=""false"" Name=""Colorful List Accent 4""/>
<br>  <w:LsdException Locked=""false"" Priority=""73"" SemiHidden=""false""
<br>   UnhideWhenUsed=""false"" Name=""Colorful Grid Accent 4""/>
<br>  <w:LsdException Locked=""false"" Priority=""60"" SemiHidden=""false""
<br>   UnhideWhenUsed=""false"" Name=""Light Shading Accent 5""/>
<br>  <w:LsdException Locked=""false"" Priority=""61"" SemiHidden=""false""
<br>   UnhideWhenUsed=""false"" Name=""Light List Accent 5""/>
<br>  <w:LsdException Locked=""false"" Priority=""62"" SemiHidden=""false""
<br>   UnhideWhenUsed=""false"" Name=""Light Grid Accent 5""/>
<br>  <w:LsdException Locked=""false"" Priority=""63"" SemiHidden=""false""
<br>   UnhideWhenUsed=""false"" Name=""Medium Shading 1 Accent 5""/>
<br>  <w:LsdException Locked=""false"" Priority=""64"" SemiHidden=""false""
<br>   UnhideWhenUsed=""false"" Name=""Medium Shading 2 Accent 5""/>
<br>  <w:LsdException Locked=""false"" Priority=""65"" SemiHidden=""false""
<br>   UnhideWhenUsed=""false"" Name=""Medium List 1 Accent 5""/>
<br>  <w:LsdException Locked=""false"" Priority=""66"" SemiHidden=""false""
<br>   UnhideWhenUsed=""false"" Name=""Medium List 2 Accent 5""/>
<br>  <w:LsdException Locked=""false"" Priority=""67"" SemiHidden=""false""
<br>   UnhideWhenUsed=""false"" Name=""Medium Grid 1 Accent 5""/>
<br>  <w:LsdException Locked=""false"" Priority=""68"" SemiHidden=""false""
<br>   UnhideWhenUsed=""false"" Name=""Medium Grid 2 Accent 5""/>
<br>  <w:LsdException Locked=""false"" Priority=""69"" SemiHidden=""false""
<br>   UnhideWhenUsed=""false"" Name=""Medium Grid 3 Accent 5""/>
<br>  <w:LsdException Locked=""false"" Priority=""70"" SemiHidden=""false""
<br>   UnhideWhenUsed=""false"" Name=""Dark List Accent 5""/>
<br>  <w:LsdException Locked=""false"" Priority=""71"" SemiHidden=""false""
<br>   UnhideWhenUsed=""false"" Name=""Colorful Shading Accent 5""/>
<br>  <w:LsdException Locked=""false"" Priority=""72"" SemiHidden=""false""
<br>   UnhideWhenUsed=""false"" Name=""Colorful List Accent 5""/>
<br>  <w:LsdException Locked=""false"" Priority=""73"" SemiHidden=""false""
<br>   UnhideWhenUsed=""false"" Name=""Colorful Grid Accent 5""/>
<br>  <w:LsdException Locked=""false"" Priority=""60"" SemiHidden=""false""
<br>   UnhideWhenUsed=""false"" Name=""Light Shading Accent 6""/>
<br>  <w:LsdException Locked=""false"" Priority=""61"" SemiHidden=""false""
<br>   UnhideWhenUsed=""false"" Name=""Light List Accent 6""/>
<br>  <w:LsdException Locked=""false"" Priority=""62"" SemiHidden=""false""
<br>   UnhideWhenUsed=""false"" Name=""Light Grid Accent 6""/>
<br>  <w:LsdException Locked=""false"" Priority=""63"" SemiHidden=""false""
<br>   UnhideWhenUsed=""false"" Name=""Medium Shading 1 Accent 6""/>
<br>  <w:LsdException Locked=""false"" Priority=""64"" SemiHidden=""false""
<br>   UnhideWhenUsed=""false"" Name=""Medium Shading 2 Accent 6""/>
<br>  <w:LsdException Locked=""false"" Priority=""65"" SemiHidden=""false""
<br>   UnhideWhenUsed=""false"" Name=""Medium List 1 Accent 6""/>
<br>  <w:LsdException Locked=""false"" Priority=""66"" SemiHidden=""false""
<br>   UnhideWhenUsed=""false"" Name=""Medium List 2 Accent 6""/>
<br>  <w:LsdException Locked=""false"" Priority=""67"" SemiHidden=""false""
<br>   UnhideWhenUsed=""false"" Name=""Medium Grid 1 Accent 6""/>
<br>  <w:LsdException Locked=""false"" Priority=""68"" SemiHidden=""false""
<br>   UnhideWhenUsed=""false"" Name=""Medium Grid 2 Accent 6""/>
<br>  <w:LsdException Locked=""false"" Priority=""69"" SemiHidden=""false""
<br>   UnhideWhenUsed=""false"" Name=""Medium Grid 3 Accent 6""/>
<br>  <w:LsdException Locked=""false"" Priority=""70"" SemiHidden=""false""
<br>   UnhideWhenUsed=""false"" Name=""Dark List Accent 6""/>
<br>  <w:LsdException Locked=""false"" Priority=""71"" SemiHidden=""false""
<br>   UnhideWhenUsed=""false"" Name=""Colorful Shading Accent 6""/>
<br>  <w:LsdException Locked=""false"" Priority=""72"" SemiHidden=""false""
<br>   UnhideWhenUsed=""false"" Name=""Colorful List Accent 6""/>
<br>  <w:LsdException Locked=""false"" Priority=""73"" SemiHidden=""false""
<br>   UnhideWhenUsed=""false"" Name=""Colorful Grid Accent 6""/>
<br>  <w:LsdException Locked=""false"" Priority=""19"" SemiHidden=""false""
<br>   UnhideWhenUsed=""false"" QFormat=""true"" Name=""Subtle Emphasis""/>
<br>  <w:LsdException Locked=""false"" Priority=""21"" SemiHidden=""false""
<br>   UnhideWhenUsed=""false"" QFormat=""true"" Name=""Intense Emphasis""/>
<br>  <w:LsdException Locked=""false"" Priority=""31"" SemiHidden=""false""
<br>   UnhideWhenUsed=""false"" QFormat=""true"" Name=""Subtle Reference""/>
<br>  <w:LsdException Locked=""false"" Priority=""32"" SemiHidden=""false""
<br>   UnhideWhenUsed=""false"" QFormat=""true"" Name=""Intense Reference""/>
<br>  <w:LsdException Locked=""false"" Priority=""33"" SemiHidden=""false""
<br>   UnhideWhenUsed=""false"" QFormat=""true"" Name=""Book Title""/>
<br>  <w:LsdException Locked=""false"" Priority=""37"" Name=""Bibliography""/>
<br>  <w:LsdException Locked=""false"" Priority=""39"" QFormat=""true"" Name=""TOC Heading""/>
<br> </w:LatentStyles>
<br></xml><![endif]-->
<br>
<br><!--[if gte mso 10]>
<br><style>
<br> /* Style Definitions */
<br>table.MsoNormalTable
<br>	{mso-style-name:""Table Normal"";
<br>	mso-tstyle-rowband-size:0;
<br>	mso-tstyle-colband-size:0;
<br>	mso-style-noshow:yes;
<br>	mso-style-priority:99;
<br>	mso-style-parent:"""";
<br>	mso-padding-alt:0in 5.4pt 0in 5.4pt;
<br>	mso-para-margin-top:0in;
<br>	mso-para-margin-right:0in;
<br>	mso-para-margin-bottom:10.0pt;
<br>	mso-para-margin-left:0in;
<br>	line-height:115%;
<br>	mso-pagination:widow-orphan;
<br>	font-size:11.0pt;
<br>	font-family:Calibri;
<br>	mso-ascii-font-family:Calibri;
<br>	mso-ascii-theme-font:minor-latin;
<br>	mso-hansi-font-family:Calibri;
<br>	mso-hansi-theme-font:minor-latin;}
<br></style>
<br><![endif]-->
<br>
<br>
<br>
<br><!--StartFragment-->
<br>
<br><p class=""MsoNormal""><o:p>&nbsp;</o:p></p>
<br>
<br><p class=""MsoNormal""><o:p>&nbsp;</o:p></p>
<br>
<br><p class=""MsoNormal"" style=""mso-margin-top-alt:auto;mso-margin-bottom-alt:auto;
<br>line-height:normal""><b><span style=""font-size:12.0pt;font-family:&quot;Times New Roman&quot;;
<br>mso-fareast-font-family:&quot;Times New Roman&quot;"">Bluetooth Smart Watch&nbsp;</span></b></p>
<br>
<br><p class=""MsoNormal"" style=""mso-margin-top-alt:auto;mso-margin-bottom-alt:auto;
<br>line-height:normal""><span style=""font-size:12.0pt;font-family:&quot;Times New Roman&quot;;
<br>mso-fareast-font-family:&quot;Times New Roman&quot;"">&nbsp;<o:p></o:p></span></p>
<br>
<br><p class=""MsoNormal"" style=""mso-margin-top-alt:auto;mso-margin-bottom-alt:auto;
<br>line-height:normal""><span style=""font-size:12.0pt;font-family:&quot;Times New Roman&quot;;
<br>mso-fareast-font-family:&quot;Times New Roman&quot;"">Bluetooth Smart U Watch which is
<br>compatible with all Bluetooth V2.0 or above enabled smartphones, tablets and
<br>PCs (support Android 2.3 or above),such as iPhone 4, 4S, 5, 5S, Samsung&nbsp;
<br>S3, S4, Note 2, Note 3, Note 4 etc.<o:p></o:p></span></p>
<br>
<br><p class=""MsoNormal"" style=""mso-margin-top-alt:auto;mso-margin-bottom-alt:auto;
<br>line-height:normal""><span style=""font-size:12.0pt;font-family:&quot;Times New Roman&quot;;
<br>mso-fareast-font-family:&quot;Times New Roman&quot;"">&nbsp;<o:p></o:p></span></p>
<br>
<br><p class=""MsoNormal"" style=""mso-margin-top-alt:auto;mso-margin-bottom-alt:auto;
<br>line-height:normal""><b><span style=""font-size:12.0pt;font-family:&quot;Times New Roman&quot;;
<br>mso-fareast-font-family:&quot;Times New Roman&quot;"">Features:</span></b><span style=""font-size:12.0pt;font-family:&quot;Times New Roman&quot;;mso-fareast-font-family:
<br>&quot;Times New Roman&quot;""><o:p></o:p></span></p>
<br>
<br><ol start=""1"" type=""1"">
<br> <li class=""MsoNormal"" style=""mso-margin-top-alt:auto;mso-margin-bottom-alt:auto;
<br>     line-height:normal;mso-list:l1 level1 lfo1;tab-stops:list .5in""><span style=""font-size:12.0pt;font-family:&quot;Times New Roman&quot;;mso-fareast-font-family:
<br>     &quot;Times New Roman&quot;"">1.48"" Capacitive Touch Screen TFT LCD<o:p></o:p></span></li>
<br> <li class=""MsoNormal"" style=""mso-margin-top-alt:auto;mso-margin-bottom-alt:auto;
<br>     line-height:normal;mso-list:l1 level1 lfo1;tab-stops:list .5in""><span style=""font-size:12.0pt;font-family:&quot;Times New Roman&quot;;mso-fareast-font-family:
<br>     &quot;Times New Roman&quot;"">Time / Date / Week / Battery state display<o:p></o:p></span></li>
<br> <li class=""MsoNormal"" style=""mso-margin-top-alt:auto;mso-margin-bottom-alt:auto;
<br>     line-height:normal;mso-list:l1 level1 lfo1;tab-stops:list .5in""><span style=""font-size:12.0pt;font-family:&quot;Times New Roman&quot;;mso-fareast-font-family:
<br>     &quot;Times New Roman&quot;"">Ringing reminder when you receive a call<o:p></o:p></span></li>
<br> <li class=""MsoNormal"" style=""mso-margin-top-alt:auto;mso-margin-bottom-alt:auto;
<br>     line-height:normal;mso-list:l1 level1 lfo1;tab-stops:list .5in""><span style=""font-size:12.0pt;font-family:&quot;Times New Roman&quot;;mso-fareast-font-family:
<br>     &quot;Times New Roman&quot;"">Ringing reminder once your mobile phone disconnected<o:p></o:p></span></li>
<br> <li class=""MsoNormal"" style=""mso-margin-top-alt:auto;mso-margin-bottom-alt:auto;
<br>     line-height:normal;mso-list:l1 level1 lfo1;tab-stops:list .5in""><span style=""font-size:12.0pt;font-family:&quot;Times New Roman&quot;;mso-fareast-font-family:
<br>     &quot;Times New Roman&quot;"">Display the number or name of incoming calls<o:p></o:p></span></li>
<br> <li class=""MsoNormal"" style=""mso-margin-top-alt:auto;mso-margin-bottom-alt:auto;
<br>     line-height:normal;mso-list:l1 level1 lfo1;tab-stops:list .5in""><span style=""font-size:12.0pt;font-family:&quot;Times New Roman&quot;;mso-fareast-font-family:
<br>     &quot;Times New Roman&quot;"">Answer or Dial calls from your wrist<o:p></o:p></span></li>
<br> <li class=""MsoNormal"" style=""mso-margin-top-alt:auto;mso-margin-bottom-alt:auto;
<br>     line-height:normal;mso-list:l1 level1 lfo1;tab-stops:list .5in""><span style=""font-size:12.0pt;font-family:&quot;Times New Roman&quot;;mso-fareast-font-family:
<br>     &quot;Times New Roman&quot;"">Stopwatch function<o:p></o:p></span></li>
<br> <li class=""MsoNormal"" style=""mso-margin-top-alt:auto;mso-margin-bottom-alt:auto;
<br>     line-height:normal;mso-list:l1 level1 lfo1;tab-stops:list .5in""><span style=""font-size:12.0pt;font-family:&quot;Times New Roman&quot;;mso-fareast-font-family:
<br>     &quot;Times New Roman&quot;"">Support hands-free calls, phone book<o:p></o:p></span></li>
<br> <li class=""MsoNormal"" style=""mso-margin-top-alt:auto;mso-margin-bottom-alt:auto;
<br>     line-height:normal;mso-list:l1 level1 lfo1;tab-stops:list .5in""><span style=""font-size:12.0pt;font-family:&quot;Times New Roman&quot;;mso-fareast-font-family:
<br>     &quot;Times New Roman&quot;"">Play the music in your phone (after Bluetooth paring)<o:p></o:p></span></li>
<br> <li class=""MsoNormal"" style=""mso-margin-top-alt:auto;mso-margin-bottom-alt:auto;
<br>     line-height:normal;mso-list:l1 level1 lfo1;tab-stops:list .5in""><span style=""font-size:12.0pt;font-family:&quot;Times New Roman&quot;;mso-fareast-font-family:
<br>     &quot;Times New Roman&quot;"">Sync SMS/call history (only for android phone)<o:p></o:p></span></li>
<br> <li class=""MsoNormal"" style=""mso-margin-top-alt:auto;mso-margin-bottom-alt:auto;
<br>     line-height:normal;mso-list:l1 level1 lfo1;tab-stops:list .5in""><span style=""font-size:12.0pt;font-family:&quot;Times New Roman&quot;;mso-fareast-font-family:
<br>     &quot;Times New Roman&quot;"">Ring reminder when your Android 2.3 or above smart
<br>     phone receive a message (including&nbsp; Wechat, Facebook, Twitter,
<br>     WhatsApp, Skype, and so on)<o:p></o:p></span></li>
<br> <li class=""MsoNormal"" style=""mso-margin-top-alt:auto;mso-margin-bottom-alt:auto;
<br>     line-height:normal;mso-list:l1 level1 lfo1;tab-stops:list .5in""><span style=""font-size:12.0pt;font-family:&quot;Times New Roman&quot;;mso-fareast-font-family:
<br>     &quot;Times New Roman&quot;"">Anti-lost alarm function: When cellphone left watch
<br>     alarm automatically, after a certain distance to avoid lose the phones<o:p></o:p></span></li>
<br> <li class=""MsoNormal"" style=""mso-margin-top-alt:auto;mso-margin-bottom-alt:auto;
<br>     line-height:normal;mso-list:l1 level1 lfo1;tab-stops:list .5in""><span style=""font-size:12.0pt;font-family:&quot;Times New Roman&quot;;mso-fareast-font-family:
<br>     &quot;Times New Roman&quot;"">Remote taking photo function: You can control your
<br>     cellphone to take photo from your wrist. (Only for android phone)<o:p></o:p></span></li>
<br> <li class=""MsoNormal"" style=""mso-margin-top-alt:auto;mso-margin-bottom-alt:auto;
<br>     line-height:normal;mso-list:l1 level1 lfo1;tab-stops:list .5in""><span style=""font-size:12.0pt;font-family:&quot;Times New Roman&quot;;mso-fareast-font-family:
<br>     &quot;Times New Roman&quot;"">Altitude Meter, Passometer , Photograph, Barometer,
<br>     Vibration<o:p></o:p></span></li>
<br></ol>
<br>
<br><p class=""MsoNormal"" style=""mso-margin-top-alt:auto;mso-margin-bottom-alt:auto;
<br>line-height:normal""><span style=""font-size:12.0pt;font-family:&quot;Times New Roman&quot;;
<br>mso-fareast-font-family:&quot;Times New Roman&quot;"">&nbsp;<o:p></o:p></span></p>
<br>
<br><p class=""MsoNormal"" style=""mso-margin-top-alt:auto;mso-margin-bottom-alt:auto;
<br>line-height:normal""><b><span style=""font-size:12.0pt;font-family:&quot;Times New Roman&quot;;
<br>mso-fareast-font-family:&quot;Times New Roman&quot;"">Specifications:</span></b><span style=""font-size:12.0pt;font-family:&quot;Times New Roman&quot;;mso-fareast-font-family:
<br>&quot;Times New Roman&quot;""><o:p></o:p></span></p>
<br>
<br><ul type=""disc"">
<br> <li class=""MsoNormal"" style=""mso-margin-top-alt:auto;mso-margin-bottom-alt:auto;
<br>     line-height:normal;mso-list:l0 level1 lfo2;tab-stops:list .5in""><span style=""font-size:12.0pt;font-family:&quot;Times New Roman&quot;;mso-fareast-font-family:
<br>     &quot;Times New Roman&quot;"">Material: Steel Silicon<o:p></o:p></span></li>
<br> <li class=""MsoNormal"" style=""mso-margin-top-alt:auto;mso-margin-bottom-alt:auto;
<br>     line-height:normal;mso-list:l0 level1 lfo2;tab-stops:list .5in""><span style=""font-size:12.0pt;font-family:&quot;Times New Roman&quot;;mso-fareast-font-family:
<br>     &quot;Times New Roman&quot;"">Bluetooth Version: Bluetooth V3.0 EDR<o:p></o:p></span></li>
<br> <li class=""MsoNormal"" style=""mso-margin-top-alt:auto;mso-margin-bottom-alt:auto;
<br>     line-height:normal;mso-list:l0 level1 lfo2;tab-stops:list .5in""><span style=""font-size:12.0pt;font-family:&quot;Times New Roman&quot;;mso-fareast-font-family:
<br>     &quot;Times New Roman&quot;"">Bluetooth Protocol: A2DP HFP 1.5 HS P 1.2<o:p></o:p></span></li>
<br> <li class=""MsoNormal"" style=""mso-margin-top-alt:auto;mso-margin-bottom-alt:auto;
<br>     line-height:normal;mso-list:l0 level1 lfo2;tab-stops:list .5in""><span style=""font-size:12.0pt;font-family:&quot;Times New Roman&quot;;mso-fareast-font-family:
<br>     &quot;Times New Roman&quot;"">Range of Frequency: 2.4GHz spectrum<o:p></o:p></span></li>
<br> <li class=""MsoNormal"" style=""mso-margin-top-alt:auto;mso-margin-bottom-alt:auto;
<br>     line-height:normal;mso-list:l0 level1 lfo2;tab-stops:list .5in""><span style=""font-size:12.0pt;font-family:&quot;Times New Roman&quot;;mso-fareast-font-family:
<br>     &quot;Times New Roman&quot;"">Ambient Noise: ?75dB<o:p></o:p></span></li>
<br> <li class=""MsoNormal"" style=""mso-margin-top-alt:auto;mso-margin-bottom-alt:auto;
<br>     line-height:normal;mso-list:l0 level1 lfo2;tab-stops:list .5in""><span style=""font-size:12.0pt;font-family:&quot;Times New Roman&quot;;mso-fareast-font-family:
<br>     &quot;Times New Roman&quot;"">Transmitting Range: ?10m<o:p></o:p></span></li>
<br> <li class=""MsoNormal"" style=""mso-margin-top-alt:auto;mso-margin-bottom-alt:auto;
<br>     line-height:normal;mso-list:l0 level1 lfo2;tab-stops:list .5in""><span style=""font-size:12.0pt;font-family:&quot;Times New Roman&quot;;mso-fareast-font-family:
<br>     &quot;Times New Roman&quot;"">Language Support: English, French, Spanish, Portuguese,
<br>     Korean, Italian, German, Turkish, Russian, Japanese, Chinese<o:p></o:p></span></li>
<br> <li class=""MsoNormal"" style=""mso-margin-top-alt:auto;mso-margin-bottom-alt:auto;
<br>     line-height:normal;mso-list:l0 level1 lfo2;tab-stops:list .5in""><span style=""font-size:12.0pt;font-family:&quot;Times New Roman&quot;;mso-fareast-font-family:
<br>     &quot;Times New Roman&quot;"">Charging Time: about 1 hour<o:p></o:p></span></li>
<br> <li class=""MsoNormal"" style=""mso-margin-top-alt:auto;mso-margin-bottom-alt:auto;
<br>     line-height:normal;mso-list:l0 level1 lfo2;tab-stops:list .5in""><span style=""font-size:12.0pt;font-family:&quot;Times New Roman&quot;;mso-fareast-font-family:
<br>     &quot;Times New Roman&quot;"">Talk Time: about 3 hours<o:p></o:p></span></li>
<br> <li class=""MsoNormal"" style=""mso-margin-top-alt:auto;mso-margin-bottom-alt:auto;
<br>     line-height:normal;mso-list:l0 level1 lfo2;tab-stops:list .5in""><span style=""font-size:12.0pt;font-family:&quot;Times New Roman&quot;;mso-fareast-font-family:
<br>     &quot;Times New Roman&quot;"">Music Play Time: about 6 hours<o:p></o:p></span></li>
<br> <li class=""MsoNormal"" style=""mso-margin-top-alt:auto;mso-margin-bottom-alt:auto;
<br>     line-height:normal;mso-list:l0 level1 lfo2;tab-stops:list .5in""><span style=""font-size:12.0pt;font-family:&quot;Times New Roman&quot;;mso-fareast-font-family:
<br>     &quot;Times New Roman&quot;"">Standby Time: about 160 hours<o:p></o:p></span></li>
<br> <li class=""MsoNormal"" style=""mso-margin-top-alt:auto;mso-margin-bottom-alt:auto;
<br>     line-height:normal;mso-list:l0 level1 lfo2;tab-stops:list .5in""><span style=""font-size:12.0pt;font-family:&quot;Times New Roman&quot;;mso-fareast-font-family:
<br>     &quot;Times New Roman&quot;"">Power Supply: Built-in 230 mAh rechargeable battery<o:p></o:p></span></li>
<br></ul>
<br>
<br><p class=""MsoNormal"" style=""mso-margin-top-alt:auto;mso-margin-bottom-alt:auto;
<br>line-height:normal""><span style=""font-size:12.0pt;font-family:&quot;Times New Roman&quot;;
<br>mso-fareast-font-family:&quot;Times New Roman&quot;"">&nbsp;<o:p></o:p></span></p>
<br>
<br><p class=""MsoNormal"" style=""mso-margin-top-alt:auto;mso-margin-bottom-alt:auto;
<br>line-height:normal""><b><span style=""font-size:12.0pt;font-family:&quot;Times New Roman&quot;;
<br>mso-fareast-font-family:&quot;Times New Roman&quot;"">Package includes:</span></b><span style=""font-size:12.0pt;font-family:&quot;Times New Roman&quot;;mso-fareast-font-family:
<br>&quot;Times New Roman&quot;""><o:p></o:p></span></p>
<br>
<br><p class=""MsoNormal"" style=""mso-margin-top-alt:auto;mso-margin-bottom-alt:auto;
<br>line-height:normal""><span style=""font-size:12.0pt;font-family:&quot;Times New Roman&quot;;
<br>mso-fareast-font-family:&quot;Times New Roman&quot;"">1 x Bluetooth Watch<o:p></o:p></span></p>
<br>
<br><p class=""MsoNormal"" style=""mso-margin-top-alt:auto;mso-margin-bottom-alt:auto;
<br>line-height:normal""><span style=""font-size:12.0pt;font-family:&quot;Times New Roman&quot;;
<br>mso-fareast-font-family:&quot;Times New Roman&quot;"">1 x USB cable<o:p></o:p></span></p>
<br>
<br><p class=""MsoNormal"" style=""mso-margin-top-alt:auto;mso-margin-bottom-alt:auto;
<br>line-height:normal""><span style=""font-size:12.0pt;font-family:&quot;Times New Roman&quot;;
<br>mso-fareast-f",
Electronics,Headphones & Headsets,AIR,AIR,Enable,Bluedio Air Fashion Bluetooth Headset 3D Sound - Black,0,0,Bluedio,1000,274,274,274,274,274,"<div class=""container columns"">
<div class=""row"">
  <div class=""large-12 medium-12"">
    <p>Listen to all your music with unbeatable depth and crystal clarity on the Bluedio Air Fashion 3D Sound Bluetooth Headset. This headset focuses on providing a well balanced sound, longer battery life, and heavenly comfort. As per the Bluedio Air specs, this stylish wireless headset is easy to connect with Android or iOS devices alike and has high definition speakers with clear, powerful sound. The headset incorporates HD Diaphragm technology that lets you hear the difference even in your favorite tunes. Turn the 3D sound on for when you want to experience a fuller and dynamic experience. Besides, these Bluedio Air headphones adopt the power efficient Bluetooth v4.1 technology that lets you go wireless and listen to songs for up to 20 hours. Adding to this greatness is the Bluedio Air wireless headset’s construction. It has a twistable headband, together with pivoting earcups and soft padding to create a comfortable fit.</p>
  </div>
</div>
<div class=""row"">
  <div class=""large-6 medium-6 columns"">
    <h4> <b>Physical Features</b>
    </h4><div class=""text-center"">
    <img src=""http://souqcms.s3.amazonaws.com/spring/images/2016/Bluedio/Air-Fashion-Bluetooth-Headset-3D-Sound/dimensions-black.jpg"" alt=""Bluedio Air Fashion Bluetooth Headset 3D Sound Physical Features"">
    </div></div>
<div class=""large-6 medium-6 columns"">
  <h4> <b>Key Features</b>
  </h4>
  <div class=""row kf-en"">
  <div class=""large-6 medium-6 small-12 columns"">
    <div class=""row"">
      <p class=""large-1 medium-1 small-1 fi-info""></p>
      <p class=""large-10 medium-10 small-10"">15 Hz-25 KHz </p>
    </div>
    <div class=""row"">
      <p class=""large-1 medium-1 small-1 fi-bluetooth""></p>
      <p class=""large-10 medium-10 small-10"">Bluetooth V4.1 </p>
    </div>
  </div>
  <div class=""large-6 medium-6 small-12 columns"">
    <div class=""row"">
      <p class=""large-1 medium-1 small-1 fi-battery-full""></p>
      <p class=""large-10 medium-10 small-10"">music/talk time up to 20 hours </p>
    </div>
  </div>
</div>
</div>
</div>
      <div class=""row mart-30"">
        <div class=""large-6 medium-12 small-centered medium-centered right columns"">
          <img src=""http://souqcms.s3.amazonaws.com/spring/images/2016/Bluedio/Air-Fashion-Bluetooth-Headset-3D-Sound/feature-1-black.jpg"" alt=""Bluedio Air Fashion Bluetooth Headset 3D Sound""></div>
        <div class=""large-6 medium-12 left columns mart-60 padt-30"">
          <h4>Talk On the Go</h4>
          <p>The Bluedio Air reviews found online will fortify your resolve when it comes to making a decision about purchasing a sturdy headset. Equipped with an intelligent control audio cable and mic, this headset lets you enjoy handsfree communication. Its built in mic makes sure your voice is transferred clearly to the other end. Plus, since this headset is Bluetooth compatible, you can be free of wires and its tangling issues.</p>
        </div>
      </div>
      <div class=""row mart-10"">
        <div class=""large-6 medium-12 small-centered medium-centered left columns"">
          <img src=""http://souqcms.s3.amazonaws.com/spring/images/2016/Bluedio/Air-Fashion-Bluetooth-Headset-3D-Sound/feature-2-black.jpg"" alt=""Bluedio Air Fashion Bluetooth Headset 3D Sound""></div>
        <div class=""large-6 medium-12 right columns mart-60 padt-30"">
          <h4>Enhance Your Style Quotient</h4>
          <p>The Bluedio Air headphones are styled with sleek curves, oval earcups, and vivid patterns. It sports a white finish with colorful geometric figures strewn across its entirety; these accentuate its look. In addition, the headphone’s space saving design makes it easier to store when not in use.</p>
        </div>
      </div>
    </div>","<div class=""container columns"">
<div class=""row"">
  <div class=""large-12 medium-12"">
    <p>Listen to all your music with unbeatable depth and crystal clarity on the Bluedio Air Fashion 3D Sound Bluetooth Headset. This headset focuses on providing a well balanced sound, longer battery life, and heavenly comfort. As per the Bluedio Air specs, this stylish wireless headset is easy to connect with Android or iOS devices alike and has high definition speakers with clear, powerful sound. The headset incorporates HD Diaphragm technology that lets you hear the difference even in your favorite tunes. Turn the 3D sound on for when you want to experience a fuller and dynamic experience. Besides, these Bluedio Air headphones adopt the power efficient Bluetooth v4.1 technology that lets you go wireless and listen to songs for up to 20 hours. Adding to this greatness is the Bluedio Air wireless headset’s construction. It has a twistable headband, together with pivoting earcups and soft padding to create a comfortable fit.</p>
  </div>
</div>
<div class=""row"">
  <div class=""large-6 medium-6 columns"">
    <h4> <b>Physical Features</b>
    </h4><div class=""text-center"">
    <img src=""http://souqcms.s3.amazonaws.com/spring/images/2016/Bluedio/Air-Fashion-Bluetooth-Headset-3D-Sound/dimensions-black.jpg"" alt=""Bluedio Air Fashion Bluetooth Headset 3D Sound Physical Features"">
    </div></div>
<div class=""large-6 medium-6 columns"">
  <h4> <b>Key Features</b>
  </h4>
  <div class=""row kf-en"">
  <div class=""large-6 medium-6 small-12 columns"">
    <div class=""row"">
      <p class=""large-1 medium-1 small-1 fi-info""></p>
      <p class=""large-10 medium-10 small-10"">15 Hz-25 KHz </p>
    </div>
    <div class=""row"">
      <p class=""large-1 medium-1 small-1 fi-bluetooth""></p>
      <p class=""large-10 medium-10 small-10"">Bluetooth V4.1 </p>
    </div>
  </div>
  <div class=""large-6 medium-6 small-12 columns"">
    <div class=""row"">
      <p class=""large-1 medium-1 small-1 fi-battery-full""></p>
      <p class=""large-10 medium-10 small-10"">music/talk time up to 20 hours </p>
    </div>
  </div>
</div>
</div>
</div>
      <div class=""row mart-30"">
        <div class=""large-6 medium-12 small-centered medium-centered right columns"">
          <img src=""http://souqcms.s3.amazonaws.com/spring/images/2016/Bluedio/Air-Fashion-Bluetooth-Headset-3D-Sound/feature-1-black.jpg"" alt=""Bluedio Air Fashion Bluetooth Headset 3D Sound""></div>
        <div class=""large-6 medium-12 left columns mart-60 padt-30"">
          <h4>Talk On the Go</h4>
          <p>The Bluedio Air reviews found online will fortify your resolve when it comes to making a decision about purchasing a sturdy headset. Equipped with an intelligent control audio cable and mic, this headset lets you enjoy handsfree communication. Its built in mic makes sure your voice is transferred clearly to the other end. Plus, since this headset is Bluetooth compatible, you can be free of wires and its tangling issues.</p>
        </div>
      </div>
      <div class=""row mart-10"">
        <div class=""large-6 medium-12 small-centered medium-centered left columns"">
          <img src=""http://souqcms.s3.amazonaws.com/spring/images/2016/Bluedio/Air-Fashion-Bluetooth-Headset-3D-Sound/feature-2-black.jpg"" alt=""Bluedio Air Fashion Bluetooth Headset 3D Sound""></div>
        <div class=""large-6 medium-12 right columns mart-60 padt-30"">
          <h4>Enhance Your Style Quotient</h4>
          <p>The Bluedio Air headphones are styled with sleek curves, oval earcups, and vivid patterns. It sports a white finish with colorful geometric figures strewn across its entirety; these accentuate its look. In addition, the headphone’s space saving design makes it easier to store when not in use.</p>
        </div>
      </div>
    </div>
Color:Black
Model Number: Air
Connectivity:Wireless
Compatible with: All Audio Devices
Type: In Ear"
Electronics,Headphones & Headsets,AW,AW,Enable,Bluedio Air Fashion Bluetooth Headset - White,0,0,Bluedio,1000,299,299,299,299,299,"<div class=""container columns"">
  <div class=""row"">
    <div class=""columns medium-12"">
      <p>Sporting a stylish look, foldable headband, soft ear pads, and a Bluetooth 4.1 chip, the Bluedio Air Fashion Bluetooth Headset is here to deliver big sound! This headset is a combination of performance, style, and convenience. It has an ergonomic design, soft PU leather cover, and comfy ear pillows that offer utmost comfort for prolonged listening. In addition to the high quality music, this Bluedio Bluetooth headset also lets you answer calls hands free while on the go via its Intelligent Control Audio cable. It also enables you to pause and play music with the click of a button. The Bluedio Air Fashion Bluetooth Headset sports a stylish white color with colorful geometric figures. With a long runtime of 1100 hours, the Bluedio headset reviews are bound to be favorable.</p>
    </div>
  </div>
  <div class=""row"">
    <div class=""columns medium-12"">
      <h4><b>Key Features</b></h4>
      <div class=""row kf-en"">
        <div class=""columns medium-6 small-12"">
          <div class=""row"">
            <p class=""medium-1 small-1 fi-bluetooth""></p>
            <p class=""medium-10 small-10"">Bluetooth</p>
          </div>
          <div class=""row"">
            <p class=""medium-1 small-1 fi-info""></p>
            <p class=""medium-10 small-10"">Frequency response: 15Hz~25KHz</p>
          </div>
        </div>
        <div class=""columns medium-6 small-12"">
          <div class=""row"">
            <p class=""medium-1 small-1 fi-usb""></p>
            <p class=""medium-10 small-10"">Micro USB</p>
          </div>
          <div class=""row"">
            <p class=""medium-1 small-1 fi-info""></p>
            <p class=""medium-10 small-10"">Sensitivity: 110dB</p>
          </div>
        </div>
      </div>
    </div>
  </div>
  <div class=""row mart-10"">
    <div class=""columns large-6 medium-12 right""><img src=""http://souqcms.s3.amazonaws.com/spring/images/2016/Bluedio/Bluedio-Air-Fashion-Bluetooth-Headset/feature-1.jpg"" alt=""Bluedio Air Fashion Bluetooth Headset""></div>
    <div class=""columns large-6 medium-12 left mart-30"">
      <h4>Superior Sound</h4>
      <p>This wireless headset by Bluedio is built in with a 24bit HD chip that helps deliver real Hi Fi surround sound. You get a deep bass, high range, and natural vocals, which together provide the ultimate audio experience. The headset comes with a 57mm driver unit that delivers high end audio output.</p>
    </div>
  </div>
  <div class=""row mart-10"">
    <div class=""columns large-6 medium-12 left""><img src=""http://souqcms.s3.amazonaws.com/spring/images/2016/Bluedio/Bluedio-Air-Fashion-Bluetooth-Headset/feature-2.jpg"" alt=""Bluedio Air Fashion Bluetooth Headset""></div>
    <div class=""columns large-6 medium-12 right mart-30"">
      <h4>Comfort First</h4>
      <p>The Bluetooth Music Headset is sturdy enough to handle your rigorous lifestyle without wilting. Its headband is made out of high toughness PC material with soft PU Leather cover. It's highly flexible and can also be folded. This on ear headset has soft memory sponge fillings that ensure complete comfort during prolonged listing hours. This, in turn, facilitates a comfortable and customized fit.</p>
    </div>
  </div>
  <div class=""row mart-10"">
    <div class=""columns large-6 medium-12 right""><img src=""http://souqcms.s3.amazonaws.com/spring/images/2016/Bluedio/Bluedio-Air-Fashion-Bluetooth-Headset/feature-3-en.jpg"" alt=""Bluedio Air Fashion Bluetooth Headset""></div>
    <div class=""columns large-6 medium-12 left mart-30"">
      <h4>Button Remote and Mic</h4>
      <p>Offering complete convenience while traveling is the intelligent control audio cable, which has an anti winding wire. It adopts acoustic echo cancelation, a technology that helps cancel echo and deliver clear calls. This control cable also lets you play or pause music with just a single click.</p>
    </div>
  </div>
</div>","<div class=""container columns"">
  <div class=""row"">
    <div class=""columns medium-12"">
      <p>Sporting a stylish look, foldable headband, soft ear pads, and a Bluetooth 4.1 chip, the Bluedio Air Fashion Bluetooth Headset is here to deliver big sound! This headset is a combination of performance, style, and convenience. It has an ergonomic design, soft PU leather cover, and comfy ear pillows that offer utmost comfort for prolonged listening. In addition to the high quality music, this Bluedio Bluetooth headset also lets you answer calls hands free while on the go via its Intelligent Control Audio cable. It also enables you to pause and play music with the click of a button. The Bluedio Air Fashion Bluetooth Headset sports a stylish white color with colorful geometric figures. With a long runtime of 1100 hours, the Bluedio headset reviews are bound to be favorable.</p>
    </div>
  </div>
  <div class=""row"">
    <div class=""columns medium-12"">
      <h4><b>Key Features</b></h4>
      <div class=""row kf-en"">
        <div class=""columns medium-6 small-12"">
          <div class=""row"">
            <p class=""medium-1 small-1 fi-bluetooth""></p>
            <p class=""medium-10 small-10"">Bluetooth</p>
          </div>
          <div class=""row"">
            <p class=""medium-1 small-1 fi-info""></p>
            <p class=""medium-10 small-10"">Frequency response: 15Hz~25KHz</p>
          </div>
        </div>
        <div class=""columns medium-6 small-12"">
          <div class=""row"">
            <p class=""medium-1 small-1 fi-usb""></p>
            <p class=""medium-10 small-10"">Micro USB</p>
          </div>
          <div class=""row"">
            <p class=""medium-1 small-1 fi-info""></p>
            <p class=""medium-10 small-10"">Sensitivity: 110dB</p>
          </div>
        </div>
      </div>
    </div>
  </div>
  <div class=""row mart-10"">
    <div class=""columns large-6 medium-12 right""><img src=""http://souqcms.s3.amazonaws.com/spring/images/2016/Bluedio/Bluedio-Air-Fashion-Bluetooth-Headset/feature-1.jpg"" alt=""Bluedio Air Fashion Bluetooth Headset""></div>
    <div class=""columns large-6 medium-12 left mart-30"">
      <h4>Superior Sound</h4>
      <p>This wireless headset by Bluedio is built in with a 24bit HD chip that helps deliver real Hi Fi surround sound. You get a deep bass, high range, and natural vocals, which together provide the ultimate audio experience. The headset comes with a 57mm driver unit that delivers high end audio output.</p>
    </div>
  </div>
  <div class=""row mart-10"">
    <div class=""columns large-6 medium-12 left""><img src=""http://souqcms.s3.amazonaws.com/spring/images/2016/Bluedio/Bluedio-Air-Fashion-Bluetooth-Headset/feature-2.jpg"" alt=""Bluedio Air Fashion Bluetooth Headset""></div>
    <div class=""columns large-6 medium-12 right mart-30"">
      <h4>Comfort First</h4>
      <p>The Bluetooth Music Headset is sturdy enough to handle your rigorous lifestyle without wilting. Its headband is made out of high toughness PC material with soft PU Leather cover. It's highly flexible and can also be folded. This on ear headset has soft memory sponge fillings that ensure complete comfort during prolonged listing hours. This, in turn, facilitates a comfortable and customized fit.</p>
    </div>
  </div>
  <div class=""row mart-10"">
    <div class=""columns large-6 medium-12 right""><img src=""http://souqcms.s3.amazonaws.com/spring/images/2016/Bluedio/Bluedio-Air-Fashion-Bluetooth-Headset/feature-3-en.jpg"" alt=""Bluedio Air Fashion Bluetooth Headset""></div>
    <div class=""columns large-6 medium-12 left mart-30"">
      <h4>Button Remote and Mic</h4>
      <p>Offering complete convenience while traveling is the intelligent control audio cable, which has an anti winding wire. It adopts acoustic echo cancelation, a technology that helps cancel echo and deliver clear calls. This control cable also lets you play or pause music with just a single click.</p>
    </div>
  </div>
</div>
Color:White
Model Number: AW
Connectivity:Wireless
Compatible with: All
Type: Over Ear"
Electronics,Headphones & Headsets,B00WV701RC,B00WV701RC,Enable,Black Bluedio N2 Wireless Bluetooth V4.1 Earphone HIFI Headphone Sport Stereo Headset Support Voice Prompt Answer Phone Muti-point,0,0,Bluedio,1000,89,89,89,89,89,"<div>Color:Black</div><div>Specification :</div><div><br></div><div>-Bluetooth version: V 4.1</div><div>-Protocol: A2DP, AVRCP, HSP, HFP</div><div>-Frequency range: 2.4 GHz-2.48 GHz</div><div>-Operating distance: up to 10 m ( free space )</div><div>-Talk / Play time: approx. 5 hours</div><div>-Standby time: up to 180 hours</div><div>-Charging time: about 2 hours</div><div>-Connection range: up to 10 meters</div><div><br></div><div>Package include:</div><div><br></div><div>-1* N2 headset</div><div>-1* USB charging cable</div><div>-1* User manual</div><div>-3* Pair of ear buds</div>","<div>Color:Black</div><div>Specification :</div><div><br></div><div>-Bluetooth version: V 4.1</div><div>-Protocol: A2DP, AVRCP, HSP, HFP</div><div>-Frequency range: 2.4 GHz-2.48 GHz</div><div>-Operating distance: up to 10 m ( free space )</div><div>-Talk / Play time: approx. 5 hours</div><div>-Standby time: up to 180 hours</div><div>-Charging time: about 2 hours</div><div>-Connection range: up to 10 meters</div><div><br></div><div>Package include:</div><div><br></div><div>-1* N2 headset</div><div>-1* USB charging cable</div><div>-1* User manual</div><div>-3* Pair of ear buds</div>
Color:Black
Model Number: B00WV701RC
Connectivity:Wireless
Compatible with: Mobile Phones
Type: In Ear"
Electronics,Headphones & Headsets,B01MCTEY21,B01MCTEY21,Enable,"Bluedio TE Bluetooth 4.1 Wireless Sports Headphones, Sweatproof Running Earbuds with Mic(Black)",0,0,Bluedio,1000,95,95,95,95,95,"Bluetooth version: 4.1&nbsp;Bluetooth transmission frequency: 2.4GHz to 2.48GHz&nbsp;Bluetooth operating range: up to 33 feet (free space)&nbsp;Bluetooth profiles: A2DP, AVRCP, HSP, HFP&nbsp;Frequency response: 20Hz-20,000Hz&nbsp;Standby time: about 120 hours&nbsp;Bluetooth music/talk time: about 4 hours&nbsp;Charging time: about 2 hours&nbsp;Operating temperature: -10 to 50&nbsp;Input voltage/current: 5V/0.1A&nbsp;Output power: 6mW + 6mW&nbsp;Headphones dimensions: 25*30*21mm&nbsp;Package dimensions: 108*147*54mm&nbsp;Headphones weight: 16g&nbsp;Package weight:250g&nbsp;","Bluetooth version: 4.1&nbsp;Bluetooth transmission frequency: 2.4GHz to 2.48GHz&nbsp;Bluetooth operating range: up to 33 feet (free space)&nbsp;Bluetooth profiles: A2DP, AVRCP, HSP, HFP&nbsp;Frequency response: 20Hz-20,000Hz&nbsp;Standby time: about 120 hours&nbsp;Bluetooth music/talk time: about 4 hours&nbsp;Charging time: about 2 hours&nbsp;Operating temperature: -10 to 50&nbsp;Input voltage/current: 5V/0.1A&nbsp;Output power: 6mW + 6mW&nbsp;Headphones dimensions: 25*30*21mm&nbsp;Package dimensions: 108*147*54mm&nbsp;Headphones weight: 16g&nbsp;Package weight:250g&nbsp;
Compatible with #5705All
Type: In Ear"
Electronics,Smart Watches,B13,B13,Enable,"Illimite Smart Watch Resin Band For Android & iOS , Black - B13",0,0,illimite,1000,55,55,55,55,55,<br><br/><ul><li>       </li><li>         </li><li>     </li><li>        </li><li>    USB</li></ul>,"<br><br/><ul><li>       </li><li>         </li><li>     </li><li>        </li><li>    USB</li></ul>
Color: Black
RAM Size: 1
Operating System: Other
SIM card support: No
With Camera: 
Band Material: Resin
Compatible Operating Systems : Android & iOS"
Electronics,Headphones & Headsets,B21,B21,Enable,"In Ear Headset for Kids , Multi color",0,0,Other,1000,22,22,22,22,22,"<ul><br><li>Soft earbud fits for PC notebook, desktop, Mp3, Mp4 player etc.</li><br><li>5mm audio device</li><br><li>This 3.5mm earbud fits all 3.5mm earphone jacks and delivers great sound</li><br><li>The earbud fits your pocket, purse or backpack</li><br><br><li>Package Includes: 1 * Earphone</li><br></ul>","<ul><br><li>Soft earbud fits for PC notebook, desktop, Mp3, Mp4 player etc.</li><br><li>5mm audio device</li><br><li>This 3.5mm earbud fits all 3.5mm earphone jacks and delivers great sound</li><br><li>The earbud fits your pocket, purse or backpack</li><br><br><li>Package Includes: 1 * Earphone</li><br></ul>
Compatible with #5705MP3 Players
Type #5935In Ear"
Electronics,Headphones & Headsets,B3300,B3300,Enable,one EWoopower Wireless Bluetooth headset 4.1 Stereo bluetooth headphone for ios android,0,0,Other,1000,68,68,68,68,68,"<p style=""box-sizing: content-box; margin: 0px; padding: 0px; border: 0px; font-style: normal; font-variant-ligatures: normal; font-variant-caps: normal; font-variant-numeric: inherit; font-weight: normal; font-stretch: inherit; font-size: 14px; line-height: inherit; font-family: &quot;times new roman&quot;; vertical-align: baseline; color: rgb(0, 0, 0); letter-spacing: normal; orphans: 2; text-align: start; text-indent: 0px; text-transform: none; white-space: normal; widows: 2; word-spacing: 0px; -webkit-text-stroke-width: 0px; background-color: rgb(255, 255, 255);"">Item Type: Bluetooth Earphones</p><p style=""box-sizing: content-box; margin: 0px; padding: 0px; border: 0px; font-style: normal; font-variant-ligatures: normal; font-variant-caps: normal; font-variant-numeric: inherit; font-weight: normal; font-stretch: inherit; font-size: 14px; line-height: inherit; font-family: &quot;times new roman&quot;; vertical-align: baseline; color: rgb(0, 0, 0); letter-spacing: normal; orphans: 2; text-align: start; text-indent: 0px; text-transform: none; white-space: normal; widows: 2; word-spacing: 0px; -webkit-text-stroke-width: 0px; background-color: rgb(255, 255, 255);"">Functions: Play Music, Answer Calls</p><p style=""box-sizing: content-box; margin: 0px; padding: 0px; border: 0px; font-style: normal; font-variant-ligatures: normal; font-variant-caps: normal; font-variant-numeric: inherit; font-weight: normal; font-stretch: inherit; font-size: 14px; line-height: inherit; font-family: &quot;times new roman&quot;; vertical-align: baseline; color: rgb(0, 0, 0); letter-spacing: normal; orphans: 2; text-align: start; text-indent: 0px; text-transform: none; white-space: normal; widows: 2; word-spacing: 0px; -webkit-text-stroke-width: 0px; background-color: rgb(255, 255, 255);"">Style: Business</p><p style=""box-sizing: content-box; margin: 0px; padding: 0px; border: 0px; font-style: normal; font-variant-ligatures: normal; font-variant-caps: normal; font-variant-numeric: inherit; font-weight: normal; font-stretch: inherit; font-size: 14px; line-height: inherit; font-family: &quot;times new roman&quot;; vertical-align: baseline; color: rgb(0, 0, 0); letter-spacing: normal; orphans: 2; text-align: start; text-indent: 0px; text-transform: none; white-space: normal; widows: 2; word-spacing: 0px; -webkit-text-stroke-width: 0px; background-color: rgb(255, 255, 255);"">Material: Plastic</p><p style=""box-sizing: content-box; margin: 0px; padding: 0px; border: 0px; font-style: normal; font-variant-ligatures: normal; font-variant-caps: normal; font-variant-numeric: inherit; font-weight: normal; font-stretch: inherit; font-size: 14px; line-height: inherit; font-family: &quot;times new roman&quot;; vertical-align: baseline; color: rgb(0, 0, 0); letter-spacing: normal; orphans: 2; text-align: start; text-indent: 0px; text-transform: none; white-space: normal; widows: 2; word-spacing: 0px; -webkit-text-stroke-width: 0px; background-color: rgb(255, 255, 255);"">Gender: Unisex</p><p style=""box-sizing: content-box; margin: 0px; padding: 0px; border: 0px; font-style: normal; font-variant-ligatures: normal; font-variant-caps: normal; font-variant-numeric: inherit; font-weight: normal; font-stretch: inherit; font-size: 14px; line-height: inherit; font-family: &quot;times new roman&quot;; vertical-align: baseline; color: rgb(0, 0, 0); letter-spacing: normal; orphans: 2; text-align: start; text-indent: 0px; text-transform: none; white-space: normal; widows: 2; word-spacing: 0px; -webkit-text-stroke-width: 0px; background-color: rgb(255, 255, 255);"">Usage Mode: In Ear</p><p style=""box-sizing: content-box; margin: 0px; padding: 0px; border: 0px; font-style: normal; font-variant-ligatures: normal; font-variant-caps: normal; font-variant-numeric: inherit; font-weight: normal; font-stretch: inherit; font-size: 14px; line-height: inherit; font-family: &quot;times new roman&quot;; vertical-align: baseline; color: rgb(0, 0, 0); letter-spacing: normal; orphans: 2; text-align: start; text-indent: 0px; text-transform: none; white-space: normal; widows: 2; word-spacing: 0px; -webkit-text-stroke-width: 0px; background-color: rgb(255, 255, 255);"">Power Supply: DC5V/100mAh Battery</p><p style=""box-sizing: content-box; margin: 0px; padding: 0px; border: 0px; font-style: normal; font-variant-ligatures: normal; font-variant-caps: normal; font-variant-numeric: inherit; font-weight: normal; font-stretch: inherit; font-size: 14px; line-height: inherit; font-family: &quot;times new roman&quot;; vertical-align: baseline; color: rgb(0, 0, 0); letter-spacing: normal; orphans: 2; text-align: start; text-indent: 0px; text-transform: none; white-space: normal; widows: 2; word-spacing: 0px; -webkit-text-stroke-width: 0px; background-color: rgb(255, 255, 255);"">Operating Distance: 10m</p><p style=""box-sizing: content-box; margin: 0px; padding: 0px; border: 0px; font-style: normal; font-variant-ligatures: normal; font-variant-caps: normal; font-variant-numeric: inherit; font-weight: normal; font-stretch: inherit; font-size: 14px; line-height: inherit; font-family: &quot;times new roman&quot;; vertical-align: baseline; color: rgb(0, 0, 0); letter-spacing: normal; orphans: 2; text-align: start; text-indent: 0px; text-transform: none; white-space: normal; widows: 2; word-spacing: 0px; -webkit-text-stroke-width: 0px; background-color: rgb(255, 255, 255);"">Interface: Micro USB</p><p style=""box-sizing: content-box; margin: 0px; padding: 0px; border: 0px; font-style: normal; font-variant-ligatures: normal; font-variant-caps: normal; font-variant-numeric: inherit; font-weight: normal; font-stretch: inherit; font-size: 14px; line-height: inherit; font-family: &quot;times new roman&quot;; vertical-align: baseline; color: rgb(0, 0, 0); letter-spacing: normal; orphans: 2; text-align: start; text-indent: 0px; text-transform: none; white-space: normal; widows: 2; word-spacing: 0px; -webkit-text-stroke-width: 0px; background-color: rgb(255, 255, 255);"">Vocal Track: Stereo</p><p style=""box-sizing: content-box; margin: 0px; padding: 0px; border: 0px; font-style: normal; font-variant-ligatures: normal; font-variant-caps: normal; font-variant-numeric: inherit; font-weight: normal; font-stretch: inherit; font-size: 14px; line-height: inherit; font-family: &quot;times new roman&quot;; vertical-align: baseline; color: rgb(0, 0, 0); letter-spacing: normal; orphans: 2; text-align: start; text-indent: 0px; text-transform: none; white-space: normal; widows: 2; word-spacing: 0px; -webkit-text-stroke-width: 0px; background-color: rgb(255, 255, 255);"">Bluetooth Protocol: 4.1 EDR</p><p style=""box-sizing: content-box; margin: 0px; padding: 0px; border: 0px; font-style: normal; font-variant-ligatures: normal; font-variant-caps: normal; font-variant-numeric: inherit; font-weight: normal; font-stretch: inherit; font-size: 14px; line-height: inherit; font-family: &quot;times new roman&quot;; vertical-align: baseline; color: rgb(0, 0, 0); letter-spacing: normal; orphans: 2; text-align: start; text-indent: 0px; text-transform: none; white-space: normal; widows: 2; word-spacing: 0px; -webkit-text-stroke-width: 0px; background-color: rgb(255, 255, 255);"">Bluetooth Protocol: A2DP, AVRCP</p><p style=""box-sizing: content-box; margin: 0px; padding: 0px; border: 0px; font-style: normal; font-variant-ligatures: normal; font-variant-caps: normal; font-variant-numeric: inherit; font-weight: normal; font-stretch: inherit; font-size: 14px; line-height: inherit; font-family: &quot;times new roman&quot;; vertical-align: baseline; color: rgb(0, 0, 0); letter-spacing: normal; orphans: 2; text-align: start; text-indent: 0px; text-transform: none; white-space: normal; widows: 2; word-spacing: 0px; -webkit-text-stroke-width: 0px; background-color: rgb(255, 255, 255);"">Rx Sensitivity: -9dBm</p><p style=""box-sizing: content-box; margin: 0px; padding: 0px; border: 0px; font-style: normal; font-variant-ligatures: normal; font-variant-caps: normal; font-variant-numeric: inherit; font-weight: normal; font-stretch: inherit; font-size: 14px; line-height: inherit; font-family: &quot;times new roman&quot;; vertical-align: baseline; color: rgb(0, 0, 0); letter-spacing: normal; orphans: 2; text-align: start; text-indent: 0px; text-transform: none; white-space: normal; widows: 2; word-spacing: 0px; -webkit-text-stroke-width: 0px; background-color: rgb(255, 255, 255);"">TX Output Power Capability:  92dBm</p><p style=""box-sizing: content-box; margin: 0px; padding: 0px; border: 0px; font-style: normal; font-variant-ligatures: normal; font-variant-caps: normal; font-variant-numeric: inherit; font-weight: normal; font-stretch: inherit; font-size: 14px; line-height: inherit; font-family: &quot;times new roman&quot;; vertical-align: baseline; color: rgb(0, 0, 0); letter-spacing: normal; orphans: 2; text-align: start; text-indent: 0px; text-transform: none; white-space: normal; widows: 2; word-spacing: 0px; -webkit-text-stroke-width: 0px; background-color: rgb(255, 255, 255);"">SNR: -98dB</p>one EWoopower Wireless Bluetooth headset 4.1 Stereo bluetooth headphone for ios android","<p style=""box-sizing: content-box; margin: 0px; padding: 0px; border: 0px; font-style: normal; font-variant-ligatures: normal; font-variant-caps: normal; font-variant-numeric: inherit; font-weight: normal; font-stretch: inherit; font-size: 14px; line-height: inherit; font-family: &quot;times new roman&quot;; vertical-align: baseline; color: rgb(0, 0, 0); letter-spacing: normal; orphans: 2; text-align: start; text-indent: 0px; text-transform: none; white-space: normal; widows: 2; word-spacing: 0px; -webkit-text-stroke-width: 0px; background-color: rgb(255, 255, 255);"">Item Type: Bluetooth Earphones</p><p style=""box-sizing: content-box; margin: 0px; padding: 0px; border: 0px; font-style: normal; font-variant-ligatures: normal; font-variant-caps: normal; font-variant-numeric: inherit; font-weight: normal; font-stretch: inherit; font-size: 14px; line-height: inherit; font-family: &quot;times new roman&quot;; vertical-align: baseline; color: rgb(0, 0, 0); letter-spacing: normal; orphans: 2; text-align: start; text-indent: 0px; text-transform: none; white-space: normal; widows: 2; word-spacing: 0px; -webkit-text-stroke-width: 0px; background-color: rgb(255, 255, 255);"">Functions: Play Music, Answer Calls</p><p style=""box-sizing: content-box; margin: 0px; padding: 0px; border: 0px; font-style: normal; font-variant-ligatures: normal; font-variant-caps: normal; font-variant-numeric: inherit; font-weight: normal; font-stretch: inherit; font-size: 14px; line-height: inherit; font-family: &quot;times new roman&quot;; vertical-align: baseline; color: rgb(0, 0, 0); letter-spacing: normal; orphans: 2; text-align: start; text-indent: 0px; text-transform: none; white-space: normal; widows: 2; word-spacing: 0px; -webkit-text-stroke-width: 0px; background-color: rgb(255, 255, 255);"">Style: Business</p><p style=""box-sizing: content-box; margin: 0px; padding: 0px; border: 0px; font-style: normal; font-variant-ligatures: normal; font-variant-caps: normal; font-variant-numeric: inherit; font-weight: normal; font-stretch: inherit; font-size: 14px; line-height: inherit; font-family: &quot;times new roman&quot;; vertical-align: baseline; color: rgb(0, 0, 0); letter-spacing: normal; orphans: 2; text-align: start; text-indent: 0px; text-transform: none; white-space: normal; widows: 2; word-spacing: 0px; -webkit-text-stroke-width: 0px; background-color: rgb(255, 255, 255);"">Material: Plastic</p><p style=""box-sizing: content-box; margin: 0px; padding: 0px; border: 0px; font-style: normal; font-variant-ligatures: normal; font-variant-caps: normal; font-variant-numeric: inherit; font-weight: normal; font-stretch: inherit; font-size: 14px; line-height: inherit; font-family: &quot;times new roman&quot;; vertical-align: baseline; color: rgb(0, 0, 0); letter-spacing: normal; orphans: 2; text-align: start; text-indent: 0px; text-transform: none; white-space: normal; widows: 2; word-spacing: 0px; -webkit-text-stroke-width: 0px; background-color: rgb(255, 255, 255);"">Gender: Unisex</p><p style=""box-sizing: content-box; margin: 0px; padding: 0px; border: 0px; font-style: normal; font-variant-ligatures: normal; font-variant-caps: normal; font-variant-numeric: inherit; font-weight: normal; font-stretch: inherit; font-size: 14px; line-height: inherit; font-family: &quot;times new roman&quot;; vertical-align: baseline; color: rgb(0, 0, 0); letter-spacing: normal; orphans: 2; text-align: start; text-indent: 0px; text-transform: none; white-space: normal; widows: 2; word-spacing: 0px; -webkit-text-stroke-width: 0px; background-color: rgb(255, 255, 255);"">Usage Mode: In Ear</p><p style=""box-sizing: content-box; margin: 0px; padding: 0px; border: 0px; font-style: normal; font-variant-ligatures: normal; font-variant-caps: normal; font-variant-numeric: inherit; font-weight: normal; font-stretch: inherit; font-size: 14px; line-height: inherit; font-family: &quot;times new roman&quot;; vertical-align: baseline; color: rgb(0, 0, 0); letter-spacing: normal; orphans: 2; text-align: start; text-indent: 0px; text-transform: none; white-space: normal; widows: 2; word-spacing: 0px; -webkit-text-stroke-width: 0px; background-color: rgb(255, 255, 255);"">Power Supply: DC5V/100mAh Battery</p><p style=""box-sizing: content-box; margin: 0px; padding: 0px; border: 0px; font-style: normal; font-variant-ligatures: normal; font-variant-caps: normal; font-variant-numeric: inherit; font-weight: normal; font-stretch: inherit; font-size: 14px; line-height: inherit; font-family: &quot;times new roman&quot;; vertical-align: baseline; color: rgb(0, 0, 0); letter-spacing: normal; orphans: 2; text-align: start; text-indent: 0px; text-transform: none; white-space: normal; widows: 2; word-spacing: 0px; -webkit-text-stroke-width: 0px; background-color: rgb(255, 255, 255);"">Operating Distance: 10m</p><p style=""box-sizing: content-box; margin: 0px; padding: 0px; border: 0px; font-style: normal; font-variant-ligatures: normal; font-variant-caps: normal; font-variant-numeric: inherit; font-weight: normal; font-stretch: inherit; font-size: 14px; line-height: inherit; font-family: &quot;times new roman&quot;; vertical-align: baseline; color: rgb(0, 0, 0); letter-spacing: normal; orphans: 2; text-align: start; text-indent: 0px; text-transform: none; white-space: normal; widows: 2; word-spacing: 0px; -webkit-text-stroke-width: 0px; background-color: rgb(255, 255, 255);"">Interface: Micro USB</p><p style=""box-sizing: content-box; margin: 0px; padding: 0px; border: 0px; font-style: normal; font-variant-ligatures: normal; font-variant-caps: normal; font-variant-numeric: inherit; font-weight: normal; font-stretch: inherit; font-size: 14px; line-height: inherit; font-family: &quot;times new roman&quot;; vertical-align: baseline; color: rgb(0, 0, 0); letter-spacing: normal; orphans: 2; text-align: start; text-indent: 0px; text-transform: none; white-space: normal; widows: 2; word-spacing: 0px; -webkit-text-stroke-width: 0px; background-color: rgb(255, 255, 255);"">Vocal Track: Stereo</p><p style=""box-sizing: content-box; margin: 0px; padding: 0px; border: 0px; font-style: normal; font-variant-ligatures: normal; font-variant-caps: normal; font-variant-numeric: inherit; font-weight: normal; font-stretch: inherit; font-size: 14px; line-height: inherit; font-family: &quot;times new roman&quot;; vertical-align: baseline; color: rgb(0, 0, 0); letter-spacing: normal; orphans: 2; text-align: start; text-indent: 0px; text-transform: none; white-space: normal; widows: 2; word-spacing: 0px; -webkit-text-stroke-width: 0px; background-color: rgb(255, 255, 255);"">Bluetooth Protocol: 4.1 EDR</p><p style=""box-sizing: content-box; margin: 0px; padding: 0px; border: 0px; font-style: normal; font-variant-ligatures: normal; font-variant-caps: normal; font-variant-numeric: inherit; font-weight: normal; font-stretch: inherit; font-size: 14px; line-height: inherit; font-family: &quot;times new roman&quot;; vertical-align: baseline; color: rgb(0, 0, 0); letter-spacing: normal; orphans: 2; text-align: start; text-indent: 0px; text-transform: none; white-space: normal; widows: 2; word-spacing: 0px; -webkit-text-stroke-width: 0px; background-color: rgb(255, 255, 255);"">Bluetooth Protocol: A2DP, AVRCP</p><p style=""box-sizing: content-box; margin: 0px; padding: 0px; border: 0px; font-style: normal; font-variant-ligatures: normal; font-variant-caps: normal; font-variant-numeric: inherit; font-weight: normal; font-stretch: inherit; font-size: 14px; line-height: inherit; font-family: &quot;times new roman&quot;; vertical-align: baseline; color: rgb(0, 0, 0); letter-spacing: normal; orphans: 2; text-align: start; text-indent: 0px; text-transform: none; white-space: normal; widows: 2; word-spacing: 0px; -webkit-text-stroke-width: 0px; background-color: rgb(255, 255, 255);"">Rx Sensitivity: -9dBm</p><p style=""box-sizing: content-box; margin: 0px; padding: 0px; border: 0px; font-style: normal; font-variant-ligatures: normal; font-variant-caps: normal; font-variant-numeric: inherit; font-weight: normal; font-stretch: inherit; font-size: 14px; line-height: inherit; font-family: &quot;times new roman&quot;; vertical-align: baseline; color: rgb(0, 0, 0); letter-spacing: normal; orphans: 2; text-align: start; text-indent: 0px; text-transform: none; white-space: normal; widows: 2; word-spacing: 0px; -webkit-text-stroke-width: 0px; background-color: rgb(255, 255, 255);"">TX Output Power Capability:  92dBm</p><p style=""box-sizing: content-box; margin: 0px; padding: 0px; border: 0px; font-style: normal; font-variant-ligatures: normal; font-variant-caps: normal; font-variant-numeric: inherit; font-weight: normal; font-stretch: inherit; font-size: 14px; line-height: inherit; font-family: &quot;times new roman&quot;; vertical-align: baseline; color: rgb(0, 0, 0); letter-spacing: normal; orphans: 2; text-align: start; text-indent: 0px; text-transform: none; white-space: normal; widows: 2; word-spacing: 0px; -webkit-text-stroke-width: 0px; background-color: rgb(255, 255, 255);"">SNR: -98dB</p>one EWoopower Wireless Bluetooth headset 4.1 Stereo bluetooth headphone for ios android
Compatible with: Mobile Phones
Type: In Ear"
Electronics,Headphones & Headsets,BH503,BH503,Enable,"BH503 Universal Bluetooth Headset for Smartphones, Black",0,0,Margoun,1000,49,49,49,49,49,"<br />
<b>Product Features:</b><br />
<br />
<ul>
<li>Universal Bluetooth that can play music for all mobiles and computers</li>
<li>Enjoy high-quality stereo sound streamed from your compatible phone</li>
<li>Stay comfortably in style with over the ear design and an easygoing neckband Stay comfortably in style with over the ear design and an easygoing neckband</li>
<li> Control the music player and manage your calls with the media keys Control the music player and manage your calls with the media keys</li>
<li>Save time with fast charging Save time with fast charging</li>
<li>Compatible with: PC, Apple iPhone, Samsung, HTC, Nokia, Sony and Blackberry</li>
</ul>

<p><br />
</p>

<b>Product Specifications:</b><p><br />
</p>

<ul>
<li>Dimensions 150 x 75 x 155mm</li>
<li>Weight 70g</li>
<li>Talk Time up to 11 hours</li>
<li>Standby Time up to 210 hours</li>
<li>Operating temperature: -15C up to 55C</li>
<li>Operating range: 10m</li>
<li>Charging 1 hour </li>
</ul>","<br />
<b>Product Features:</b><br />
<br />
<ul>
<li>Universal Bluetooth that can play music for all mobiles and computers</li>
<li>Enjoy high-quality stereo sound streamed from your compatible phone</li>
<li>Stay comfortably in style with over the ear design and an easygoing neckband Stay comfortably in style with over the ear design and an easygoing neckband</li>
<li> Control the music player and manage your calls with the media keys Control the music player and manage your calls with the media keys</li>
<li>Save time with fast charging Save time with fast charging</li>
<li>Compatible with: PC, Apple iPhone, Samsung, HTC, Nokia, Sony and Blackberry</li>
</ul>

<p><br />
</p>

<b>Product Specifications:</b><p><br />
</p>

<ul>
<li>Dimensions 150 x 75 x 155mm</li>
<li>Weight 70g</li>
<li>Talk Time up to 11 hours</li>
<li>Standby Time up to 210 hours</li>
<li>Operating temperature: -15C up to 55C</li>
<li>Operating range: 10m</li>
<li>Charging 1 hour </li>
</ul>
Color:Black
Model Number: -
Connectivity:-
Compatible with: Mobile Phones
Type: On Ear"
Electronics,Cables,BL-06,BL06,Enable,"3.5mm To 3.5 mm Audio Aux Cable, MP3, iphone, ipad, ipod, Samsung, Sony, Htc, Universal (BL-06)",0,0,Other,1000,15,15,15,15,15,"<p><span><span></span></span><span>It is ease to use. It is compatible with
iphone ,ipod. It also work with all other mp3 player and any mulitmedia player
with 3.5mm male plug.It isused to connect your iPhone to any audio
player with 3.5mm jack.Easy to plug and play.</span></p>

<p><strong><span>Product Specification:</span></strong><span></span></p>

<p><span><span><span>Connectors:<span><span></span>3.5mm jack to 3.5mm
jack (male to male)</span></span></span><span></span></span></p>

<p><span><span><span>Weight:
20g</span></span></span><span></span></p>

<p><span><span><span>Diameter</span><span>: 2.0mm</span></span></span><span></span></p>



<p><span><span><span><span><span>Cable:</span><span><span></span>3</span><span><span></span>core
wire</span></span></span><span></span></span></span></p>



<p><span><span><span><span><span><span>Function</span>:<span>conversion function, extension function</span></span></span><span></span></span></span></span></p>","<p><span><span></span></span><span>It is ease to use. It is compatible with
iphone ,ipod. It also work with all other mp3 player and any mulitmedia player
with 3.5mm male plug.It isused to connect your iPhone to any audio
player with 3.5mm jack.Easy to plug and play.</span></p>

<p><strong><span>Product Specification:</span></strong><span></span></p>

<p><span><span><span>Connectors:<span><span></span>3.5mm jack to 3.5mm
jack (male to male)</span></span></span><span></span></span></p>

<p><span><span><span>Weight:
20g</span></span></span><span></span></p>

<p><span><span><span>Diameter</span><span>: 2.0mm</span></span></span><span></span></p>



<p><span><span><span><span><span>Cable:</span><span><span></span>3</span><span><span></span>core
wire</span></span></span><span></span></span></span></p>



<p><span><span><span><span><span><span>Function</span>:<span>conversion function, extension function</span></span></span><span></span></span></span></span></p>
Type: Cables
Compatible with: Multi"
Electronics,Smart Watches,BLACK - 88B,BLACK88B,Enable,"Smart Watch Leather Band For Android & iOS , Black - 88b",0,0,Other,1000,279,279,279,279,279,"<br>






<!--[if gte mso 9]><xml>
 <o:OfficeDocumentSettings>
  <o:AllowPNG/>
  <o:PixelsPerInch>96</o:PixelsPerInch>
 </o:OfficeDocumentSettings>
</xml><![endif]-->

<!--[if gte mso 9]><xml>
 <w:WordDocument>
  <w:View>Normal</w:View>
  <w:Zoom>0</w:Zoom>
  <w:TrackMoves/>
  <w:TrackFormatting/>
  <w:PunctuationKerning/>
  <w:ValidateAgainstSchemas/>
  <w:SaveIfXMLInvalid>false</w:SaveIfXMLInvalid>
  <w:IgnoreMixedContent>false</w:IgnoreMixedContent>
  <w:AlwaysShowPlaceholderText>false</w:AlwaysShowPlaceholderText>
  <w:DoNotPromoteQF/>
  <w:LidThemeOther>EN-US</w:LidThemeOther>
  <w:LidThemeAsian>X-NONE</w:LidThemeAsian>
  <w:LidThemeComplexScript>X-NONE</w:LidThemeComplexScript>
  <w:Compatibility>
   <w:BreakWrappedTables/>
   <w:SnapToGridInCell/>
   <w:WrapTextWithPunct/>
   <w:UseAsianBreakRules/>
   <w:DontGrowAutofit/>
   <w:SplitPgBreakAndParaMark/>
   <w:EnableOpenTypeKerning/>
   <w:DontFlipMirrorIndents/>
   <w:OverrideTableStyleHps/>
  </w:Compatibility>
  <m:mathPr>
   <m:mathFont m:val=""Cambria Math""/>
   <m:brkBin m:val=""before""/>
   <m:brkBinSub m:val=""&#45;-""/>
   <m:smallFrac m:val=""off""/>
   <m:dispDef/>
   <m:lMargin m:val=""0""/>
   <m:rMargin m:val=""0""/>
   <m:defJc m:val=""centerGroup""/>
   <m:wrapIndent m:val=""1440""/>
   <m:intLim m:val=""subSup""/>
   <m:naryLim m:val=""undOvr""/>
  </m:mathPr></w:WordDocument>
</xml><![endif]--><!--[if gte mso 9]><xml>
 <w:LatentStyles DefLockedState=""false"" DefUnhideWhenUsed=""false""
  DefSemiHidden=""false"" DefQFormat=""false"" DefPriority=""99""
  LatentStyleCount=""380"">
  <w:LsdException Locked=""false"" Priority=""0"" QFormat=""true"" Name=""Normal""/>
  <w:LsdException Locked=""false"" Priority=""9"" QFormat=""true"" Name=""heading 1""/>
  <w:LsdException Locked=""false"" Priority=""9"" SemiHidden=""true""
   UnhideWhenUsed=""true"" QFormat=""true"" Name=""heading 2""/>
  <w:LsdException Locked=""false"" Priority=""9"" SemiHidden=""true""
   UnhideWhenUsed=""true"" QFormat=""true"" Name=""heading 3""/>
  <w:LsdException Locked=""false"" Priority=""9"" SemiHidden=""true""
   UnhideWhenUsed=""true"" QFormat=""true"" Name=""heading 4""/>
  <w:LsdException Locked=""false"" Priority=""9"" SemiHidden=""true""
   UnhideWhenUsed=""true"" QFormat=""true"" Name=""heading 5""/>
  <w:LsdException Locked=""false"" Priority=""9"" SemiHidden=""true""
   UnhideWhenUsed=""true"" QFormat=""true"" Name=""heading 6""/>
  <w:LsdException Locked=""false"" Priority=""9"" SemiHidden=""true""
   UnhideWhenUsed=""true"" QFormat=""true"" Name=""heading 7""/>
  <w:LsdException Locked=""false"" Priority=""9"" SemiHidden=""true""
   UnhideWhenUsed=""true"" QFormat=""true"" Name=""heading 8""/>
  <w:LsdException Locked=""false"" Priority=""9"" SemiHidden=""true""
   UnhideWhenUsed=""true"" QFormat=""true"" Name=""heading 9""/>
  <w:LsdException Locked=""false"" SemiHidden=""true"" UnhideWhenUsed=""true""
   Name=""index 1""/>
  <w:LsdException Locked=""false"" SemiHidden=""true"" UnhideWhenUsed=""true""
   Name=""index 2""/>
  <w:LsdException Locked=""false"" SemiHidden=""true"" UnhideWhenUsed=""true""
   Name=""index 3""/>
  <w:LsdException Locked=""false"" SemiHidden=""true"" UnhideWhenUsed=""true""
   Name=""index 4""/>
  <w:LsdException Locked=""false"" SemiHidden=""true"" UnhideWhenUsed=""true""
   Name=""index 5""/>
  <w:LsdException Locked=""false"" SemiHidden=""true"" UnhideWhenUsed=""true""
   Name=""index 6""/>
  <w:LsdException Locked=""false"" SemiHidden=""true"" UnhideWhenUsed=""true""
   Name=""index 7""/>
  <w:LsdException Locked=""false"" SemiHidden=""true"" UnhideWhenUsed=""true""
   Name=""index 8""/>
  <w:LsdException Locked=""false"" SemiHidden=""true"" UnhideWhenUsed=""true""
   Name=""index 9""/>
  <w:LsdException Locked=""false"" Priority=""39"" SemiHidden=""true""
   UnhideWhenUsed=""true"" Name=""toc 1""/>
  <w:LsdException Locked=""false"" Priority=""39"" SemiHidden=""true""
   UnhideWhenUsed=""true"" Name=""toc 2""/>
  <w:LsdException Locked=""false"" Priority=""39"" SemiHidden=""true""
   UnhideWhenUsed=""true"" Name=""toc 3""/>
  <w:LsdException Locked=""false"" Priority=""39"" SemiHidden=""true""
   UnhideWhenUsed=""true"" Name=""toc 4""/>
  <w:LsdException Locked=""false"" Priority=""39"" SemiHidden=""true""
   UnhideWhenUsed=""true"" Name=""toc 5""/>
  <w:LsdException Locked=""false"" Priority=""39"" SemiHidden=""true""
   UnhideWhenUsed=""true"" Name=""toc 6""/>
  <w:LsdException Locked=""false"" Priority=""39"" SemiHidden=""true""
   UnhideWhenUsed=""true"" Name=""toc 7""/>
  <w:LsdException Locked=""false"" Priority=""39"" SemiHidden=""true""
   UnhideWhenUsed=""true"" Name=""toc 8""/>
  <w:LsdException Locked=""false"" Priority=""39"" SemiHidden=""true""
   UnhideWhenUsed=""true"" Name=""toc 9""/>
  <w:LsdException Locked=""false"" SemiHidden=""true"" UnhideWhenUsed=""true""
   Name=""Normal Indent""/>
  <w:LsdException Locked=""false"" SemiHidden=""true"" UnhideWhenUsed=""true""
   Name=""footnote text""/>
  <w:LsdException Locked=""false"" SemiHidden=""true"" UnhideWhenUsed=""true""
   Name=""annotation text""/>
  <w:LsdException Locked=""false"" SemiHidden=""true"" UnhideWhenUsed=""true""
   Name=""header""/>
  <w:LsdException Locked=""false"" SemiHidden=""true"" UnhideWhenUsed=""true""
   Name=""footer""/>
  <w:LsdException Locked=""false"" SemiHidden=""true"" UnhideWhenUsed=""true""
   Name=""index heading""/>
  <w:LsdException Locked=""false"" Priority=""35"" SemiHidden=""true""
   UnhideWhenUsed=""true"" QFormat=""true"" Name=""caption""/>
  <w:LsdException Locked=""false"" SemiHidden=""true"" UnhideWhenUsed=""true""
   Name=""table of figures""/>
  <w:LsdException Locked=""false"" SemiHidden=""true"" UnhideWhenUsed=""true""
   Name=""envelope address""/>
  <w:LsdException Locked=""false"" SemiHidden=""true"" UnhideWhenUsed=""true""
   Name=""envelope return""/>
  <w:LsdException Locked=""false"" SemiHidden=""true"" UnhideWhenUsed=""true""
   Name=""footnote reference""/>
  <w:LsdException Locked=""false"" SemiHidden=""true"" UnhideWhenUsed=""true""
   Name=""annotation reference""/>
  <w:LsdException Locked=""false"" SemiHidden=""true"" UnhideWhenUsed=""true""
   Name=""line number""/>
  <w:LsdException Locked=""false"" SemiHidden=""true"" UnhideWhenUsed=""true""
   Name=""page number""/>
  <w:LsdException Locked=""false"" SemiHidden=""true"" UnhideWhenUsed=""true""
   Name=""endnote reference""/>
  <w:LsdException Locked=""false"" SemiHidden=""true"" UnhideWhenUsed=""true""
   Name=""endnote text""/>
  <w:LsdException Locked=""false"" SemiHidden=""true"" UnhideWhenUsed=""true""
   Name=""table of authorities""/>
  <w:LsdException Locked=""false"" SemiHidden=""true"" UnhideWhenUsed=""true""
   Name=""macro""/>
  <w:LsdException Locked=""false"" SemiHidden=""true"" UnhideWhenUsed=""true""
   Name=""toa heading""/>
  <w:LsdException Locked=""false"" SemiHidden=""true"" UnhideWhenUsed=""true""
   Name=""List""/>
  <w:LsdException Locked=""false"" SemiHidden=""true"" UnhideWhenUsed=""true""
   Name=""List Bullet""/>
  <w:LsdException Locked=""false"" SemiHidden=""true"" UnhideWhenUsed=""true""
   Name=""List Number""/>
  <w:LsdException Locked=""false"" SemiHidden=""true"" UnhideWhenUsed=""true""
   Name=""List 2""/>
  <w:LsdException Locked=""false"" SemiHidden=""true"" UnhideWhenUsed=""true""
   Name=""List 3""/>
  <w:LsdException Locked=""false"" SemiHidden=""true"" UnhideWhenUsed=""true""
   Name=""List 4""/>
  <w:LsdException Locked=""false"" SemiHidden=""true"" UnhideWhenUsed=""true""
   Name=""List 5""/>
  <w:LsdException Locked=""false"" SemiHidden=""true"" UnhideWhenUsed=""true""
   Name=""List Bullet 2""/>
  <w:LsdException Locked=""false"" SemiHidden=""true"" UnhideWhenUsed=""true""
   Name=""List Bullet 3""/>
  <w:LsdException Locked=""false"" SemiHidden=""true"" UnhideWhenUsed=""true""
   Name=""List Bullet 4""/>
  <w:LsdException Locked=""false"" SemiHidden=""true"" UnhideWhenUsed=""true""
   Name=""List Bullet 5""/>
  <w:LsdException Locked=""false"" SemiHidden=""true"" UnhideWhenUsed=""true""
   Name=""List Number 2""/>
  <w:LsdException Locked=""false"" SemiHidden=""true"" UnhideWhenUsed=""true""
   Name=""List Number 3""/>
  <w:LsdException Locked=""false"" SemiHidden=""true"" UnhideWhenUsed=""true""
   Name=""List Number 4""/>
  <w:LsdException Locked=""false"" SemiHidden=""true"" UnhideWhenUsed=""true""
   Name=""List Number 5""/>
  <w:LsdException Locked=""false"" Priority=""10"" QFormat=""true"" Name=""Title""/>
  <w:LsdException Locked=""false"" SemiHidden=""true"" UnhideWhenUsed=""true""
   Name=""Closing""/>
  <w:LsdException Locked=""false"" SemiHidden=""true"" UnhideWhenUsed=""true""
   Name=""Signature""/>
  <w:LsdException Locked=""false"" Priority=""1"" SemiHidden=""true""
   UnhideWhenUsed=""true"" Name=""Default Paragraph Font""/>
  <w:LsdException Locked=""false"" SemiHidden=""true"" UnhideWhenUsed=""true""
   Name=""Body Text""/>
  <w:LsdException Locked=""false"" SemiHidden=""true"" UnhideWhenUsed=""true""
   Name=""Body Text Indent""/>
  <w:LsdException Locked=""false"" SemiHidden=""true"" UnhideWhenUsed=""true""
   Name=""List Continue""/>
  <w:LsdException Locked=""false"" SemiHidden=""true"" UnhideWhenUsed=""true""
   Name=""List Continue 2""/>
  <w:LsdException Locked=""false"" SemiHidden=""true"" UnhideWhenUsed=""true""
   Name=""List Continue 3""/>
  <w:LsdException Locked=""false"" SemiHidden=""true"" UnhideWhenUsed=""true""
   Name=""List Continue 4""/>
  <w:LsdException Locked=""false"" SemiHidden=""true"" UnhideWhenUsed=""true""
   Name=""List Continue 5""/>
  <w:LsdException Locked=""false"" SemiHidden=""true"" UnhideWhenUsed=""true""
   Name=""Message Header""/>
  <w:LsdException Locked=""false"" Priority=""11"" QFormat=""true"" Name=""Subtitle""/>
  <w:LsdException Locked=""false"" SemiHidden=""true"" UnhideWhenUsed=""true""
   Name=""Salutation""/>
  <w:LsdException Locked=""false"" SemiHidden=""true"" UnhideWhenUsed=""true""
   Name=""Date""/>
  <w:LsdException Locked=""false"" SemiHidden=""true"" UnhideWhenUsed=""true""
   Name=""Body Text First Indent""/>
  <w:LsdException Locked=""false"" SemiHidden=""true"" UnhideWhenUsed=""true""
   Name=""Body Text First Indent 2""/>
  <w:LsdException Locked=""false"" SemiHidden=""true"" UnhideWhenUsed=""true""
   Name=""Note Heading""/>
  <w:LsdException Locked=""false"" SemiHidden=""true"" UnhideWhenUsed=""true""
   Name=""Body Text 2""/>
  <w:LsdException Locked=""false"" SemiHidden=""true"" UnhideWhenUsed=""true""
   Name=""Body Text 3""/>
  <w:LsdException Locked=""false"" SemiHidden=""true"" UnhideWhenUsed=""true""
   Name=""Body Text Indent 2""/>
  <w:LsdException Locked=""false"" SemiHidden=""true"" UnhideWhenUsed=""true""
   Name=""Body Text Indent 3""/>
  <w:LsdException Locked=""false"" SemiHidden=""true"" UnhideWhenUsed=""true""
   Name=""Block Text""/>
  <w:LsdException Locked=""false"" SemiHidden=""true"" UnhideWhenUsed=""true""
   Name=""Hyperlink""/>
  <w:LsdException Locked=""false"" SemiHidden=""true"" UnhideWhenUsed=""true""
   Name=""FollowedHyperlink""/>
  <w:LsdException Locked=""false"" Priority=""22"" QFormat=""true"" Name=""Strong""/>
  <w:LsdException Locked=""false"" Priority=""20"" QFormat=""true"" Name=""Emphasis""/>
  <w:LsdException Locked=""false"" SemiHidden=""true"" UnhideWhenUsed=""true""
   Name=""Document Map""/>
  <w:LsdException Locked=""false"" SemiHidden=""true"" UnhideWhenUsed=""true""
   Name=""Plain Text""/>
  <w:LsdException Locked=""false"" SemiHidden=""true"" UnhideWhenUsed=""true""
   Name=""E-mail Signature""/>
  <w:LsdException Locked=""false"" SemiHidden=""true"" UnhideWhenUsed=""true""
   Name=""HTML Top of Form""/>
  <w:LsdException Locked=""false"" SemiHidden=""true"" UnhideWhenUsed=""true""
   Name=""HTML Bottom of Form""/>
  <w:LsdException Locked=""false"" SemiHidden=""true"" UnhideWhenUsed=""true""
   Name=""Normal (Web)""/>
  <w:LsdException Locked=""false"" SemiHidden=""true"" UnhideWhenUsed=""true""
   Name=""HTML Acronym""/>
  <w:LsdException Locked=""false"" SemiHidden=""true"" UnhideWhenUsed=""true""
   Name=""HTML Address""/>
  <w:LsdException Locked=""false"" SemiHidden=""true"" UnhideWhenUsed=""true""
   Name=""HTML Cite""/>
  <w:LsdException Locked=""false"" SemiHidden=""true"" UnhideWhenUsed=""true""
   Name=""HTML Code""/>
  <w:LsdException Locked=""false"" SemiHidden=""true"" UnhideWhenUsed=""true""
   Name=""HTML Definition""/>
  <w:LsdException Locked=""false"" SemiHidden=""true"" UnhideWhenUsed=""true""
   Name=""HTML Keyboard""/>
  <w:LsdException Locked=""false"" SemiHidden=""true"" UnhideWhenUsed=""true""
   Name=""HTML Preformatted""/>
  <w:LsdException Locked=""false"" SemiHidden=""true"" UnhideWhenUsed=""true""
   Name=""HTML Sample""/>
  <w:LsdException Locked=""false"" SemiHidden=""true"" UnhideWhenUsed=""true""
   Name=""HTML Typewriter""/>
  <w:LsdException Locked=""false"" SemiHidden=""true"" UnhideWhenUsed=""true""
   Name=""HTML Variable""/>
  <w:LsdException Locked=""false"" SemiHidden=""true"" UnhideWhenUsed=""true""
   Name=""Normal Table""/>
  <w:LsdException Locked=""false"" SemiHidden=""true"" UnhideWhenUsed=""true""
   Name=""annotation subject""/>
  <w:LsdException Locked=""false"" SemiHidden=""true"" UnhideWhenUsed=""true""
   Name=""No List""/>
  <w:LsdException Locked=""false"" SemiHidden=""true"" UnhideWhenUsed=""true""
   Name=""Outline List 1""/>
  <w:LsdException Locked=""false"" SemiHidden=""true"" UnhideWhenUsed=""true""
   Name=""Outline List 2""/>
  <w:LsdException Locked=""false"" SemiHidden=""true"" UnhideWhenUsed=""true""
   Name=""Outline List 3""/>
  <w:LsdException Locked=""false"" SemiHidden=""true"" UnhideWhenUsed=""true""
   Name=""Table Simple 1""/>
  <w:LsdException Locked=""false"" SemiHidden=""true"" UnhideWhenUsed=""true""
   Name=""Table Simple 2""/>
  <w:LsdException Locked=""false"" SemiHidden=""true"" UnhideWhenUsed=""true""
   Name=""Table Simple 3""/>
  <w:LsdException Locked=""false"" SemiHidden=""true"" UnhideWhenUsed=""true""
   Name=""Table Classic 1""/>
  <w:LsdException Locked=""false"" SemiHidden=""true"" UnhideWhenUsed=""true""
   Name=""Table Classic 2""/>
  <w:LsdException Locked=""false"" SemiHidden=""true"" UnhideWhenUsed=""true""
   Name=""Table Classic 3""/>
  <w:LsdException Locked=""false"" SemiHidden=""true"" UnhideWhenUsed=""true""
   Name=""Table Classic 4""/>
  <w:LsdException Locked=""false"" SemiHidden=""true"" UnhideWhenUsed=""true""
   Name=""Table Colorful 1""/>
  <w:LsdException Locked=""false"" SemiHidden=""true"" UnhideWhenUsed=""true""
   Name=""Table Colorful 2""/>
  <w:LsdException Locked=""false"" SemiHidden=""true"" UnhideWhenUsed=""true""
   Name=""Table Colorful 3""/>
  <w:LsdException Locked=""false"" SemiHidden=""true"" UnhideWhenUsed=""true""
   Name=""Table Columns 1""/>
  <w:LsdException Locked=""false"" SemiHidden=""true"" UnhideWhenUsed=""true""
   Name=""Table Columns 2""/>
  <w:LsdException Locked=""false"" SemiHidden=""true"" UnhideWhenUsed=""true""
   Name=""Table Columns 3""/>
  <w:LsdException Locked=""false"" SemiHidden=""true"" UnhideWhenUsed=""true""
   Name=""Table Columns 4""/>
  <w:LsdException Locked=""false"" SemiHidden=""true"" UnhideWhenUsed=""true""
   Name=""Table Columns 5""/>
  <w:LsdException Locked=""false"" SemiHidden=""true"" UnhideWhenUsed=""true""
   Name=""Table Grid 1""/>
  <w:LsdException Locked=""false"" SemiHidden=""true"" UnhideWhenUsed=""true""
   Name=""Table Grid 2""/>
  <w:LsdException Locked=""false"" SemiHidden=""true"" UnhideWhenUsed=""true""
   Name=""Table Grid 3""/>
  <w:LsdException Locked=""false"" SemiHidden=""true"" UnhideWhenUsed=""true""
   Name=""Table Grid 4""/>
  <w:LsdException Locked=""false"" SemiHidden=""true"" UnhideWhenUsed=""true""
   Name=""Table Grid 5""/>
  <w:LsdException Locked=""false"" SemiHidden=""true"" UnhideWhenUsed=""true""
   Name=""Table Grid 6""/>
  <w:LsdException Locked=""false"" SemiHidden=""true"" UnhideWhenUsed=""true""
   Name=""Table Grid 7""/>
  <w:LsdException Locked=""false"" SemiHidden=""true"" UnhideWhenUsed=""true""
   Name=""Table Grid 8""/>
  <w:LsdException Locked=""false"" SemiHidden=""true"" UnhideWhenUsed=""true""
   Name=""Table List 1""/>
  <w:LsdException Locked=""false"" SemiHidden=""true"" UnhideWhenUsed=""true""
   Name=""Table List 2""/>
  <w:LsdException Locked=""false"" SemiHidden=""true"" UnhideWhenUsed=""true""
   Name=""Table List 3""/>
  <w:LsdException Locked=""false"" SemiHidden=""true"" UnhideWhenUsed=""true""
   Name=""Table List 4""/>
  <w:LsdException Locked=""false"" SemiHidden=""true"" UnhideWhenUsed=""true""
   Name=""Table List 5""/>
  <w:LsdException Locked=""false"" SemiHidden=""true"" UnhideWhenUsed=""true""
   Name=""Table List 6""/>
  <w:LsdException Locked=""false"" SemiHidden=""true"" UnhideWhenUsed=""true""
   Name=""Table List 7""/>
  <w:LsdException Locked=""false"" SemiHidden=""true"" UnhideWhenUsed=""true""
   Name=""Table List 8""/>
  <w:LsdException Locked=""false"" SemiHidden=""true"" UnhideWhenUsed=""true""
   Name=""Table 3D effects 1""/>
  <w:LsdException Locked=""false"" SemiHidden=""true"" UnhideWhenUsed=""true""
   Name=""Table 3D effects 2""/>
  <w:LsdException Locked=""false"" SemiHidden=""true"" UnhideWhenUsed=""true""
   Name=""Table 3D effects 3""/>
  <w:LsdException Locked=""false"" SemiHidden=""true"" UnhideWhenUsed=""true""
   Name=""Table Contemporary""/>
  <w:LsdException Locked=""false"" SemiHidden=""true"" UnhideWhenUsed=""true""
   Name=""Table Elegant""/>
  <w:LsdException Locked=""false"" SemiHidden=""true"" UnhideWhenUsed=""true""
   Name=""Table Professional""/>
  <w:LsdException Locked=""false"" SemiHidden=""true"" UnhideWhenUsed=""true""
   Name=""Table Subtle 1""/>
  <w:LsdException Locked=""false"" SemiHidden=""true"" UnhideWhenUsed=""true""
   Name=""Table Subtle 2""/>
  <w:LsdException Locked=""false"" SemiHidden=""true"" UnhideWhenUsed=""true""
   Name=""Table Web 1""/>
  <w:LsdException Locked=""false"" SemiHidden=""true"" UnhideWhenUsed=""true""
   Name=""Table Web 2""/>
  <w:LsdException Locked=""false"" SemiHidden=""true"" UnhideWhenUsed=""true""
   Name=""Table Web 3""/>
  <w:LsdException Locked=""false"" SemiHidden=""true"" UnhideWhenUsed=""true""
   Name=""Balloon Text""/>
  <w:LsdException Locked=""false"" Priority=""39"" Name=""Table Grid""/>
  <w:LsdException Locked=""false"" SemiHidden=""true"" UnhideWhenUsed=""true""
   Name=""Table Theme""/>
  <w:LsdException Locked=""false"" SemiHidden=""true"" UnhideWhenUsed=""true""
   Name=""Note Level 1""/>
  <w:LsdException Locked=""false"" SemiHidden=""true"" UnhideWhenUsed=""true""
   Name=""Note Level 2""/>
  <w:LsdException Locked=""false"" SemiHidden=""true"" UnhideWhenUsed=""true""
   Name=""Note Level 3""/>
  <w:LsdException Locked=""false"" SemiHidden=""true"" UnhideWhenUsed=""true""
   Name=""Note Level 4""/>
  <w:LsdException Locked=""false"" SemiHidden=""true"" UnhideWhenUsed=""true""
   Name=""Note Level 5""/>
  <w:LsdException Locked=""false"" SemiHidden=""true"" UnhideWhenUsed=""true""
   Name=""Note Level 6""/>
  <w:LsdException Locked=""false"" SemiHidden=""true"" UnhideWhenUsed=""true""
   Name=""Note Level 7""/>
  <w:LsdException Locked=""false"" SemiHidden=""true"" UnhideWhenUsed=""true""
   Name=""Note Level 8""/>
  <w:LsdException Locked=""false"" SemiHidden=""true"" UnhideWhenUsed=""true""
   Name=""Note Level 9""/>
  <w:LsdException Locked=""false"" SemiHidden=""true"" Name=""Placeholder Text""/>
  <w:LsdException Locked=""false"" Priority=""1"" QFormat=""true"" Name=""No Spacing""/>
  <w:LsdException Locked=""false"" Priority=""60"" Name=""Light Shading""/>
  <w:LsdException Locked=""false"" Priority=""61"" Name=""Light List""/>
  <w:LsdException Locked=""false"" Priority=""62"" Name=""Light Grid""/>
  <w:LsdException Locked=""false"" Priority=""63"" Name=""Medium Shading 1""/>
  <w:LsdException Locked=""false"" Priority=""64"" Name=""Medium Shading 2""/>
  <w:LsdException Locked=""false"" Priority=""65"" Name=""Medium List 1""/>
  <w:LsdException Locked=""false"" Priority=""66"" Name=""Medium List 2""/>
  <w:LsdException Locked=""false"" Priority=""67"" Name=""Medium Grid 1""/>
  <w:LsdException Locked=""false"" Priority=""68"" Name=""Medium Grid 2""/>
  <w:LsdException Locked=""false"" Priority=""69"" Name=""Medium Grid 3""/>
  <w:LsdException Locked=""false"" Priority=""70"" Name=""Dark List""/>
  <w:LsdException Locked=""false"" Priority=""71"" Name=""Colorful Shading""/>
  <w:LsdException Locked=""false"" Priority=""72"" Name=""Colorful List""/>
  <w:LsdException Locked=""false"" Priority=""73"" Name=""Colorful Grid""/>
  <w:LsdException Locked=""false"" Priority=""60"" Name=""Light Shading Accent 1""/>
  <w:LsdException Locked=""false"" Priority=""61"" Name=""Light List Accent 1""/>
  <w:LsdException Locked=""false"" Priority=""62"" Name=""Light Grid Accent 1""/>
  <w:LsdException Locked=""false"" Priority=""63"" Name=""Medium Shading 1 Accent 1""/>
  <w:LsdException Locked=""false"" Priority=""64"" Name=""Medium Shading 2 Accent 1""/>
  <w:LsdException Locked=""false"" Priority=""65"" Name=""Medium List 1 Accent 1""/>
  <w:LsdException Locked=""false"" SemiHidden=""true"" Name=""Revision""/>
  <w:LsdException Locked=""false"" Priority=""34"" QFormat=""true""
   Name=""List Paragraph""/>
  <w:LsdException Locked=""false"" Priority=""29"" QFormat=""true"" Name=""Quote""/>
  <w:LsdException Locked=""false"" Priority=""30"" QFormat=""true""
   Name=""Intense Quote""/>
  <w:LsdException Locked=""false"" Priority=""66"" Name=""Medium List 2 Accent 1""/>
  <w:LsdException Locked=""false"" Priority=""67"" Name=""Medium Grid 1 Accent 1""/>
  <w:LsdException Locked=""false"" Priority=""68"" Name=""Medium Grid 2 Accent 1""/>
  <w:LsdException Locked=""false"" Priority=""69"" Name=""Medium Grid 3 Accent 1""/>
  <w:LsdException Locked=""false"" Priority=""70"" Name=""Dark List Accent 1""/>
  <w:LsdException Locked=""false"" Priority=""71"" Name=""Colorful Shading Accent 1""/>
  <w:LsdException Locked=""false"" Priority=""72"" Name=""Colorful List Accent 1""/>
  <w:LsdException Locked=""false"" Priority=""73"" Name=""Colorful Grid Accent 1""/>
  <w:LsdException Locked=""false"" Priority=""60"" Name=""Light Shading Accent 2""/>
  <w:LsdException Locked=""false"" Priority=""61"" Name=""Light List Accent 2""/>
  <w:LsdException Locked=""false"" Priority=""62"" Name=""Light Grid Accent 2""/>
  <w:LsdException Locked=""false"" Priority=""63"" Name=""Medium Shading 1 Accent 2""/>
  <w:LsdException Locked=""false"" Priority=""64"" Name=""Medium Shading 2 Accent 2""/>
  <w:LsdException Locked=""false"" Priority=""65"" Name=""Medium List 1 Accent 2""/>
  <w:LsdException Locked=""false"" Priority=""66"" Name=""Medium List 2 Accent 2""/>
  <w:LsdException Locked=""false"" Priority=""67"" Name=""Medium Grid 1 Accent 2""/>
  <w:LsdException Locked=""false"" Priority=""68"" Name=""Medium Grid 2 Accent 2""/>
  <w:LsdException Locked=""false"" Priority=""69"" Name=""Medium Grid 3 Accent 2""/>
  <w:LsdException Locked=""false"" Priority=""70"" Name=""Dark List Accent 2""/>
  <w:LsdException Locked=""false"" Priority=""71"" Name=""Colorful Shading Accent 2""/>
  <w:LsdException Locked=""false"" Priority=""72"" Name=""Colorful List Accent 2""/>
  <w:LsdException Locked=""false"" Priority=""73"" Name=""Colorful Grid Accent 2""/>
  <w:LsdException Locked=""false"" Priority=""60"" Name=""Light Shading Accent 3""/>
  <w:LsdException Locked=""false"" Priority=""61"" Name=""Light List Accent 3""/>
  <w:LsdException Locked=""false"" Priority=""62"" Name=""Light Grid Accent 3""/>
  <w:LsdException Locked=""false"" Priority=""63"" Name=""Medium Shading 1 Accent 3""/>
  <w:LsdException Locked=""false"" Priority=""64"" Name=""Medium Shading 2 Accent 3""/>
  <w:LsdException Locked=""false"" Priority=""65"" Name=""Medium List 1 Accent 3""/>
  <w:LsdException Locked=""false"" Priority=""66"" Name=""Medium List 2 Accent 3""/>
  <w:LsdException Locked=""false"" Priority=""67"" Name=""Medium Grid 1 Accent 3""/>
  <w:LsdException Locked=""false"" Priority=""68"" Name=""Medium Grid 2 Accent 3""/>
  <w:LsdException Locked=""false"" Priority=""69"" Name=""Medium Grid 3 Accent 3""/>
  <w:LsdException Locked=""false"" Priority=""70"" Name=""Dark List Accent 3""/>
  <w:LsdException Locked=""false"" Priority=""71"" Name=""Colorful Shading Accent 3""/>
  <w:LsdException Locked=""false"" Priority=""72"" Name=""Colorful List Accent 3""/>
  <w:LsdException Locked=""false"" Priority=""73"" Name=""Colorful Grid Accent 3""/>
  <w:LsdException Locked=""false"" Priority=""60"" Name=""Light Shading Accent 4""/>
  <w:LsdException Locked=""false"" Priority=""61"" Name=""Light List Accent 4""/>
  <w:LsdException Locked=""false"" Priority=""62"" Name=""Light Grid Accent 4""/>
  <w:LsdException Locked=""false"" Priority=""63"" Name=""Medium Shading 1 Accent 4""/>
  <w:LsdException Locked=""false"" Priority=""64"" Name=""Medium Shading 2 Accent 4""/>
  <w:LsdException Locked=""false"" Priority=""65"" Name=""Medium List 1 Accent 4""/>
  <w:LsdException Locked=""false"" Priority=""66"" Name=""Medium List 2 Accent 4""/>
  <w:LsdException Locked=""false"" Priority=""67"" Name=""Medium Grid 1 Accent 4""/>
  <w:LsdException Locked=""false"" Priority=""68"" Name=""Medium Grid 2 Accent 4""/>
  <w:LsdException Locked=""false"" Priority=""69"" Name=""Medium Grid 3 Accent 4""/>
  <w:LsdException Locked=""false"" Priority=""70"" Name=""Dark List Accent 4""/>
  <w:LsdException Locked=""false"" Priority=""71"" Name=""Colorful Shading Accent 4""/>
  <w:LsdException Locked=""false"" Priority=""72"" Name=""Colorful List Accent 4""/>
  <w:LsdException Locked=""false"" Priority=""73"" Name=""Colorful Grid Accent 4""/>
  <w:LsdException Locked=""false"" Priority=""60"" Name=""Light Shading Accent 5""/>
  <w:LsdException Locked=""false"" Priority=""61"" Name=""Light List Accent 5""/>
  <w:LsdException Locked=""false"" Priority=""62"" Name=""Light Grid Accent 5""/>
  <w:LsdException Locked=""false"" Priority=""63"" Name=""Medium Shading 1 Accent 5""/>
  <w:LsdException Locked=""false"" Priority=""64"" Name=""Medium Shading 2 Accent 5""/>
  <w:LsdException Locked=""false"" Priority=""65"" Name=""Medium List 1 Accent 5""/>
  <w:LsdException Locked=""false"" Priority=""66"" Name=""Medium List 2 Accent 5""/>
  <w:LsdException Locked=""false"" Priority=""67"" Name=""Medium Grid 1 Accent 5""/>
  <w:LsdException Locked=""false"" Priority=""68"" Name=""Medium Grid 2 Accent 5""/>
  <w:LsdException Locked=""false"" Priority=""69"" Name=""Medium Grid 3 Accent 5""/>
  <w:LsdException Locked=""false"" Priority=""70"" Name=""Dark List Accent 5""/>
  <w:LsdException Locked=""false"" Priority=""71"" Name=""Colorful Shading Accent 5""/>
  <w:LsdException Locked=""false"" Priority=""72"" Name=""Colorful List Accent 5""/>
  <w:LsdException Locked=""false"" Priority=""73"" Name=""Colorful Grid Accent 5""/>
  <w:LsdException Locked=""false"" Priority=""60"" Name=""Light Shading Accent 6""/>
  <w:LsdException Locked=""false"" Priority=""61"" Name=""Light List Accent 6""/>
  <w:LsdException Locked=""false"" Priority=""62"" Name=""Light Grid Accent 6""/>
  <w:LsdException Locked=""false"" Priority=""63"" Name=""Medium Shading 1 Accent 6""/>
  <w:LsdException Locked=""false"" Priority=""64"" Name=""Medium Shading 2 Accent 6""/>
  <w:LsdException Locked=""false"" Priority=""65"" Name=""Medium List 1 Accent 6""/>
  <w:LsdException Locked=""false"" Priority=""66"" Name=""Medium List 2 Accent 6""/>
  <w:LsdException Locked=""false"" Priority=""67"" Name=""Medium Grid 1 Accent 6""/>
  <w:LsdException Locked=""false"" Priority=""68"" Name=""Medium Grid 2 Accent 6""/>
  <w:LsdException Locked=""false"" Priority=""69"" Name=""Medium Grid 3 Accent 6""/>
  <w:LsdException Locked=""false"" Priority=""70"" Name=""Dark List Accent 6""/>
  <w:LsdException Locked=""false"" Priority=""71"" Name=""Colorful Shading Accent 6""/>
  <w:LsdException Locked=""false"" Priority=""72"" Name=""Colorful List Accent 6""/>
  <w:LsdException Locked=""false"" Priority=""73"" Name=""Colorful Grid Accent 6""/>
  <w:LsdException Locked=""false"" Priority=""19"" QFormat=""true""
   Name=""Subtle Emphasis""/>
  <w:LsdException Locked=""false"" Priority=""21"" QFormat=""true""
   Name=""Intense Emphasis""/>
  <w:LsdException Locked=""false"" Priority=""31"" QFormat=""true""
   Name=""Subtle Reference""/>
  <w:LsdException Locked=""false"" Priority=""32"" QFormat=""true""
   Name=""Intense Reference""/>
  <w:LsdException Locked=""false"" Priority=""33"" QFormat=""true"" Name=""Book Title""/>
  <w:LsdException Locked=""false"" Priority=""37"" SemiHidden=""true""
   UnhideWhenUsed=""true"" Name=""Bibliography""/>
  <w:LsdException Locked=""false"" Priority=""39"" SemiHidden=""true""
   UnhideWhenUsed=""true"" QFormat=""true"" Name=""TOC Heading""/>
  <w:LsdException Locked=""false"" Priority=""41"" Name=""Plain Table 1""/>
  <w:LsdException Locked=""false"" Priority=""42"" Name=""Plain Table 2""/>
  <w:LsdException Locked=""false"" Priority=""43"" Name=""Plain Table 3""/>
  <w:LsdException Locked=""false"" Priority=""44"" Name=""Plain Table 4""/>
  <w:LsdException Locked=""false"" Priority=""45"" Name=""Plain Table 5""/>
  <w:LsdException Locked=""false"" Priority=""40"" Name=""Grid Table Light""/>
  <w:LsdException Locked=""false"" Priority=""46"" Name=""Grid Table 1 Light""/>
  <w:LsdException Locked=""false"" Priority=""47"" Name=""Grid Table 2""/>
  <w:LsdException Locked=""false"" Priority=""48"" Name=""Grid Table 3""/>
  <w:LsdException Locked=""false"" Priority=""49"" Name=""Grid Table 4""/>
  <w:LsdException Locked=""false"" Priority=""50"" Name=""Grid Table 5 Dark""/>
  <w:LsdException Locked=""false"" Priority=""51"" Name=""Grid Table 6 Colorful""/>
  <w:LsdException Locked=""false"" Priority=""52"" Name=""Grid Table 7 Colorful""/>
  <w:LsdException Locked=""false"" Priority=""46""
   Name=""Grid Table 1 Light Accent 1""/>
  <w:LsdException Locked=""false"" Priority=""47"" Name=""Grid Table 2 Accent 1""/>
  <w:LsdException Locked=""false"" Priority=""48"" Name=""Grid Table 3 Accent 1""/>
  <w:LsdException Locked=""false"" Priority=""49"" Name=""Grid Table 4 Accent 1""/>
  <w:LsdException Locked=""false"" Priority=""50"" Name=""Grid Table 5 Dark Accent 1""/>
  <w:LsdException Locked=""false"" Priority=""51""
   Name=""Grid Table 6 Colorful Accent 1""/>
  <w:LsdException Locked=""false"" Priority=""52""
   Name=""Grid Table 7 Colorful Accent 1""/>
  <w:LsdException Locked=""false"" Priority=""46""
   Name=""Grid Table 1 Light Accent 2""/>
  <w:LsdException Locked=""false"" Priority=""47"" Name=""Grid Table 2 Accent 2""/>
  <w:LsdException Locked=""false"" Priority=""48"" Name=""Grid Table 3 Accent 2""/>
  <w:LsdException Locked=""false"" Priority=""49"" Name=""Grid Table 4 Accent 2""/>
  <w:LsdException Locked=""false"" Priority=""50"" Name=""Grid Table 5 Dark Accent 2""/>
  <w:LsdException Locked=""false"" Priority=""51""
   Name=""Grid Table 6 Colorful Accent 2""/>
  <w:LsdException Locked=""false"" Priority=""52""
   Name=""Grid Table 7 Colorful Accent 2""/>
  <w:LsdException Locked=""false"" Priority=""46""
   Name=""Grid Table 1 Light Accent 3""/>
  <w:LsdException Locked=""false"" Priority=""47"" Name=""Grid Table 2 Accent 3""/>
  <w:LsdException Locked=""false"" Priority=""48"" Name=""Grid Table 3 Accent 3""/>
  <w:LsdException Locked=""false"" Priority=""49"" Name=""Grid Table 4 Accent 3""/>
  <w:LsdException Locked=""false"" Priority=""50"" Name=""Grid Table 5 Dark Accent 3""/>
  <w:LsdException Locked=""false"" Priority=""51""
   Name=""Grid Table 6 Colorful Accent 3""/>
  <w:LsdException Locked=""false"" Priority=""52""
   Name=""Grid Table 7 Colorful Accent 3""/>
  <w:LsdException Locked=""false"" Priority=""46""
   Name=""Grid Table 1 Light Accent 4""/>
  <w:LsdException Locked=""false"" Priority=""47"" Name=""Grid Table 2 Accent 4""/>
  <w:LsdException Locked=""false"" Priority=""48"" Name=""Grid Table 3 Accent 4""/>
  <w:LsdException Locked=""false"" Priority=""49"" Name=""Grid Table 4 Accent 4""/>
  <w:LsdException Locked=""false"" Priority=""50"" Name=""Grid Table 5 Dark Accent 4""/>
  <w:LsdException Locked=""false"" Priority=""51""
   Name=""Grid Table 6 Colorful Accent 4""/>
  <w:LsdException Locked=""false"" Priority=""52""
   Name=""Grid Table 7 Colorful Accent 4""/>
  <w:LsdException Locked=""false"" Priority=""46""
   Name=""Grid Table 1 Light Accent 5""/>
  <w:LsdException Locked=""false"" Priority=""47"" Name=""Grid Table 2 Accent 5""/>
  <w:LsdException Locked=""false"" Priority=""48"" Name=""Grid Table 3 Accent 5""/>
  <w:LsdException Locked=""false"" Priority=""49"" Name=""Grid Table 4 Accent 5""/>
  <w:LsdException Locked=""false"" Priority=""50"" Name=""Grid Table 5 Dark Accent 5""/>
  <w:LsdException Locked=""false"" Priority=""51""
   Name=""Grid Table 6 Colorful Accent 5""/>
  <w:LsdException Locked=""false"" Priority=""52""
   Name=""Grid Table 7 Colorful Accent 5""/>
  <w:LsdException Locked=""false"" Priority=""46""
   Name=""Grid Table 1 Light Accent 6""/>
  <w:LsdException Locked=""false"" Priority=""47"" Name=""Grid Table 2 Accent 6""/>
  <w:LsdException Locked=""false"" Priority=""48"" Name=""Grid Table 3 Accent 6""/>
  <w:LsdException Locked=""false"" Priority=""49"" Name=""Grid Table 4 Accent 6""/>
  <w:LsdException Locked=""false"" Priority=""50"" Name=""Grid Table 5 Dark Accent 6""/>
  <w:LsdException Locked=""false"" Priority=""51""
   Name=""Grid Table 6 Colorful Accent 6""/>
  <w:LsdException Locked=""false"" Priority=""52""
   Name=""Grid Table 7 Colorful Accent 6""/>
  <w:LsdException Locked=""false"" Priority=""46"" Name=""List Table 1 Light""/>
  <w:LsdException Locked=""false"" Priority=""47"" Name=""List Table 2""/>
  <w:LsdException Locked=""false"" Priority=""48"" Name=""List Table 3""/>
  <w:LsdException Locked=""false"" Priority=""49"" Name=""List Table 4""/>
  <w:LsdException Locked=""false"" Priority=""50"" Name=""List Table 5 Dark""/>
  <w:LsdException Locked=""false"" Priority=""51"" Name=""List Table 6 Colorful""/>
  <w:LsdException Locked=""false"" Priority=""52"" Name=""List Table 7 Colorful""/>
  <w:LsdException Locked=""false"" Priority=""46""
   Name=""List Table 1 Light Accent 1""/>
  <w:LsdException Locked=""false"" Priority=""47"" Name=""List Table 2 Accent 1""/>
  <w:LsdException Locked=""false"" Priority=""48"" Name=""List Table 3 Accent 1""/>
  <w:LsdException Locked=""false"" Priority=""49"" Name=""List Table 4 Accent 1""/>
  <w:LsdException Locked=""false"" Priority=""50"" Name=""List Table 5 Dark Accent 1""/>
  <w:LsdException Locked=""false"" Priority=""51""
   Name=""List Table 6 Colorful Accent 1""/>
  <w:LsdException Locked=""false"" Priority=""52""
   Name=""List Table 7 Colorful Accent 1""/>
  <w:LsdException Locked=""false"" Priority=""46""
   Name=""List Table 1 Light Accent 2""/>
  <w:LsdException Locked=""false"" Priority=""47"" Name=""List Table 2 Accent 2""/>
  <w:LsdException Locked=""false"" Priority=""48"" Name=""List Table 3 Accent 2""/>
  <w:LsdException Locked=""false"" Priority=""49"" Name=""List Table 4 Accent 2""/>
  <w:LsdException Locked=""false"" Priority=""50"" Name=""List Table 5 Dark Accent 2""/>
  <w:LsdException Locked=""false"" Priority=""51""
   Name=""List Table 6 Colorful A",
Electronics,Headphones & Headsets,BLUEDIO N2,BLUEDION2,Enable,Bluedio N2 Earbuds Sport Earphone Wireless Stereo Bluetooth Headset Sweatproof for Phones PC,0,0,other_value,1000,89,89,89,89,89,"<span>Features:</span><span>Bluetooth 4.1: using the latest technology of bluetooth 4.1, better battery life, connection faster, more stable, more energy saving&nbsp;</span><span>Prevent sweat: effectively prevent sweat when motion effect headset operation</span><span>Hd UHD timbre: the dynamic drive unit 10 mm, tie-in CCAW voice coil, the tone, restore the real sound</span><span>CVC noise reduction: effectively reduce the noise environment, the best resolution</span><span>Three earmuffs: provide three different size earmuffs, suitable for different people,Giving a silicone horn earmuffs</span><span>YES OR NO: to telephone voice answered</span><span>Noodles line: prevent winding, easy to comb, can be applicable to the outdoor for a long time</span><span>Color: 4 kinds of color choice to you</span><span>Accessories:</span><span>1 x BT sports headset</span><span>1 x USB charging cable</span><span>3 x Soft ear cap</span><span>1 x User manual</span>","<span>Features:</span><span>Bluetooth 4.1: using the latest technology of bluetooth 4.1, better battery life, connection faster, more stable, more energy saving&nbsp;</span><span>Prevent sweat: effectively prevent sweat when motion effect headset operation</span><span>Hd UHD timbre: the dynamic drive unit 10 mm, tie-in CCAW voice coil, the tone, restore the real sound</span><span>CVC noise reduction: effectively reduce the noise environment, the best resolution</span><span>Three earmuffs: provide three different size earmuffs, suitable for different people,Giving a silicone horn earmuffs</span><span>YES OR NO: to telephone voice answered</span><span>Noodles line: prevent winding, easy to comb, can be applicable to the outdoor for a long time</span><span>Color: 4 kinds of color choice to you</span><span>Accessories:</span><span>1 x BT sports headset</span><span>1 x USB charging cable</span><span>3 x Soft ear cap</span><span>1 x User manual</span>
Color:Black
Model Number: BLUEDIO N2
Connectivity:Wireless
Compatible with: All
Type: In Ear"
Electronics,Headphones & Headsets,BLUEDIO Q5,BLUEDIOQ5,Enable,Bluedio Q5 Wireless Bluetooth Headphone 4.1 Stereo Handfree head set,0,0,Other,1000,120,120,120,120,120,<span>Specification:&nbsp; Mode No: Bluedio Q5 Color: black green / white red /white blue Bluetooth Version: V4.1 EDR&nbsp; Bluetooth Profiles:A2DP/AVRCP/HSP/HFP/SPP&nbsp; Transmission Distance:10m&nbsp; Frequency Response:20Hz-20KHz&nbsp; Drive Unit:10mm&nbsp; Speaker Impedance:16ohm&nbsp; Sensitivity(S.P.L):110dB&nbsp; Talking Time :7 hours&nbsp; Music Time: 6 hours&nbsp; Standby Time :220 hours&nbsp; Charge Time : 1-2 hours&nbsp; Charging Interface:Micro-USB&nbsp; Earphone Size:18*7*56 mm&nbsp; THD</span><br><br><div><span><br></span></div>,"<span>Specification:&nbsp; Mode No: Bluedio Q5 Color: black green / white red /white blue Bluetooth Version: V4.1 EDR&nbsp; Bluetooth Profiles:A2DP/AVRCP/HSP/HFP/SPP&nbsp; Transmission Distance:10m&nbsp; Frequency Response:20Hz-20KHz&nbsp; Drive Unit:10mm&nbsp; Speaker Impedance:16ohm&nbsp; Sensitivity(S.P.L):110dB&nbsp; Talking Time :7 hours&nbsp; Music Time: 6 hours&nbsp; Standby Time :220 hours&nbsp; Charge Time : 1-2 hours&nbsp; Charging Interface:Micro-USB&nbsp; Earphone Size:18*7*56 mm&nbsp; THD</span><br><br><div><span><br></span></div>
Color:-
Model Number: -
Connectivity:Wireless
Compatible with: All
Type: -"
Electronics,Headphones & Headsets,BLUEDIO S2,BLUEDIOS2,Enable,Bluedio S2 Sports Bluetooth Stereo Earbuds Earphone Wireless Headset,0,0,Other,1000,89,89,89,89,89,"<br style=""box-sizing: border-box; color: rgb(51, 51, 51); font-family: opensans, &#39;Helvetica Neue&#39;, Helvetica, Helvetica, Arial, sans-serif; font-size: 14px; line-height: 24.8888893127441px; background-color: rgb(255, 255, 255);""><span style=""box-sizing: border-box; color: rgb(51, 51, 51); font-family: opensans, &#39;Helvetica Neue&#39;, Helvetica, Helvetica, Arial, sans-serif; font-size: 14px; line-height: 24.8888893127441px; background-color: rgb(255, 255, 255);"">With the best Audio Performance - Stereo - Bluetooth 4.1 - Wireless 30 feet distance - Sport - In the ear. Lightweight, comfortable earbuds - quality sound on the go. Media on the move. Subway commute, Coffee shop lounging, Taking a walk, Whatever your scenery, enjoy it more while listening to your own tunes - all without the hassle of connecting with a wire.</span><br style=""box-sizing: border-box; color: rgb(51, 51, 51); font-family: opensans, &#39;Helvetica Neue&#39;, Helvetica, Helvetica, Arial, sans-serif; font-size: 14px; line-height: 24.8888893127441px; background-color: rgb(255, 255, 255);""><span style=""box-sizing: border-box; color: rgb(51, 51, 51); font-family: opensans, &#39;Helvetica Neue&#39;, Helvetica, Helvetica, Arial, sans-serif; font-size: 14px; line-height: 24.8888893127441px; background-color: rgb(255, 255, 255);"">Cutting-edge sound. Featuring the state-of-the-art Bluetooth 4.1 standard (8 times the bandwidth over the 2.1 standard) , these earbuds produce clear, full sound. The snug-fitting ear tips block out peripheral noise letting you enjoy your media - free of distractions. Simply take control.</span><br style=""box-sizing: border-box; color: rgb(51, 51, 51); font-family: opensans, &#39;Helvetica Neue&#39;, Helvetica, Helvetica, Arial, sans-serif; font-size: 14px; line-height: 24.8888893127441px; background-color: rgb(255, 255, 255);""><span style=""box-sizing: border-box; color: rgb(51, 51, 51); font-family: opensans, &#39;Helvetica Neue&#39;, Helvetica, Helvetica, Arial, sans-serif; font-size: 14px; line-height: 24.8888893127441px; background-color: rgb(255, 255, 255);"">We put the most used functions (adjust volume, skip tracks, power, and phone functions) in easy reach and even included a power meter on IOS 5 and over. With up to 5 hours of play time between charges, don&#39;t worry about charging often, but when you do, the clip-on charger does the job with ease. Sportier audio. the ultimate Bluetooth sporting headset</span><br style=""box-sizing: border-box; color: rgb(51, 51, 51); font-family: opensans, &#39;Helvetica Neue&#39;, Helvetica, Helvetica, Arial, sans-serif; font-size: 14px; line-height: 24.8888893127441px; background-color: rgb(255, 255, 255);""><span style=""box-sizing: border-box; color: rgb(51, 51, 51); font-family: opensans, &#39;Helvetica Neue&#39;, Helvetica, Helvetica, Arial, sans-serif; font-size: 14px; line-height: 24.8888893127441px; background-color: rgb(255, 255, 255);"">Allows clear communication; Enables use as a headset. Music and phone controls ensure ease of use, digital noise cancellation technology</span>","<br style=""box-sizing: border-box; color: rgb(51, 51, 51); font-family: opensans, &#39;Helvetica Neue&#39;, Helvetica, Helvetica, Arial, sans-serif; font-size: 14px; line-height: 24.8888893127441px; background-color: rgb(255, 255, 255);""><span style=""box-sizing: border-box; color: rgb(51, 51, 51); font-family: opensans, &#39;Helvetica Neue&#39;, Helvetica, Helvetica, Arial, sans-serif; font-size: 14px; line-height: 24.8888893127441px; background-color: rgb(255, 255, 255);"">With the best Audio Performance - Stereo - Bluetooth 4.1 - Wireless 30 feet distance - Sport - In the ear. Lightweight, comfortable earbuds - quality sound on the go. Media on the move. Subway commute, Coffee shop lounging, Taking a walk, Whatever your scenery, enjoy it more while listening to your own tunes - all without the hassle of connecting with a wire.</span><br style=""box-sizing: border-box; color: rgb(51, 51, 51); font-family: opensans, &#39;Helvetica Neue&#39;, Helvetica, Helvetica, Arial, sans-serif; font-size: 14px; line-height: 24.8888893127441px; background-color: rgb(255, 255, 255);""><span style=""box-sizing: border-box; color: rgb(51, 51, 51); font-family: opensans, &#39;Helvetica Neue&#39;, Helvetica, Helvetica, Arial, sans-serif; font-size: 14px; line-height: 24.8888893127441px; background-color: rgb(255, 255, 255);"">Cutting-edge sound. Featuring the state-of-the-art Bluetooth 4.1 standard (8 times the bandwidth over the 2.1 standard) , these earbuds produce clear, full sound. The snug-fitting ear tips block out peripheral noise letting you enjoy your media - free of distractions. Simply take control.</span><br style=""box-sizing: border-box; color: rgb(51, 51, 51); font-family: opensans, &#39;Helvetica Neue&#39;, Helvetica, Helvetica, Arial, sans-serif; font-size: 14px; line-height: 24.8888893127441px; background-color: rgb(255, 255, 255);""><span style=""box-sizing: border-box; color: rgb(51, 51, 51); font-family: opensans, &#39;Helvetica Neue&#39;, Helvetica, Helvetica, Arial, sans-serif; font-size: 14px; line-height: 24.8888893127441px; background-color: rgb(255, 255, 255);"">We put the most used functions (adjust volume, skip tracks, power, and phone functions) in easy reach and even included a power meter on IOS 5 and over. With up to 5 hours of play time between charges, don&#39;t worry about charging often, but when you do, the clip-on charger does the job with ease. Sportier audio. the ultimate Bluetooth sporting headset</span><br style=""box-sizing: border-box; color: rgb(51, 51, 51); font-family: opensans, &#39;Helvetica Neue&#39;, Helvetica, Helvetica, Arial, sans-serif; font-size: 14px; line-height: 24.8888893127441px; background-color: rgb(255, 255, 255);""><span style=""box-sizing: border-box; color: rgb(51, 51, 51); font-family: opensans, &#39;Helvetica Neue&#39;, Helvetica, Helvetica, Arial, sans-serif; font-size: 14px; line-height: 24.8888893127441px; background-color: rgb(255, 255, 255);"">Allows clear communication; Enables use as a headset. Music and phone controls ensure ease of use, digital noise cancellation technology</span>
Color:-
Model Number: -
Connectivity:Wireless
Compatible with: Mobile Phones
Type: In Ear"
Electronics,Headphones & Headsets,BLUEDIO T2,BLUEDIOT2,Enable,Headset Bluedio Bluetooth version 4.1 sterio sound with noise cancelling and microphone,0,0,Bluedio,1000,129,129,129,129,129,"<div style=""box-sizing: content-box; margin: 0px; padding: 0px; border: 0px; font-family: Arial, Helvetica, sans-senif, SimSun, ; line-height: inherit; vertical-align: baseline; color: rgb(51, 51, 51);""><span style=""box-sizing: content-box; margin: 0px; padding: 0px; border: 0px; font-family: inherit; font-size: 18px; font-style: inherit; font-variant: inherit; line-height: inherit; vertical-align: baseline;""><span style=""box-sizing: content-box; font-weight: 700;"">Product Description</span></span></div><div style=""box-sizing: content-box; margin: 0px; padding: 0px; border: 0px; font-family: Arial, Helvetica, sans-senif, SimSun, ; line-height: inherit; vertical-align: baseline; color: rgb(51, 51, 51);"">&nbsp;&nbsp;</div><div style=""box-sizing: content-box; margin: 0px; padding: 0px; border: 0px; font-family: Arial, Helvetica, sans-senif, SimSun, ; line-height: inherit; vertical-align: baseline; color: rgb(51, 51, 51);""><span style=""box-sizing: content-box; margin: 0px; padding: 0px; border: 0px; font-family: inherit; font-size: 16px; font-style: inherit; font-variant: inherit; line-height: inherit; vertical-align: baseline;"">About Bluedio&nbsp;</span></div><div style=""box-sizing: content-box; margin: 0px; padding: 0px; border: 0px; font-family: Arial, Helvetica, sans-senif, SimSun, ; line-height: inherit; vertical-align: baseline; color: rgb(51, 51, 51);""><span style=""box-sizing: content-box; margin: 0px; padding: 0px; border: 0px; font-family: inherit; font-size: 16px; font-style: inherit; font-variant: inherit; line-height: inherit; vertical-align: baseline;"">Bluedio is a manufacturer leader in portable audio device, providing solutions of professional audio and&nbsp;</span></div><div style=""box-sizing: content-box; margin: 0px; padding: 0px; border: 0px; font-family: Arial, Helvetica, sans-senif, SimSun, ; line-height: inherit; vertical-align: baseline; color: rgb(51, 51, 51);"">&nbsp;&nbsp;</div><div style=""box-sizing: content-box; margin: 0px; padding: 0px; border: 0px; font-family: Arial, Helvetica, sans-senif, SimSun, ; line-height: inherit; vertical-align: baseline; color: rgb(51, 51, 51);""><span style=""box-sizing: content-box; margin: 0px; padding: 0px; border: 0px; font-family: inherit; font-size: 16px; font-style: inherit; font-variant: inherit; line-height: inherit; vertical-align: baseline;"">wireless communication. In 2009, we have registered Bluedio as our trademark in the USA, later obtained&nbsp;</span></div><div style=""box-sizing: content-box; margin: 0px; padding: 0px; border: 0px; font-family: Arial, Helvetica, sans-senif, SimSun, ; line-height: inherit; vertical-align: baseline; color: rgb(51, 51, 51);"">&nbsp;&nbsp;</div><div style=""box-sizing: content-box; margin: 0px; padding: 0px; border: 0px; font-family: Arial, Helvetica, sans-senif, SimSun, ; line-height: inherit; vertical-align: baseline; color: rgb(51, 51, 51);""><span style=""box-sizing: content-box; margin: 0px; padding: 0px; border: 0px; font-family: inherit; font-size: 16px; font-style: inherit; font-variant: inherit; line-height: inherit; vertical-align: baseline;"">certificates from China and the whole world. So far, Bluedio has owned over 30 patents, highly praised by&nbsp;</span></div><div style=""box-sizing: content-box; margin: 0px; padding: 0px; border: 0px; font-family: Arial, Helvetica, sans-senif, SimSun, ; line-height: inherit; vertical-align: baseline; color: rgb(51, 51, 51);"">&nbsp;&nbsp;</div><div style=""box-sizing: content-box; margin: 0px; padding: 0px; border: 0px; font-family: Arial, Helvetica, sans-senif, SimSun, ; line-height: inherit; vertical-align: baseline; color: rgb(51, 51, 51);""><span style=""box-sizing: content-box; margin: 0px; padding: 0px; border: 0px; font-family: inherit; font-size: 16px; font-style: inherit; font-variant: inherit; line-height: inherit; vertical-align: baseline;"">consumers over 34 countries.</span></div><div style=""box-sizing: content-box; margin: 0px; padding: 0px; border: 0px; font-family: Arial, Helvetica, sans-senif, SimSun, ; line-height: inherit; vertical-align: baseline; color: rgb(51, 51, 51);"">&nbsp;&nbsp;</div><div style=""box-sizing: content-box; margin: 0px; padding: 0px; border: 0px; font-family: Arial, Helvetica, sans-senif, SimSun, ; line-height: inherit; vertical-align: baseline; color: rgb(51, 51, 51);"">&nbsp;&nbsp;</div><div style=""box-sizing: content-box; margin: 0px; padding: 0px; border: 0px; font-family: Arial, Helvetica, sans-senif, SimSun, ; line-height: inherit; vertical-align: baseline; color: rgb(51, 51, 51);""><span style=""box-sizing: content-box; margin: 0px; padding: 0px; border: 0px; font-family: inherit; font-size: 16px; font-style: inherit; font-variant: inherit; line-height: inherit; vertical-align: baseline;"">Newest Bluedio T2 Multifunction Stereo Bluetooth Headset noise canceling headphone wireless Headphone</span></div><div style=""box-sizing: content-box; margin: 0px; padding: 0px; border: 0px; font-family: Arial, Helvetica, sans-senif, SimSun, ; line-height: inherit; vertical-align: baseline; color: rgb(51, 51, 51);"">&nbsp;&nbsp;</div><div style=""box-sizing: content-box; margin: 0px; padding: 0px; border: 0px; font-family: Arial, Helvetica, sans-senif, SimSun, ; line-height: inherit; vertical-align: baseline; color: rgb(51, 51, 51);""><span style=""box-sizing: content-box; margin: 0px; padding: 0px; border: 0px; font-family: inherit; font-size: 18px; font-style: inherit; font-variant: inherit; line-height: inherit; vertical-align: baseline;""><span style=""box-sizing: content-box; font-weight: 700;"">Warm tip:Pair with the headphones:&nbsp;</span></span></div><div style=""box-sizing: content-box; margin: 0px; padding: 0px; border: 0px; font-family: Arial, Helvetica, sans-senif, SimSun, ; line-height: inherit; vertical-align: baseline; color: rgb(51, 51, 51);"">&nbsp;&nbsp;</div><div style=""box-sizing: content-box; margin: 0px; padding: 0px; border: 0px; font-family: Arial, Helvetica, sans-senif, SimSun, ; line-height: inherit; vertical-align: baseline; color: rgb(51, 51, 51);""><span style=""box-sizing: content-box; margin: 0px; padding: 0px; border: 0px; font-family: inherit; font-size: 16px; font-style: inherit; font-variant: inherit; line-height: inherit; vertical-align: baseline;"">1. When the headset is off(if not, power off the headset first), press and hold the MF button, only when the LED</span></div><div style=""box-sizing: content-box; margin: 0px; padding: 0px; border: 0px; font-family: Arial, Helvetica, sans-senif, SimSun, ; line-height: inherit; vertical-align: baseline; color: rgb(51, 51, 51);""><span style=""box-sizing: content-box; margin: 0px; padding: 0px; border: 0px; font-family: inherit; font-size: 16px; font-style: inherit; font-variant: inherit; line-height: inherit; vertical-align: baseline;"">remains blue can you release the button. The headset is in pairing mode.&nbsp;</span></div><div style=""box-sizing: content-box; margin: 0px; padding: 0px; border: 0px; font-family: Arial, Helvetica, sans-senif, SimSun, ; line-height: inherit; vertical-align: baseline; color: rgb(51, 51, 51);""><span style=""box-sizing: content-box; margin: 0px; padding: 0px; border: 0px; font-family: inherit; font-size: 16px; font-style: inherit; font-variant: inherit; line-height: inherit; vertical-align: baseline;"">2. Switch on the Bluetooth of your mobile phone, add/search devices.&nbsp;</span></div><div style=""box-sizing: content-box; margin: 0px; padding: 0px; border: 0px; font-family: Arial, Helvetica, sans-senif, SimSun, ; line-height: inherit; vertical-align: baseline; color: rgb(51, 51, 51);""><span style=""box-sizing: content-box; margin: 0px; padding: 0px; border: 0px; font-family: inherit; font-size: 16px; font-style: inherit; font-variant: inherit; line-height: inherit; vertical-align: baseline;"">3. When ""Bluedio"" appears, select it. (If asked for a pass code: Enter ""0000"")&nbsp;</span></div><div style=""box-sizing: content-box; margin: 0px; padding: 0px; border: 0px; font-family: Arial, Helvetica, sans-senif, SimSun, ; line-height: inherit; vertical-align: baseline; color: rgb(51, 51, 51);"">&nbsp;&nbsp;</div><div style=""box-sizing: content-box; margin: 0px; padding: 0px; border: 0px; font-family: Arial, Helvetica, sans-senif, SimSun, ; line-height: inherit; vertical-align: baseline; color: rgb(51, 51, 51);""><span style=""box-sizing: content-box; margin: 0px; padding: 0px; border: 0px; font-family: inherit; font-size: 18px; font-style: inherit; font-variant: inherit; line-height: inherit; vertical-align: baseline;""><span style=""box-sizing: content-box; font-weight: 700;"">Main Features:&nbsp;</span></span></div><div style=""box-sizing: content-box; margin: 0px; padding: 0px; border: 0px; font-family: Arial, Helvetica, sans-senif, SimSun, ; line-height: inherit; vertical-align: baseline; color: rgb(51, 51, 51);""><span style=""box-sizing: content-box; margin: 0px; padding: 0px; border: 0px; font-family: inherit; font-size: 16px; font-style: inherit; font-variant: inherit; line-height: inherit; vertical-align: baseline;"">Bluetooth: V4.1   EDR</span></div><div style=""box-sizing: content-box; margin: 0px; padding: 0px; border: 0px; font-family: Arial, Helvetica, sans-senif, SimSun, ; line-height: inherit; vertical-align: baseline; color: rgb(51, 51, 51);""><span style=""box-sizing: content-box; margin: 0px; padding: 0px; border: 0px; font-family: inherit; font-size: 16px; font-style: inherit; font-variant: inherit; line-height: inherit; vertical-align: baseline;"">High quality materials, lightweight body allows you to wear more comfortable</span></div><div style=""box-sizing: content-box; margin: 0px; padding: 0px; border: 0px; font-family: Arial, Helvetica, sans-senif, SimSun, ; line-height: inherit; vertical-align: baseline; color: rgb(51, 51, 51);""><span style=""box-sizing: content-box; margin: 0px; padding: 0px; border: 0px; font-family: inherit; font-size: 16px; font-style: inherit; font-variant: inherit; line-height: inherit; vertical-align: baseline;"">It has built-in high-quality battery</span></div><div style=""box-sizing: content-box; margin: 0px; padding: 0px; border: 0px; font-family: Arial, Helvetica, sans-senif, SimSun, ; line-height: inherit; vertical-align: baseline; color: rgb(51, 51, 51);""><span style=""box-sizing: content-box; margin: 0px; padding: 0px; border: 0px; font-family: inherit; font-size: 16px; font-style: inherit; font-variant: inherit; line-height: inherit; vertical-align: baseline;"">Compatible with various brands of Bluetooth phones and Bluetooth notebooks, tablet PCs, MID, etc.</span></div><div style=""box-sizing: content-box; margin: 0px; padding: 0px; border: 0px; font-family: Arial, Helvetica, sans-senif, SimSun, ; line-height: inherit; vertical-align: baseline; color: rgb(51, 51, 51);"">&nbsp;&nbsp;</div><div style=""box-sizing: content-box; margin: 0px; padding: 0px; border: 0px; font-family: Arial, Helvetica, sans-senif, SimSun, ; line-height: inherit; vertical-align: baseline; color: rgb(51, 51, 51);""><span style=""box-sizing: content-box; margin: 0px; padding: 0px; border: 0px; font-family: inherit; font-size: 16px; font-style: inherit; font-variant: inherit; line-height: inherit; vertical-align: baseline;"">Specification:General &nbsp; &nbsp; &nbsp; &nbsp; &nbsp; &nbsp; &nbsp; &nbsp; &nbsp; &nbsp; &nbsp; &nbsp; &nbsp; &nbsp; &nbsp; &nbsp; &nbsp;&nbsp;</span></div><div style=""box-sizing: content-box; margin: 0px; padding: 0px; border: 0px; font-family: Arial, Helvetica, sans-senif, SimSun, ; line-height: inherit; vertical-align: baseline; color: rgb(51, 51, 51);""><span style=""box-sizing: content-box; margin: 0px; padding: 0px; border: 0px; font-family: inherit; font-size: 16px; font-style: inherit; font-variant: inherit; line-height: inherit; vertical-align: baseline;"">Model:Bluedio T2</span></div><div style=""box-sizing: content-box; margin: 0px; padding: 0px; border: 0px; font-family: Arial, Helvetica, sans-senif, SimSun, ; line-height: inherit; vertical-align: baseline; color: rgb(51, 51, 51);""><span style=""box-sizing: content-box; margin: 0px; padding: 0px; border: 0px; font-family: inherit; font-size: 16px; font-style: inherit; font-variant: inherit; line-height: inherit; vertical-align: baseline;"">Color:White, Black</span></div><div style=""box-sizing: content-box; margin: 0px; padding: 0px; border: 0px; font-family: Arial, Helvetica, sans-senif, SimSun, ; line-height: inherit; vertical-align: baseline; color: rgb(51, 51, 51);""><span style=""box-sizing: content-box; margin: 0px; padding: 0px; border: 0px; font-family: inherit; font-size: 16px; font-style: inherit; font-variant: inherit; line-height: inherit; vertical-align: baseline;"">Wearing type:Headband</span></div><div style=""box-sizing: content-box; margin: 0px; padding: 0px; border: 0px; font-family: Arial, Helvetica, sans-senif, SimSun, ; line-height: inherit; vertical-align: baseline; color: rgb(51, 51, 51);""><span style=""box-sizing: content-box; margin: 0px; padding: 0px; border: 0px; font-family: inherit; font-size: 16px; font-style: inherit; font-variant: inherit; line-height: inherit; vertical-align: baseline;"">Feature:Wireless Headphone</span></div><div style=""box-sizing: content-box; margin: 0px; padding: 0px; border: 0px; font-family: Arial, Helvetica, sans-senif, SimSun, ; line-height: inherit; vertical-align: baseline; color: rgb(51, 51, 51);""><span style=""box-sizing: content-box; margin: 0px; padding: 0px; border: 0px; font-family: inherit; font-size: 16px; font-style: inherit; font-variant: inherit; line-height: inherit; vertical-align: baseline;"">Function:Bluetooth, Answering phone, Microphone</span></div><div style=""box-sizing: content-box; margin: 0px; padding: 0px; border: 0px; font-family: Arial, Helvetica, sans-senif, SimSun, ; line-height: inherit; vertical-align: baseline; color: rgb(51, 51, 51);"">&nbsp;&nbsp;</div><div style=""box-sizing: content-box; margin: 0px; padding: 0px; border: 0px; font-family: Arial, Helvetica, sans-senif, SimSun, ; line-height: inherit; vertical-align: baseline; color: rgb(51, 51, 51);""><span style=""box-sizing: content-box; font-weight: 700;""><span style=""box-sizing: content-box; margin: 0px; padding: 0px; border: 0px; font-family: inherit; font-size: 18px; font-style: inherit; font-variant: inherit; font-weight: inherit; line-height: inherit; vertical-align: baseline;"">Specification &nbsp; &nbsp; &nbsp; &nbsp; &nbsp; &nbsp; &nbsp; &nbsp; &nbsp; &nbsp; &nbsp; &nbsp; &nbsp; &nbsp;</span></span></div><div style=""box-sizing: content-box; margin: 0px; padding: 0px; border: 0px; font-family: Arial, Helvetica, sans-senif, SimSun, ; line-height: inherit; vertical-align: baseline; color: rgb(51, 51, 51);"">&nbsp;&nbsp;</div><div style=""box-sizing: content-box; margin: 0px; padding: 0px; border: 0px; font-family: Arial, Helvetica, sans-senif, SimSun, ; line-height: inherit; vertical-align: baseline; color: rgb(51, 51, 51);""><span style=""box-sizing: content-box; margin: 0px; padding: 0px; border: 0px; font-family: inherit; font-size: 16px; font-style: inherit; font-variant: inherit; line-height: inherit; vertical-align: baseline;"">Connectivity:Wireless</span></div><div style=""box-sizing: content-box; margin: 0px; padding: 0px; border: 0px; font-family: Arial, Helvetica, sans-senif, SimSun, ; line-height: inherit; vertical-align: baseline; color: rgb(51, 51, 51);"">&nbsp;&nbsp;</div><div style=""box-sizing: content-box; margin: 0px; padding: 0px; border: 0px; font-family: Arial, Helvetica, sans-senif, SimSun, ; line-height: inherit; vertical-align: baseline; color: rgb(51, 51, 51);""><span style=""box-sizing: content-box; margin: 0px; padding: 0px; border: 0px; font-family: inherit; font-size: 16px; font-style: inherit; font-variant: inherit; line-height: inherit; vertical-align: baseline;"">Connecting interface:Micro USB</span></div><div style=""box-sizing: content-box; margin: 0px; padding: 0px; border: 0px; font-family: Arial, Helvetica, sans-senif, SimSun, ; line-height: inherit; vertical-align: baseline; color: rgb(51, 51, 51);"">&nbsp;&nbsp;</div><div style=""box-sizing: content-box; margin: 0px; padding: 0px; border: 0px; font-family: Arial, Helvetica, sans-senif, SimSun, ; line-height: inherit; vertical-align: baseline; color: rgb(51, 51, 51);""><span style=""box-sizing: content-box; margin: 0px; padding: 0px; border: 0px; font-family: inherit; font-size: 16px; font-style: inherit; font-variant: inherit; line-height: inherit; vertical-align: baseline;"">Application:Mobile Phone, Sport</span></div><div style=""box-sizing: content-box; margin: 0px; padding: 0px; border: 0px; font-family: Arial, Helvetica, sans-senif, SimSun, ; line-height: inherit; vertical-align: baseline; color: rgb(51, 51, 51);"">&nbsp;&nbsp;</div><div style=""box-sizing: content-box; margin: 0px; padding: 0px; border: 0px; font-family: Arial, Helvetica, sans-senif, SimSun, ; line-height: inherit; vertical-align: baseline; color: rgb(51, 51, 51);""><span style=""box-sizing: content-box; margin: 0px; padding: 0px; border: 0px; font-family: inherit; font-size: 16px; font-style: inherit; font-variant: inherit; line-height: inherit; vertical-align: baseline;"">Power supply:Builti-in rechargeable battery</span></div><div style=""box-sizing: content-box; margin: 0px; padding: 0px; border: 0px; font-family: Arial, Helvetica, sans-senif, SimSun, ; line-height: inherit; vertical-align: baseline; color: rgb(51, 51, 51);"">&nbsp;&nbsp;</div><div style=""box-sizing: content-box; margin: 0px; padding: 0px; border: 0px; font-family: Arial, Helvetica, sans-senif, SimSun, ; line-height: inherit; vertical-align: baseline; color: rgb(51, 51, 51);""><span style=""box-sizing: content-box; margin: 0px; padding: 0px; border: 0px; font-family: inherit; font-size: 16px; font-style: inherit; font-variant: inherit; line-height: inherit; vertical-align: baseline;"">Working time:45 hours</span></div><div style=""box-sizing: content-box; margin: 0px; padding: 0px; border: 0px; font-family: Arial, Helvetica, sans-senif, SimSun, ; line-height: inherit; vertical-align: baseline; color: rgb(51, 51, 51);"">&nbsp;&nbsp;</div><div style=""box-sizing: content-box; margin: 0px; padding: 0px; border: 0px; font-family: Arial, Helvetica, sans-senif, SimSun, ; line-height: inherit; vertical-align: baseline; color: rgb(51, 51, 51);""><span style=""box-sizing: content-box; margin: 0px; padding: 0px; border: 0px; font-family: inherit; font-size: 16px; font-style: inherit; font-variant: inherit; line-height: inherit; vertical-align: baseline;"">Extended Function:</span></div><div style=""box-sizing: content-box; margin: 0px; padding: 0px; border: 0px; font-family: Arial, Helvetica, sans-senif, SimSun, ; line-height: inherit; vertical-align: baseline; color: rgb(51, 51, 51);"">&nbsp;&nbsp;</div><div style=""box-sizing: content-box; margin: 0px; padding: 0px; border: 0px; font-family: Arial, Helvetica, sans-senif, SimSun, ; line-height: inherit; vertical-align: baseline; color: rgb(51, 51, 51);""><span style=""box-sizing: content-box; margin: 0px; padding: 0px; border: 0px; font-family: inherit; font-size: 16px; font-style: inherit; font-variant: inherit; line-height: inherit; vertical-align: baseline;"">Bluetooth:Yes</span></div><div style=""box-sizing: content-box; margin: 0px; padding: 0px; border: 0px; font-family: Arial, Helvetica, sans-senif, SimSun, ; line-height: inherit; vertical-align: baseline; color: rgb(51, 51, 51);"">&nbsp;&nbsp;</div><div style=""box-sizing: content-box; margin: 0px; padding: 0px; border: 0px; font-family: Arial, Helvetica, sans-senif, SimSun, ; line-height: inherit; vertical-align: baseline; color: rgb(51, 51, 51);""><span style=""box-sizing: content-box; margin: 0px; padding: 0px; border: 0px; font-family: inherit; font-size: 16px; font-style: inherit; font-variant: inherit; line-height: inherit; vertical-align: baseline;"">Bluetooth version:V4.1</span></div><div style=""box-sizing: content-box; margin: 0px; padding: 0px; border: 0px; font-family: Arial, Helvetica, sans-senif, SimSun, ; line-height: inherit; vertical-align: baseline; color: rgb(51, 51, 51);"">&nbsp;&nbsp;</div><div style=""box-sizing: content-box; margin: 0px; padding: 0px; border: 0px; font-family: Arial, Helvetica, sans-senif, SimSun, ; line-height: inherit; vertical-align: baseline; color: rgb(51, 51, 51);""><span style=""box-sizing: content-box; margin: 0px; padding: 0px; border: 0px; font-family: inherit; font-size: 16px; font-style: inherit; font-variant: inherit; line-height: inherit; vertical-align: baseline;"">Bluetooth distance:up to 10m(free space)</span></div><div style=""box-sizing: content-box; margin: 0px; padding: 0px; border: 0px; font-family: Arial, Helvetica, sans-senif, SimSun, ; line-height: inherit; vertical-align: baseline; color: rgb(51, 51, 51);"">&nbsp;&nbsp;</div><div style=""box-sizing: content-box; margin: 0px; padding: 0px; border: 0px; font-family: Arial, Helvetica, sans-senif, SimSun, ; line-height: inherit; vertical-align: baseline; color: rgb(51, 51, 51);""><span style=""box-sizing: content-box; margin: 0px; padding: 0px; border: 0px; font-family: inherit; font-size: 16px; font-style: inherit; font-variant: inherit; line-height: inherit; vertical-align: baseline;"">Bluetooth model:Headset, Hands free</span></div><div style=""box-sizing: content-box; margin: 0px; padding: 0px; border: 0px; font-family: Arial, Helvetica, sans-senif, SimSun, ; line-height: inherit; vertical-align: baseline; color: rgb(51, 51, 51);"">&nbsp;&nbsp;</div><div style=""box-sizing: content-box; margin: 0px; padding: 0px; border: 0px; font-family: Arial, Helvetica, sans-senif, SimSun, ; line-height: inherit; vertical-align: baseline; color: rgb(51, 51, 51);""><span style=""box-sizing: content-box; margin: 0px; padding: 0px; border: 0px; font-family: inherit; font-size: 16px; font-style: inherit; font-variant: inherit; line-height: inherit; vertical-align: baseline;"">Dimension and Weight &nbsp; &nbsp; &nbsp; &nbsp; &nbsp; &nbsp;&nbsp;</span></div><div style=""box-sizing: content-box; margin: 0px; padding: 0px; border: 0px; font-family: Arial, Helvetica, sans-senif, SimSun, ; line-height: inherit; vertical-align: baseline; color: rgb(51, 51, 51);"">&nbsp;&nbsp;</div><div style=""box-sizing: content-box; margin: 0px; padding: 0px; border: 0px; font-family: Arial, Helvetica, sans-senif, SimSun, ; line-height: inherit; vertical-align: baseline; color: rgb(51, 51, 51);""><span style=""box-sizing: content-box; margin: 0px; padding: 0px; border: 0px; font-family: inherit; font-size: 16px; font-style: inherit; font-variant: inherit; line-height: inherit; vertical-align: baseline;"">Product weight:0.228 kg</span></div><div style=""box-sizing: content-box; margin: 0px; padding: 0px; border: 0px; font-family: Arial, Helvetica, sans-senif, SimSun, ; line-height: inherit; vertical-align: baseline; color: rgb(51, 51, 51);"">&nbsp;&nbsp;</div><div style=""box-sizing: content-box; margin: 0px; padding: 0px; border: 0px; font-family: Arial, Helvetica, sans-senif, SimSun, ; line-height: inherit; vertical-align: baseline; color: rgb(51, 51, 51);""><span style=""box-sizing: content-box; margin: 0px; padding: 0px; border: 0px; font-family: inherit; font-size: 16px; font-style: inherit; font-variant: inherit; line-height: inherit; vertical-align: baseline;"">Package weight:0.485 kg</span></div><div style=""box-sizing: content-box; margin: 0px; padding: 0px; border: 0px; font-family: Arial, Helvetica, sans-senif, SimSun, ; line-height: inherit; vertical-align: baseline; color: rgb(51, 51, 51);"">&nbsp;&nbsp;</div><div style=""box-sizing: content-box; margin: 0px; padding: 0px; border: 0px; font-family: Arial, Helvetica, sans-senif, SimSun, ; line-height: inherit; vertical-align: baseline; color: rgb(51, 51, 51);""><span style=""box-sizing: content-box; margin: 0px; padding: 0px; border: 0px; font-family: inherit; font-size: 16px; font-style: inherit; font-variant: inherit; line-height: inherit; vertical-align: baseline;"">Product size (L x W x H):18.6 x 8.5 x 20 cm / 7.3 x 3.3 x 7.8 inches</span></div><div style=""box-sizing: content-box; margin: 0px; padding: 0px; border: 0px; font-family: Arial, Helvetica, sans-senif, SimSun, ; line-height: inherit; vertical-align: baseline; color: rgb(51, 51, 51);"">&nbsp;&nbsp;</div><div style=""box-sizing: content-box; margin: 0px; padding: 0px; border: 0px; font-family: Arial, Helvetica, sans-senif, SimSun, ; line-height: inherit; vertical-align: baseline; color: rgb(51, 51, 51);""><span style=""box-sizing: content-box; margin: 0px; padding: 0px; border: 0px; font-family: inherit; font-size: 16px; font-style: inherit; font-variant: inherit; line-height: inherit; vertical-align: baseline;"">Package size (L x W x H):21 x 22 x 9 cm</span></div><div style=""box-sizing: content-box; margin: 0px; padding: 0px; border: 0px; font-family: Arial, Helvetica, sans-senif, SimSun, ; line-height: inherit; vertical-align: baseline; color: rgb(51, 51, 51);"">&nbsp;&nbsp;</div><div style=""box-sizing: content-box; margin: 0px; padding: 0px; border: 0px; font-family: Arial, Helvetica, sans-senif, SimSun, ; line-height: inherit; vertical-align: baseline; color: rgb(51, 51, 51);""><span style=""box-sizing: content-box; font-weight: 700;""><span style=""box-sizing: content-box; margin: 0px; padding: 0px; border: 0px; font-family: inherit; font-size: 18px; font-style: inherit; font-variant: inherit; font-weight: inherit; line-height: inherit; vertical-align: baseline;"">Package contents</span></span></div><div style=""box-sizing: content-box; margin: 0px; padding: 0px; border: 0px; font-family: Arial, Helvetica, sans-senif, SimSun, ; line-height: inherit; vertical-align: baseline; color: rgb(51, 51, 51);"">&nbsp;&nbsp;</div><div style=""box-sizing: content-box; margin: 0px; padding: 0px; border: 0px; font-family: Arial, Helvetica, sans-senif, SimSun, ; line-height: inherit; vertical-align: baseline; color: rgb(51, 51, 51);""><span style=""box-sizing: content-box; margin: 0px; padding: 0px; border: 0px; font-family: inherit; font-size: 16px; font-style: inherit; font-variant: inherit; line-height: inherit; vertical-align: baseline;"">1 x Bluetooth Earphone, 1 x Headset, 6 x Earplug, 1 x USB Cable, 1 x User Manua</span>l</div>","<div style=""box-sizing: content-box; margin: 0px; padding: 0px; border: 0px; font-family: Arial, Helvetica, sans-senif, SimSun, ; line-height: inherit; vertical-align: baseline; color: rgb(51, 51, 51);""><span style=""box-sizing: content-box; margin: 0px; padding: 0px; border: 0px; font-family: inherit; font-size: 18px; font-style: inherit; font-variant: inherit; line-height: inherit; vertical-align: baseline;""><span style=""box-sizing: content-box; font-weight: 700;"">Product Description</span></span></div><div style=""box-sizing: content-box; margin: 0px; padding: 0px; border: 0px; font-family: Arial, Helvetica, sans-senif, SimSun, ; line-height: inherit; vertical-align: baseline; color: rgb(51, 51, 51);"">&nbsp;&nbsp;</div><div style=""box-sizing: content-box; margin: 0px; padding: 0px; border: 0px; font-family: Arial, Helvetica, sans-senif, SimSun, ; line-height: inherit; vertical-align: baseline; color: rgb(51, 51, 51);""><span style=""box-sizing: content-box; margin: 0px; padding: 0px; border: 0px; font-family: inherit; font-size: 16px; font-style: inherit; font-variant: inherit; line-height: inherit; vertical-align: baseline;"">About Bluedio&nbsp;</span></div><div style=""box-sizing: content-box; margin: 0px; padding: 0px; border: 0px; font-family: Arial, Helvetica, sans-senif, SimSun, ; line-height: inherit; vertical-align: baseline; color: rgb(51, 51, 51);""><span style=""box-sizing: content-box; margin: 0px; padding: 0px; border: 0px; font-family: inherit; font-size: 16px; font-style: inherit; font-variant: inherit; line-height: inherit; vertical-align: baseline;"">Bluedio is a manufacturer leader in portable audio device, providing solutions of professional audio and&nbsp;</span></div><div style=""box-sizing: content-box; margin: 0px; padding: 0px; border: 0px; font-family: Arial, Helvetica, sans-senif, SimSun, ; line-height: inherit; vertical-align: baseline; color: rgb(51, 51, 51);"">&nbsp;&nbsp;</div><div style=""box-sizing: content-box; margin: 0px; padding: 0px; border: 0px; font-family: Arial, Helvetica, sans-senif, SimSun, ; line-height: inherit; vertical-align: baseline; color: rgb(51, 51, 51);""><span style=""box-sizing: content-box; margin: 0px; padding: 0px; border: 0px; font-family: inherit; font-size: 16px; font-style: inherit; font-variant: inherit; line-height: inherit; vertical-align: baseline;"">wireless communication. In 2009, we have registered Bluedio as our trademark in the USA, later obtained&nbsp;</span></div><div style=""box-sizing: content-box; margin: 0px; padding: 0px; border: 0px; font-family: Arial, Helvetica, sans-senif, SimSun, ; line-height: inherit; vertical-align: baseline; color: rgb(51, 51, 51);"">&nbsp;&nbsp;</div><div style=""box-sizing: content-box; margin: 0px; padding: 0px; border: 0px; font-family: Arial, Helvetica, sans-senif, SimSun, ; line-height: inherit; vertical-align: baseline; color: rgb(51, 51, 51);""><span style=""box-sizing: content-box; margin: 0px; padding: 0px; border: 0px; font-family: inherit; font-size: 16px; font-style: inherit; font-variant: inherit; line-height: inherit; vertical-align: baseline;"">certificates from China and the whole world. So far, Bluedio has owned over 30 patents, highly praised by&nbsp;</span></div><div style=""box-sizing: content-box; margin: 0px; padding: 0px; border: 0px; font-family: Arial, Helvetica, sans-senif, SimSun, ; line-height: inherit; vertical-align: baseline; color: rgb(51, 51, 51);"">&nbsp;&nbsp;</div><div style=""box-sizing: content-box; margin: 0px; padding: 0px; border: 0px; font-family: Arial, Helvetica, sans-senif, SimSun, ; line-height: inherit; vertical-align: baseline; color: rgb(51, 51, 51);""><span style=""box-sizing: content-box; margin: 0px; padding: 0px; border: 0px; font-family: inherit; font-size: 16px; font-style: inherit; font-variant: inherit; line-height: inherit; vertical-align: baseline;"">consumers over 34 countries.</span></div><div style=""box-sizing: content-box; margin: 0px; padding: 0px; border: 0px; font-family: Arial, Helvetica, sans-senif, SimSun, ; line-height: inherit; vertical-align: baseline; color: rgb(51, 51, 51);"">&nbsp;&nbsp;</div><div style=""box-sizing: content-box; margin: 0px; padding: 0px; border: 0px; font-family: Arial, Helvetica, sans-senif, SimSun, ; line-height: inherit; vertical-align: baseline; color: rgb(51, 51, 51);"">&nbsp;&nbsp;</div><div style=""box-sizing: content-box; margin: 0px; padding: 0px; border: 0px; font-family: Arial, Helvetica, sans-senif, SimSun, ; line-height: inherit; vertical-align: baseline; color: rgb(51, 51, 51);""><span style=""box-sizing: content-box; margin: 0px; padding: 0px; border: 0px; font-family: inherit; font-size: 16px; font-style: inherit; font-variant: inherit; line-height: inherit; vertical-align: baseline;"">Newest Bluedio T2 Multifunction Stereo Bluetooth Headset noise canceling headphone wireless Headphone</span></div><div style=""box-sizing: content-box; margin: 0px; padding: 0px; border: 0px; font-family: Arial, Helvetica, sans-senif, SimSun, ; line-height: inherit; vertical-align: baseline; color: rgb(51, 51, 51);"">&nbsp;&nbsp;</div><div style=""box-sizing: content-box; margin: 0px; padding: 0px; border: 0px; font-family: Arial, Helvetica, sans-senif, SimSun, ; line-height: inherit; vertical-align: baseline; color: rgb(51, 51, 51);""><span style=""box-sizing: content-box; margin: 0px; padding: 0px; border: 0px; font-family: inherit; font-size: 18px; font-style: inherit; font-variant: inherit; line-height: inherit; vertical-align: baseline;""><span style=""box-sizing: content-box; font-weight: 700;"">Warm tip:Pair with the headphones:&nbsp;</span></span></div><div style=""box-sizing: content-box; margin: 0px; padding: 0px; border: 0px; font-family: Arial, Helvetica, sans-senif, SimSun, ; line-height: inherit; vertical-align: baseline; color: rgb(51, 51, 51);"">&nbsp;&nbsp;</div><div style=""box-sizing: content-box; margin: 0px; padding: 0px; border: 0px; font-family: Arial, Helvetica, sans-senif, SimSun, ; line-height: inherit; vertical-align: baseline; color: rgb(51, 51, 51);""><span style=""box-sizing: content-box; margin: 0px; padding: 0px; border: 0px; font-family: inherit; font-size: 16px; font-style: inherit; font-variant: inherit; line-height: inherit; vertical-align: baseline;"">1. When the headset is off(if not, power off the headset first), press and hold the MF button, only when the LED</span></div><div style=""box-sizing: content-box; margin: 0px; padding: 0px; border: 0px; font-family: Arial, Helvetica, sans-senif, SimSun, ; line-height: inherit; vertical-align: baseline; color: rgb(51, 51, 51);""><span style=""box-sizing: content-box; margin: 0px; padding: 0px; border: 0px; font-family: inherit; font-size: 16px; font-style: inherit; font-variant: inherit; line-height: inherit; vertical-align: baseline;"">remains blue can you release the button. The headset is in pairing mode.&nbsp;</span></div><div style=""box-sizing: content-box; margin: 0px; padding: 0px; border: 0px; font-family: Arial, Helvetica, sans-senif, SimSun, ; line-height: inherit; vertical-align: baseline; color: rgb(51, 51, 51);""><span style=""box-sizing: content-box; margin: 0px; padding: 0px; border: 0px; font-family: inherit; font-size: 16px; font-style: inherit; font-variant: inherit; line-height: inherit; vertical-align: baseline;"">2. Switch on the Bluetooth of your mobile phone, add/search devices.&nbsp;</span></div><div style=""box-sizing: content-box; margin: 0px; padding: 0px; border: 0px; font-family: Arial, Helvetica, sans-senif, SimSun, ; line-height: inherit; vertical-align: baseline; color: rgb(51, 51, 51);""><span style=""box-sizing: content-box; margin: 0px; padding: 0px; border: 0px; font-family: inherit; font-size: 16px; font-style: inherit; font-variant: inherit; line-height: inherit; vertical-align: baseline;"">3. When ""Bluedio"" appears, select it. (If asked for a pass code: Enter ""0000"")&nbsp;</span></div><div style=""box-sizing: content-box; margin: 0px; padding: 0px; border: 0px; font-family: Arial, Helvetica, sans-senif, SimSun, ; line-height: inherit; vertical-align: baseline; color: rgb(51, 51, 51);"">&nbsp;&nbsp;</div><div style=""box-sizing: content-box; margin: 0px; padding: 0px; border: 0px; font-family: Arial, Helvetica, sans-senif, SimSun, ; line-height: inherit; vertical-align: baseline; color: rgb(51, 51, 51);""><span style=""box-sizing: content-box; margin: 0px; padding: 0px; border: 0px; font-family: inherit; font-size: 18px; font-style: inherit; font-variant: inherit; line-height: inherit; vertical-align: baseline;""><span style=""box-sizing: content-box; font-weight: 700;"">Main Features:&nbsp;</span></span></div><div style=""box-sizing: content-box; margin: 0px; padding: 0px; border: 0px; font-family: Arial, Helvetica, sans-senif, SimSun, ; line-height: inherit; vertical-align: baseline; color: rgb(51, 51, 51);""><span style=""box-sizing: content-box; margin: 0px; padding: 0px; border: 0px; font-family: inherit; font-size: 16px; font-style: inherit; font-variant: inherit; line-height: inherit; vertical-align: baseline;"">Bluetooth: V4.1   EDR</span></div><div style=""box-sizing: content-box; margin: 0px; padding: 0px; border: 0px; font-family: Arial, Helvetica, sans-senif, SimSun, ; line-height: inherit; vertical-align: baseline; color: rgb(51, 51, 51);""><span style=""box-sizing: content-box; margin: 0px; padding: 0px; border: 0px; font-family: inherit; font-size: 16px; font-style: inherit; font-variant: inherit; line-height: inherit; vertical-align: baseline;"">High quality materials, lightweight body allows you to wear more comfortable</span></div><div style=""box-sizing: content-box; margin: 0px; padding: 0px; border: 0px; font-family: Arial, Helvetica, sans-senif, SimSun, ; line-height: inherit; vertical-align: baseline; color: rgb(51, 51, 51);""><span style=""box-sizing: content-box; margin: 0px; padding: 0px; border: 0px; font-family: inherit; font-size: 16px; font-style: inherit; font-variant: inherit; line-height: inherit; vertical-align: baseline;"">It has built-in high-quality battery</span></div><div style=""box-sizing: content-box; margin: 0px; padding: 0px; border: 0px; font-family: Arial, Helvetica, sans-senif, SimSun, ; line-height: inherit; vertical-align: baseline; color: rgb(51, 51, 51);""><span style=""box-sizing: content-box; margin: 0px; padding: 0px; border: 0px; font-family: inherit; font-size: 16px; font-style: inherit; font-variant: inherit; line-height: inherit; vertical-align: baseline;"">Compatible with various brands of Bluetooth phones and Bluetooth notebooks, tablet PCs, MID, etc.</span></div><div style=""box-sizing: content-box; margin: 0px; padding: 0px; border: 0px; font-family: Arial, Helvetica, sans-senif, SimSun, ; line-height: inherit; vertical-align: baseline; color: rgb(51, 51, 51);"">&nbsp;&nbsp;</div><div style=""box-sizing: content-box; margin: 0px; padding: 0px; border: 0px; font-family: Arial, Helvetica, sans-senif, SimSun, ; line-height: inherit; vertical-align: baseline; color: rgb(51, 51, 51);""><span style=""box-sizing: content-box; margin: 0px; padding: 0px; border: 0px; font-family: inherit; font-size: 16px; font-style: inherit; font-variant: inherit; line-height: inherit; vertical-align: baseline;"">Specification:General &nbsp; &nbsp; &nbsp; &nbsp; &nbsp; &nbsp; &nbsp; &nbsp; &nbsp; &nbsp; &nbsp; &nbsp; &nbsp; &nbsp; &nbsp; &nbsp; &nbsp;&nbsp;</span></div><div style=""box-sizing: content-box; margin: 0px; padding: 0px; border: 0px; font-family: Arial, Helvetica, sans-senif, SimSun, ; line-height: inherit; vertical-align: baseline; color: rgb(51, 51, 51);""><span style=""box-sizing: content-box; margin: 0px; padding: 0px; border: 0px; font-family: inherit; font-size: 16px; font-style: inherit; font-variant: inherit; line-height: inherit; vertical-align: baseline;"">Model:Bluedio T2</span></div><div style=""box-sizing: content-box; margin: 0px; padding: 0px; border: 0px; font-family: Arial, Helvetica, sans-senif, SimSun, ; line-height: inherit; vertical-align: baseline; color: rgb(51, 51, 51);""><span style=""box-sizing: content-box; margin: 0px; padding: 0px; border: 0px; font-family: inherit; font-size: 16px; font-style: inherit; font-variant: inherit; line-height: inherit; vertical-align: baseline;"">Color:White, Black</span></div><div style=""box-sizing: content-box; margin: 0px; padding: 0px; border: 0px; font-family: Arial, Helvetica, sans-senif, SimSun, ; line-height: inherit; vertical-align: baseline; color: rgb(51, 51, 51);""><span style=""box-sizing: content-box; margin: 0px; padding: 0px; border: 0px; font-family: inherit; font-size: 16px; font-style: inherit; font-variant: inherit; line-height: inherit; vertical-align: baseline;"">Wearing type:Headband</span></div><div style=""box-sizing: content-box; margin: 0px; padding: 0px; border: 0px; font-family: Arial, Helvetica, sans-senif, SimSun, ; line-height: inherit; vertical-align: baseline; color: rgb(51, 51, 51);""><span style=""box-sizing: content-box; margin: 0px; padding: 0px; border: 0px; font-family: inherit; font-size: 16px; font-style: inherit; font-variant: inherit; line-height: inherit; vertical-align: baseline;"">Feature:Wireless Headphone</span></div><div style=""box-sizing: content-box; margin: 0px; padding: 0px; border: 0px; font-family: Arial, Helvetica, sans-senif, SimSun, ; line-height: inherit; vertical-align: baseline; color: rgb(51, 51, 51);""><span style=""box-sizing: content-box; margin: 0px; padding: 0px; border: 0px; font-family: inherit; font-size: 16px; font-style: inherit; font-variant: inherit; line-height: inherit; vertical-align: baseline;"">Function:Bluetooth, Answering phone, Microphone</span></div><div style=""box-sizing: content-box; margin: 0px; padding: 0px; border: 0px; font-family: Arial, Helvetica, sans-senif, SimSun, ; line-height: inherit; vertical-align: baseline; color: rgb(51, 51, 51);"">&nbsp;&nbsp;</div><div style=""box-sizing: content-box; margin: 0px; padding: 0px; border: 0px; font-family: Arial, Helvetica, sans-senif, SimSun, ; line-height: inherit; vertical-align: baseline; color: rgb(51, 51, 51);""><span style=""box-sizing: content-box; font-weight: 700;""><span style=""box-sizing: content-box; margin: 0px; padding: 0px; border: 0px; font-family: inherit; font-size: 18px; font-style: inherit; font-variant: inherit; font-weight: inherit; line-height: inherit; vertical-align: baseline;"">Specification &nbsp; &nbsp; &nbsp; &nbsp; &nbsp; &nbsp; &nbsp; &nbsp; &nbsp; &nbsp; &nbsp; &nbsp; &nbsp; &nbsp;</span></span></div><div style=""box-sizing: content-box; margin: 0px; padding: 0px; border: 0px; font-family: Arial, Helvetica, sans-senif, SimSun, ; line-height: inherit; vertical-align: baseline; color: rgb(51, 51, 51);"">&nbsp;&nbsp;</div><div style=""box-sizing: content-box; margin: 0px; padding: 0px; border: 0px; font-family: Arial, Helvetica, sans-senif, SimSun, ; line-height: inherit; vertical-align: baseline; color: rgb(51, 51, 51);""><span style=""box-sizing: content-box; margin: 0px; padding: 0px; border: 0px; font-family: inherit; font-size: 16px; font-style: inherit; font-variant: inherit; line-height: inherit; vertical-align: baseline;"">Connectivity:Wireless</span></div><div style=""box-sizing: content-box; margin: 0px; padding: 0px; border: 0px; font-family: Arial, Helvetica, sans-senif, SimSun, ; line-height: inherit; vertical-align: baseline; color: rgb(51, 51, 51);"">&nbsp;&nbsp;</div><div style=""box-sizing: content-box; margin: 0px; padding: 0px; border: 0px; font-family: Arial, Helvetica, sans-senif, SimSun, ; line-height: inherit; vertical-align: baseline; color: rgb(51, 51, 51);""><span style=""box-sizing: content-box; margin: 0px; padding: 0px; border: 0px; font-family: inherit; font-size: 16px; font-style: inherit; font-variant: inherit; line-height: inherit; vertical-align: baseline;"">Connecting interface:Micro USB</span></div><div style=""box-sizing: content-box; margin: 0px; padding: 0px; border: 0px; font-family: Arial, Helvetica, sans-senif, SimSun, ; line-height: inherit; vertical-align: baseline; color: rgb(51, 51, 51);"">&nbsp;&nbsp;</div><div style=""box-sizing: content-box; margin: 0px; padding: 0px; border: 0px; font-family: Arial, Helvetica, sans-senif, SimSun, ; line-height: inherit; vertical-align: baseline; color: rgb(51, 51, 51);""><span style=""box-sizing: content-box; margin: 0px; padding: 0px; border: 0px; font-family: inherit; font-size: 16px; font-style: inherit; font-variant: inherit; line-height: inherit; vertical-align: baseline;"">Application:Mobile Phone, Sport</span></div><div style=""box-sizing: content-box; margin: 0px; padding: 0px; border: 0px; font-family: Arial, Helvetica, sans-senif, SimSun, ; line-height: inherit; vertical-align: baseline; color: rgb(51, 51, 51);"">&nbsp;&nbsp;</div><div style=""box-sizing: content-box; margin: 0px; padding: 0px; border: 0px; font-family: Arial, Helvetica, sans-senif, SimSun, ; line-height: inherit; vertical-align: baseline; color: rgb(51, 51, 51);""><span style=""box-sizing: content-box; margin: 0px; padding: 0px; border: 0px; font-family: inherit; font-size: 16px; font-style: inherit; font-variant: inherit; line-height: inherit; vertical-align: baseline;"">Power supply:Builti-in rechargeable battery</span></div><div style=""box-sizing: content-box; margin: 0px; padding: 0px; border: 0px; font-family: Arial, Helvetica, sans-senif, SimSun, ; line-height: inherit; vertical-align: baseline; color: rgb(51, 51, 51);"">&nbsp;&nbsp;</div><div style=""box-sizing: content-box; margin: 0px; padding: 0px; border: 0px; font-family: Arial, Helvetica, sans-senif, SimSun, ; line-height: inherit; vertical-align: baseline; color: rgb(51, 51, 51);""><span style=""box-sizing: content-box; margin: 0px; padding: 0px; border: 0px; font-family: inherit; font-size: 16px; font-style: inherit; font-variant: inherit; line-height: inherit; vertical-align: baseline;"">Working time:45 hours</span></div><div style=""box-sizing: content-box; margin: 0px; padding: 0px; border: 0px; font-family: Arial, Helvetica, sans-senif, SimSun, ; line-height: inherit; vertical-align: baseline; color: rgb(51, 51, 51);"">&nbsp;&nbsp;</div><div style=""box-sizing: content-box; margin: 0px; padding: 0px; border: 0px; font-family: Arial, Helvetica, sans-senif, SimSun, ; line-height: inherit; vertical-align: baseline; color: rgb(51, 51, 51);""><span style=""box-sizing: content-box; margin: 0px; padding: 0px; border: 0px; font-family: inherit; font-size: 16px; font-style: inherit; font-variant: inherit; line-height: inherit; vertical-align: baseline;"">Extended Function:</span></div><div style=""box-sizing: content-box; margin: 0px; padding: 0px; border: 0px; font-family: Arial, Helvetica, sans-senif, SimSun, ; line-height: inherit; vertical-align: baseline; color: rgb(51, 51, 51);"">&nbsp;&nbsp;</div><div style=""box-sizing: content-box; margin: 0px; padding: 0px; border: 0px; font-family: Arial, Helvetica, sans-senif, SimSun, ; line-height: inherit; vertical-align: baseline; color: rgb(51, 51, 51);""><span style=""box-sizing: content-box; margin: 0px; padding: 0px; border: 0px; font-family: inherit; font-size: 16px; font-style: inherit; font-variant: inherit; line-height: inherit; vertical-align: baseline;"">Bluetooth:Yes</span></div><div style=""box-sizing: content-box; margin: 0px; padding: 0px; border: 0px; font-family: Arial, Helvetica, sans-senif, SimSun, ; line-height: inherit; vertical-align: baseline; color: rgb(51, 51, 51);"">&nbsp;&nbsp;</div><div style=""box-sizing: content-box; margin: 0px; padding: 0px; border: 0px; font-family: Arial, Helvetica, sans-senif, SimSun, ; line-height: inherit; vertical-align: baseline; color: rgb(51, 51, 51);""><span style=""box-sizing: content-box; margin: 0px; padding: 0px; border: 0px; font-family: inherit; font-size: 16px; font-style: inherit; font-variant: inherit; line-height: inherit; vertical-align: baseline;"">Bluetooth version:V4.1</span></div><div style=""box-sizing: content-box; margin: 0px; padding: 0px; border: 0px; font-family: Arial, Helvetica, sans-senif, SimSun, ; line-height: inherit; vertical-align: baseline; color: rgb(51, 51, 51);"">&nbsp;&nbsp;</div><div style=""box-sizing: content-box; margin: 0px; padding: 0px; border: 0px; font-family: Arial, Helvetica, sans-senif, SimSun, ; line-height: inherit; vertical-align: baseline; color: rgb(51, 51, 51);""><span style=""box-sizing: content-box; margin: 0px; padding: 0px; border: 0px; font-family: inherit; font-size: 16px; font-style: inherit; font-variant: inherit; line-height: inherit; vertical-align: baseline;"">Bluetooth distance:up to 10m(free space)</span></div><div style=""box-sizing: content-box; margin: 0px; padding: 0px; border: 0px; font-family: Arial, Helvetica, sans-senif, SimSun, ; line-height: inherit; vertical-align: baseline; color: rgb(51, 51, 51);"">&nbsp;&nbsp;</div><div style=""box-sizing: content-box; margin: 0px; padding: 0px; border: 0px; font-family: Arial, Helvetica, sans-senif, SimSun, ; line-height: inherit; vertical-align: baseline; color: rgb(51, 51, 51);""><span style=""box-sizing: content-box; margin: 0px; padding: 0px; border: 0px; font-family: inherit; font-size: 16px; font-style: inherit; font-variant: inherit; line-height: inherit; vertical-align: baseline;"">Bluetooth model:Headset, Hands free</span></div><div style=""box-sizing: content-box; margin: 0px; padding: 0px; border: 0px; font-family: Arial, Helvetica, sans-senif, SimSun, ; line-height: inherit; vertical-align: baseline; color: rgb(51, 51, 51);"">&nbsp;&nbsp;</div><div style=""box-sizing: content-box; margin: 0px; padding: 0px; border: 0px; font-family: Arial, Helvetica, sans-senif, SimSun, ; line-height: inherit; vertical-align: baseline; color: rgb(51, 51, 51);""><span style=""box-sizing: content-box; margin: 0px; padding: 0px; border: 0px; font-family: inherit; font-size: 16px; font-style: inherit; font-variant: inherit; line-height: inherit; vertical-align: baseline;"">Dimension and Weight &nbsp; &nbsp; &nbsp; &nbsp; &nbsp; &nbsp;&nbsp;</span></div><div style=""box-sizing: content-box; margin: 0px; padding: 0px; border: 0px; font-family: Arial, Helvetica, sans-senif, SimSun, ; line-height: inherit; vertical-align: baseline; color: rgb(51, 51, 51);"">&nbsp;&nbsp;</div><div style=""box-sizing: content-box; margin: 0px; padding: 0px; border: 0px; font-family: Arial, Helvetica, sans-senif, SimSun, ; line-height: inherit; vertical-align: baseline; color: rgb(51, 51, 51);""><span style=""box-sizing: content-box; margin: 0px; padding: 0px; border: 0px; font-family: inherit; font-size: 16px; font-style: inherit; font-variant: inherit; line-height: inherit; vertical-align: baseline;"">Product weight:0.228 kg</span></div><div style=""box-sizing: content-box; margin: 0px; padding: 0px; border: 0px; font-family: Arial, Helvetica, sans-senif, SimSun, ; line-height: inherit; vertical-align: baseline; color: rgb(51, 51, 51);"">&nbsp;&nbsp;</div><div style=""box-sizing: content-box; margin: 0px; padding: 0px; border: 0px; font-family: Arial, Helvetica, sans-senif, SimSun, ; line-height: inherit; vertical-align: baseline; color: rgb(51, 51, 51);""><span style=""box-sizing: content-box; margin: 0px; padding: 0px; border: 0px; font-family: inherit; font-size: 16px; font-style: inherit; font-variant: inherit; line-height: inherit; vertical-align: baseline;"">Package weight:0.485 kg</span></div><div style=""box-sizing: content-box; margin: 0px; padding: 0px; border: 0px; font-family: Arial, Helvetica, sans-senif, SimSun, ; line-height: inherit; vertical-align: baseline; color: rgb(51, 51, 51);"">&nbsp;&nbsp;</div><div style=""box-sizing: content-box; margin: 0px; padding: 0px; border: 0px; font-family: Arial, Helvetica, sans-senif, SimSun, ; line-height: inherit; vertical-align: baseline; color: rgb(51, 51, 51);""><span style=""box-sizing: content-box; margin: 0px; padding: 0px; border: 0px; font-family: inherit; font-size: 16px; font-style: inherit; font-variant: inherit; line-height: inherit; vertical-align: baseline;"">Product size (L x W x H):18.6 x 8.5 x 20 cm / 7.3 x 3.3 x 7.8 inches</span></div><div style=""box-sizing: content-box; margin: 0px; padding: 0px; border: 0px; font-family: Arial, Helvetica, sans-senif, SimSun, ; line-height: inherit; vertical-align: baseline; color: rgb(51, 51, 51);"">&nbsp;&nbsp;</div><div style=""box-sizing: content-box; margin: 0px; padding: 0px; border: 0px; font-family: Arial, Helvetica, sans-senif, SimSun, ; line-height: inherit; vertical-align: baseline; color: rgb(51, 51, 51);""><span style=""box-sizing: content-box; margin: 0px; padding: 0px; border: 0px; font-family: inherit; font-size: 16px; font-style: inherit; font-variant: inherit; line-height: inherit; vertical-align: baseline;"">Package size (L x W x H):21 x 22 x 9 cm</span></div><div style=""box-sizing: content-box; margin: 0px; padding: 0px; border: 0px; font-family: Arial, Helvetica, sans-senif, SimSun, ; line-height: inherit; vertical-align: baseline; color: rgb(51, 51, 51);"">&nbsp;&nbsp;</div><div style=""box-sizing: content-box; margin: 0px; padding: 0px; border: 0px; font-family: Arial, Helvetica, sans-senif, SimSun, ; line-height: inherit; vertical-align: baseline; color: rgb(51, 51, 51);""><span style=""box-sizing: content-box; font-weight: 700;""><span style=""box-sizing: content-box; margin: 0px; padding: 0px; border: 0px; font-family: inherit; font-size: 18px; font-style: inherit; font-variant: inherit; font-weight: inherit; line-height: inherit; vertical-align: baseline;"">Package contents</span></span></div><div style=""box-sizing: content-box; margin: 0px; padding: 0px; border: 0px; font-family: Arial, Helvetica, sans-senif, SimSun, ; line-height: inherit; vertical-align: baseline; color: rgb(51, 51, 51);"">&nbsp;&nbsp;</div><div style=""box-sizing: content-box; margin: 0px; padding: 0px; border: 0px; font-family: Arial, Helvetica, sans-senif, SimSun, ; line-height: inherit; vertical-align: baseline; color: rgb(51, 51, 51);""><span style=""box-sizing: content-box; margin: 0px; padding: 0px; border: 0px; font-family: inherit; font-size: 16px; font-style: inherit; font-variant: inherit; line-height: inherit; vertical-align: baseline;"">1 x Bluetooth Earphone, 1 x Headset, 6 x Earplug, 1 x USB Cable, 1 x User Manua</span>l</div>
Compatible with #5705All Audio Devices
Type #5935-"
Electronics,Headphones & Headsets,BLUEDIO TURBINE T2,BLUEDIOTURBINET2,Enable,Universal Bluedio Bluetooth stereo headphones Headphones Iphone HTC Samsung Red Color,0,0,Other,1000,150,150,150,150,150,Specifications:<br><br><br><br>Model: Bluedio Turbine T2<br>Drivers: 57mm speaker X 2<br>Transducer type: Dynamic<br>Bluetooth version: V4.1 EDR<br>Frequency range: 2.4GHz-2.48GHz<br>Operating distance: up to 10m (free space)<br>Bluetooth profiles: A2DPAVRCPHSPHFP<br>Impedance: 16<br>Frequency response: 20Hz-20kHz<br>Sensitivity: 118dB<br>Distortion:&lt;0.1%(TT2HD)<br>Music playtime: up to 40 hours<br>Talk time: up to 45 hours<br>Standby time: up to 1625 hours<br>Charging time: about 2 hours<br><br>Charging Interface:Micro-USB<br>Size:186 x 85 x 200mm<br><br>Package Included:<br><br>1 X T2 Bluetooth headphone<br>1 X USB cable<br>1 X 3.5mm audio cable<br>1 X User manual,"Specifications:<br><br><br><br>Model: Bluedio Turbine T2<br>Drivers: 57mm speaker X 2<br>Transducer type: Dynamic<br>Bluetooth version: V4.1 EDR<br>Frequency range: 2.4GHz-2.48GHz<br>Operating distance: up to 10m (free space)<br>Bluetooth profiles: A2DPAVRCPHSPHFP<br>Impedance: 16<br>Frequency response: 20Hz-20kHz<br>Sensitivity: 118dB<br>Distortion:&lt;0.1%(TT2HD)<br>Music playtime: up to 40 hours<br>Talk time: up to 45 hours<br>Standby time: up to 1625 hours<br>Charging time: about 2 hours<br><br>Charging Interface:Micro-USB<br>Size:186 x 85 x 200mm<br><br>Package Included:<br><br>1 X T2 Bluetooth headphone<br>1 X USB cable<br>1 X 3.5mm audio cable<br>1 X User manual
Compatible with: Mobile Phones
Type: Over Ear"
Electronics,Headphones & Headsets,BLUEDIO VINYL,BLUEDIOVINYL,Enable,"Bluedio Vinyl Stereo Rotary On Ear Wireless , Silver",0,0,Bluedio,1000,299,299,299,299,299,"Features and Specifications:<br /><br />Bluetooth 4.1- With lower power consumption, the latest Bluetooth 4.1 chip can ensure a long-lasting battery life. Besides, it’s easily compatible with Apple devices like iPhone, and iPad as well as Android tablets and smartphones.<br />Rotational structure- Vinyl has been designed to be rotational. The horizontal rotation helps to save more space, which makes it convenient for you to carry. The vertical rotation allows you to listen with just one ear.<br />Exquisite craft- Vinyl is built with an Al-Ti alloy body, which is strong and lightweight. Every radian is carefully considered to build the comfortable streamline. The adjustable band can be accurately set to fit different head forms.Exquisite craft Vinyl is built with an Al-Ti alloy body, which is strong and lightweight. Every radian is carefully considered to build the comfortable streamline. The adjustable band can be accurately set to fit different head forms.<br />3D sound- The built-in 3D sound can effectively strengthen the sound field to make the sound more stereo. Simply turn on it, you will hear sound from all directions as if you are on the scene.<br />Comfortable- The artificial leather earmuffs are padded with memory foam which is rich in protein, so it can stay over your ears comfortably for a long time<br /> Color: Silver<br /> Model Number: Bluedio Vinyl","Features and Specifications:<br /><br />Bluetooth 4.1- With lower power consumption, the latest Bluetooth 4.1 chip can ensure a long-lasting battery life. Besides, it’s easily compatible with Apple devices like iPhone, and iPad as well as Android tablets and smartphones.<br />Rotational structure- Vinyl has been designed to be rotational. The horizontal rotation helps to save more space, which makes it convenient for you to carry. The vertical rotation allows you to listen with just one ear.<br />Exquisite craft- Vinyl is built with an Al-Ti alloy body, which is strong and lightweight. Every radian is carefully considered to build the comfortable streamline. The adjustable band can be accurately set to fit different head forms.Exquisite craft Vinyl is built with an Al-Ti alloy body, which is strong and lightweight. Every radian is carefully considered to build the comfortable streamline. The adjustable band can be accurately set to fit different head forms.<br />3D sound- The built-in 3D sound can effectively strengthen the sound field to make the sound more stereo. Simply turn on it, you will hear sound from all directions as if you are on the scene.<br />Comfortable- The artificial leather earmuffs are padded with memory foam which is rich in protein, so it can stay over your ears comfortably for a long time<br /> Color: Silver<br /> Model Number: Bluedio Vinyl
Compatible with #5705Mobile Phones
Type: Over Ear"
Electronics,Headphones & Headsets,BTX-6,BTX6,Enable,"FM Radio Micro SD Player Bluetooth Headset For Samsung Galaxy S3 S4, Red [BTX-6]",0,0,NIA,1000,65,65,65,65,65,"<ul class=""generatedBullets""><li>Microphone included : Yes</li><li>Brand : NIA</li><li>Noise Cancelling : Yes</li><li>Connectivity : Wireless</li><li>Model Number : Q8-851S</li><li>Type : Over Ear</li><li>Compatible with : Mobile Phones</li><li>Color : Red</li></ul>","<ul class=""generatedBullets""><li>Microphone included : Yes</li><li>Brand : NIA</li><li>Noise Cancelling : Yes</li><li>Connectivity : Wireless</li><li>Model Number : Q8-851S</li><li>Type : Over Ear</li><li>Compatible with : Mobile Phones</li><li>Color : Red</li></ul>
Compatible with #5705Mobile Phones
Type #5935Over Ear"
Electronics,Cables,BU-06,BU06,Enable,"3.5mm To 3.5 mm Audio Aux Cable, MP3, iphone, ipad, ipod, Samsung, Sony, Htc, Universal (BU-06)",0,0,Other,1000,15,15,15,15,15,"<p>It is ease to use. It is compatible with iphone ,ipod. It also work with all other mp3 player and any mulitmedia player with 3.5mm male plug.It isused to connect your iPhone to any audio player with 3.5mm jack.Easy to plug and play.</p><p><strong>Product Specification:</strong></p><p>Connectors:3.5mm jack to 3.5mm jack (male to male)</p><p>Weight: 20g</p><p>Diameter: 2.0mm</p><p>Cable:3core wire</p><p>Function:conversion function, extension function</p>","<p>It is ease to use. It is compatible with iphone ,ipod. It also work with all other mp3 player and any mulitmedia player with 3.5mm male plug.It isused to connect your iPhone to any audio player with 3.5mm jack.Easy to plug and play.</p><p><strong>Product Specification:</strong></p><p>Connectors:3.5mm jack to 3.5mm jack (male to male)</p><p>Weight: 20g</p><p>Diameter: 2.0mm</p><p>Cable:3core wire</p><p>Function:conversion function, extension function</p>
Type: Cables
Compatible with: Mobile Phones"
Electronics,Smart Watches,BW01-BLK,BW01BLK,Enable,U-Watch Smart Bluetooth Watch Black (BW01-BLK),0,0,U-Watch,1000,39,39,39,39,39,"<div class=""container columns"">
<p>The U Watch BW01 BLK Smart Bluetooth Watch is a stylish looking smart watch that is compatible with a broad range of smart devices. The timepiece’s 1.44inch, touch enabled display has a maximum resolution of 128 x 128 pixels, providing you with crisp, clear detail that makes reading off it easy. Besides showing the current time, you can also access your smartphone’s call records, messages, camera, alarm, stopwatch, and music player fluidly, with this smartwatch that has a preinstalled Nucleus operating system. The accessory can also be used to locate your smart device, set call reminders, and calculate the number of calories you have burned while engaging in any physical activity. Also featured on this digital timepiece is a barometer, pedometer, and a thermometer. A novel feature of this smartwatch is its integrated 0.7W speaker that produces brisk audio. U Watch smart watch reviews also praise its Bluetooth connectivity, which quickly establishes a reliable connection with your smart device. You can save all your data, as well as up to 1500 contacts in the device's Phonebook, thanks to the inclusion of the internal 32MB NOR flash storage.</p>

<h4>Provides Easy Access to Your Smartphone’s Features</h4>
<p>Pairing the U Watch Bluetooth smartwatch for Android and iOS devices with your smartphone lets you access your mobile’s features without even touching the device. The timepiece can be used to access your smartphone’s call records, messages, camera, alarm, stopwatch, and music player with a mere touch on the accessory’s 1.44inch, touch enabled display.</p>

<h4>Perfect Companion</h4>
<p>The Smart Watch Bluetooth smartwatch can help you locate your smart device and even set up call reminders. The accessory also features a pedometer that can precisely track the number of calories you have burned through the day.</p>
</div>","<div class=""container columns"">
<p>The U Watch BW01 BLK Smart Bluetooth Watch is a stylish looking smart watch that is compatible with a broad range of smart devices. The timepiece’s 1.44inch, touch enabled display has a maximum resolution of 128 x 128 pixels, providing you with crisp, clear detail that makes reading off it easy. Besides showing the current time, you can also access your smartphone’s call records, messages, camera, alarm, stopwatch, and music player fluidly, with this smartwatch that has a preinstalled Nucleus operating system. The accessory can also be used to locate your smart device, set call reminders, and calculate the number of calories you have burned while engaging in any physical activity. Also featured on this digital timepiece is a barometer, pedometer, and a thermometer. A novel feature of this smartwatch is its integrated 0.7W speaker that produces brisk audio. U Watch smart watch reviews also praise its Bluetooth connectivity, which quickly establishes a reliable connection with your smart device. You can save all your data, as well as up to 1500 contacts in the device's Phonebook, thanks to the inclusion of the internal 32MB NOR flash storage.</p>

<h4>Provides Easy Access to Your Smartphone’s Features</h4>
<p>Pairing the U Watch Bluetooth smartwatch for Android and iOS devices with your smartphone lets you access your mobile’s features without even touching the device. The timepiece can be used to access your smartphone’s call records, messages, camera, alarm, stopwatch, and music player with a mere touch on the accessory’s 1.44inch, touch enabled display.</p>

<h4>Perfect Companion</h4>
<p>The Smart Watch Bluetooth smartwatch can help you locate your smart device and even set up call reminders. The accessory also features a pedometer that can precisely track the number of calories you have burned through the day.</p>
</div>
Color:Black
Operating System : 
SIM card support: 
With Camera #4215
Band Material : 
Compatible Operating Systems: "
Electronics,Mobile Accessories,C220,C220,Enable,Cootree c220 Sports Sweat Proof Bluetooth iPhone Plus Galaxy all Smartphone,0,0,Bluedio,1000,69,69,69,69,69,"Cootree c220 Sports Sweat Proof Bluetooth iPhone Plus Galaxy all Smartphone
Type:Mobile Accessories","Cootree c220 Sports Sweat Proof Bluetooth iPhone Plus Galaxy all Smartphone
Type:Mobile Accessories"
Electronics,Cables,CB-ET-37Q,CBET37Q,Enable,"Aux Cable by Eton, CB-ET-37Q",0,0,Eton,1000,17,17,17,17,17,<p>Aux cable<br />Cable Length: 1.5 M<br />Supports MP3 and Mobile Phones<br />Supports Aux port in car<br />Slim cable</p>,"<p>Aux cable<br />Cable Length: 1.5 M<br />Supports MP3 and Mobile Phones<br />Supports Aux port in car<br />Slim cable</p>
Type: Cables
Compatible with: Mobile Phones"
Electronics,Chargers,CC-301,CC301,Enable,"Remax Car Charger For IOS And Android And Windows , White - CC-301",0,0,Remax,1000,39,39,39,39,39,Car Charger <br>Brand : Remax<br>Model : Cc-301<br>Compatible With Ios And Android And Windows<br>Ports Type : Usb<br>Number of Ports : 3,"Car Charger <br>Brand : Remax<br>Model : Cc-301<br>Compatible With Ios And Android And Windows<br>Ports Type : Usb<br>Number of Ports : 3
Type: Car Chargers
Compatible with:Mobile Phones"
Electronics,Cables,D510,D510,Enable,X-live D510 USB Cable for iPhone 5 – White ,0,0,X-LIVE,1000,19,19,19,19,19,"<p>Lightning to 8-pin USB cable. Ideal for data sync and charging.</p>
<p>Compatible with iPhone 5 and all Apple devices with lightning connector:</p>
<p>IPod Touch 4/iPad Mini.</p>
<p>Length: 1 meter.</p>","<p>Lightning to 8-pin USB cable. Ideal for data sync and charging.</p>
<p>Compatible with iPhone 5 and all Apple devices with lightning connector:</p>
<p>IPod Touch 4/iPad Mini.</p>
<p>Length: 1 meter.</p>
Type: Cables
Compatible with: Mobile Phones"
Electronics,Headphones & Headsets,D700,D700,Enable,"Wireless Bluetooth Headphone, Built-In Mic for Calls and Multimedia, Support all Phones, Sweat Proof",0,0,SYLLABLE,1000,88,88,88,88,88,"<span>Wireless Bluetooth Headphone, Built-In Mic for Calls and Multimedia, Support all Phones, Sweat Proof.</span><br><br><span>Details:</span><br><ul><li>Bluetooth 4.1 , &nbsp;Headphone.</li><li>Pure Voice HD.</li><li>Built-In Mic.</li><li>Color: Blue..</li><li>Range: 10m.</li><li>5Hrs Calling.</li><li>180Hr Stand-By Mode.</li><li>Sweat-proof.</li><li>Light Weight.</li><li>For Sport.</li></ul><p>Package:</p><ol><li>Box.</li><li>Headphone.</li><li>USB Charger Cable.</li></ol>","<span>Wireless Bluetooth Headphone, Built-In Mic for Calls and Multimedia, Support all Phones, Sweat Proof.</span><br><br><span>Details:</span><br><ul><li>Bluetooth 4.1 , &nbsp;Headphone.</li><li>Pure Voice HD.</li><li>Built-In Mic.</li><li>Color: Blue..</li><li>Range: 10m.</li><li>5Hrs Calling.</li><li>180Hr Stand-By Mode.</li><li>Sweat-proof.</li><li>Light Weight.</li><li>For Sport.</li></ul><p>Package:</p><ol><li>Box.</li><li>Headphone.</li><li>USB Charger Cable.</li></ol>
Compatible with: Mobile Phones
Type: In Ear"
Electronics,Headphones & Headsets,DL800,DL800,Enable," Data life Headset, Bluetooth, black, DL800 ",0,0,Data Life,1000,39,39,39,39,39,<p>&bull; Bluetooth Stereo headset<br />&bull; Audible battery status alarm <br />&bull; Music time up 7 hours<br />&bull; Auto-reconnect<br />&bull; Light weight <br />&bull; Vibrate to remind you not to miss any incoming calls<br />&bull; Color black&nbsp;</p>,"<p>&bull; Bluetooth Stereo headset<br />&bull; Audible battery status alarm <br />&bull; Music time up 7 hours<br />&bull; Auto-reconnect<br />&bull; Light weight <br />&bull; Vibrate to remind you not to miss any incoming calls<br />&bull; Color black&nbsp;</p>
Color:Multi Color
Model Number: -
Connectivity:-
Compatible with: Mobile Phones
Type: In Ear"
Electronics,Cables,DM10,DM10,Enable,X-live DM10 USB Cable for galaxy S5 – White ,0,0,X-LIVE,1000,15,15,15,15,15,"<p>Lightning to 8-pin USB cable. Ideal for data sync and charging.</p>
<p>Compatible with Samsung galaxy S5 and all android devices with lightning connector:</p>
<p>Compatible with also Sony xperia, HTC one.</p>
<p>Length: 1 meter.</p>","<p>Lightning to 8-pin USB cable. Ideal for data sync and charging.</p>
<p>Compatible with Samsung galaxy S5 and all android devices with lightning connector:</p>
<p>Compatible with also Sony xperia, HTC one.</p>
<p>Length: 1 meter.</p>
Type: Cables
Compatible with: Mobile Phones"
Electronics,Headphones & Headsets,DM-2610,DM2610,Enable,"Ditmo Over-ear Stereo Headphone, Adjustable Foldable Bass Headsets for iphone, android, blackberry smartphones, mp 3 player, Red - DM-2610",0,0,Ditmo,1000,29,29,29,29,29,3.5mm plugOn-ear fit to minimize noise so you can hear every beat.90 degree folding freely and also portable.Adjustable headband for comfort and secure fit.Excellent sound quality and powerful bassSoft PU leather cushion head-pad and ear-pad for wearing comfort. Perfect noise-isolation.,"3.5mm plugOn-ear fit to minimize noise so you can hear every beat.90 degree folding freely and also portable.Adjustable headband for comfort and secure fit.Excellent sound quality and powerful bassSoft PU leather cushion head-pad and ear-pad for wearing comfort. Perfect noise-isolation.
Compatible with #5705All
Type #5935Over Ear"
Electronics,Smart Watches,DM88,DM88,Enable,"Smart Watch Leather Band For Android & iOS,Silver - DM88",0,0,Other,1000,218,218,218,218,218,"Product Description- Dual Bluetooth: Bluetooth 3.0 / 4.0, it can be used to Bluetooth pair- Information push: Wechat, SMS, Twitter, news notification- Heart rate monitoring: You can get clear heart rate data, convenient to exercise at right time- Remote camera, music play control, recorder, calculator, calender, pedometer, sedentary reminder, sleeping monitoring, etc.- Anti-lost function and finding device function, very practical for you- It cannot support SMS history and language synchronization, including weather function; Even it cannot support anti-lost function after exiting the APP- IP53 waterproof grade, but only suitable for washing hands or face .Built-in chip type: MTK2502.Bluetooth version: Bluetooth 3.0/4.0 Double Mode.RAM: 64MB.ROM: 128MB.Waterproof: Yes.IP rating: IP53.Bluetooth calling: Phonebook.Messaging: Message reminder.Health tracker: Heart rate monitor,Pedometer,Sedentary reminder,Sleep monitor.Remote control function: Remote Camera.Notification: Yes.Notification type: Twitter,Wechat.Anti-lost: Yes.Find phone: Yes.Groups of alarm: 5.Alert type: Ring,Vibration.Locking screen : 5.Other function: Alarm,Calculator,Calender,Voice recorder.Screen: IPS.Screen resolution: 240 x 240.Screen size: 1.22 inch.Operating mode: Touch Screen.Type of battery: Li-ion Battery.Battery Capacty: 320mAh.Charging time: About 2hours.Standby time: About One Week.People: Male table.Shape of the dial: Round.Case material: Stainless Steel.Band material: Leather.Compatible OS: Android,IOS.Compatability: Android 4.3 / iOS 7.0 and Above SystemLanguage: Dutch,English,French,German,Hebrew,Italian,Korean,Polish,Portuguese,Russian,Spanish,Turkish.Dial size: 4.5 x 4.5 x 1.20 cm / 1.77 x 1.77 x 0.47 inches.Band size: 26.5 x 2.40 cm / 10.43 x 0.94 inchesPackage Contents:&nbsp;1 x Smart Watch1 x Charging Cable1 x User Manual1 x Protective Film &nbsp; &nbsp; &nbsp; &nbsp;","Product Description- Dual Bluetooth: Bluetooth 3.0 / 4.0, it can be used to Bluetooth pair- Information push: Wechat, SMS, Twitter, news notification- Heart rate monitoring: You can get clear heart rate data, convenient to exercise at right time- Remote camera, music play control, recorder, calculator, calender, pedometer, sedentary reminder, sleeping monitoring, etc.- Anti-lost function and finding device function, very practical for you- It cannot support SMS history and language synchronization, including weather function; Even it cannot support anti-lost function after exiting the APP- IP53 waterproof grade, but only suitable for washing hands or face .Built-in chip type: MTK2502.Bluetooth version: Bluetooth 3.0/4.0 Double Mode.RAM: 64MB.ROM: 128MB.Waterproof: Yes.IP rating: IP53.Bluetooth calling: Phonebook.Messaging: Message reminder.Health tracker: Heart rate monitor,Pedometer,Sedentary reminder,Sleep monitor.Remote control function: Remote Camera.Notification: Yes.Notification type: Twitter,Wechat.Anti-lost: Yes.Find phone: Yes.Groups of alarm: 5.Alert type: Ring,Vibration.Locking screen : 5.Other function: Alarm,Calculator,Calender,Voice recorder.Screen: IPS.Screen resolution: 240 x 240.Screen size: 1.22 inch.Operating mode: Touch Screen.Type of battery: Li-ion Battery.Battery Capacty: 320mAh.Charging time: About 2hours.Standby time: About One Week.People: Male table.Shape of the dial: Round.Case material: Stainless Steel.Band material: Leather.Compatible OS: Android,IOS.Compatability: Android 4.3 / iOS 7.0 and Above SystemLanguage: Dutch,English,French,German,Hebrew,Italian,Korean,Polish,Portuguese,Russian,Spanish,Turkish.Dial size: 4.5 x 4.5 x 1.20 cm / 1.77 x 1.77 x 0.47 inches.Band size: 26.5 x 2.40 cm / 10.43 x 0.94 inchesPackage Contents:&nbsp;1 x Smart Watch1 x Charging Cable1 x User Manual1 x Protective Film &nbsp; &nbsp; &nbsp; &nbsp;
Color: Silver
RAM Size: 
Operating System: Other
SIM card support: No
With Camera: 
Band Material: Leather
Compatible Operating Systems : Android & iOS"
Electronics,Cables,DVR-R300,DVRR300,Enable,Car camera DVR Model OQtonion DVR-R300,0,0,OQtonion,1000,300,300,300,300,300,"<div class=""rte""><p><strong>Features:</strong></p>

<p>• Double lens video recording<br> • uninterrupted continuous video recording<br> • Automatic cycle video recording<br> • Exclusive file system<br> • Lock button makes sure images do not be covered or disappeared at zero hour<br> • Easy to install and use<br> • Movie playback function<br> • AVI movie formats<br> • Support GPS module<br> • Support G sensor<br> • Sensor: 2 CMOS Sensors</p>

<p>&nbsp;</p>

<p><strong>Specification:</strong></p>

<p>• Chipset: SQ690  OV9712</p>

<p>• GPS Module: Support GPS module<br> • G Sensor: Support G sensor<br> • Display: 2.7’’ (16: 9) TFT LCD panel or TV out. TV out support NTSC &amp; PAL<br> • Lens: Front lens with ultra wide angle of 140 degrees; back lens with ultra-wide-angle of 120 degrees<br> • Video Size: 1280x480 30FPS(2CH Record), 640x480 30FPS(1CH Record)<br> • Format: AVI<br> • Microphone/speaker: Built-in<br> • Television output: NTSC/PAL<br> • DC access: DC 5V<br> • Audio: Support recording and playback<br> • RTC: Install system clock inside<br> • TF memory card slot: Micro TF (not included)<br> • Memory Card: SDHC Class6 1GB-32GB exclusive file format, need to use the player to start the movie<br> • Battery: Install lithium battery inside<br> • Optional language: English/German/French/Spanish/Italian/Portuguese/Traditional Chinese/Simplified Chinese/Japanese<br> • System requirement: Windows 2000/XP/Vista/Windows 7, MAC OX x Above 10.3.6<br><br><strong>Special request:&nbsp;</strong><br><br>

 1. Due to the use of exclusive file format, please use Player or FW 

Format Player before using SD card, after that we can start recording.<br><br> 2. Automatically start recording after external power supply, and automatically shut down after remove.&nbsp;</p>

<p>&nbsp;</p>

<p>Material: Plastic<br> Color: Silver<br> Weight: About 0.11kg<br> Dimension: 123 x 60 x 35mm<br><br><strong>Package include:&nbsp;</strong><br> 1 x Double camera car DVR<br> 1 x Vehicle-mounted power supply<br> 1 x Vehicle mount<br> 1 x GPS module<br> 1 x User guide</p></div><br/><ul><li>OQtonion</li><li>Car camera</li><li>Full HD camera</li><li>Car Security</li><li>DVR camera</li></ul>","<div class=""rte""><p><strong>Features:</strong></p>

<p>• Double lens video recording<br> • uninterrupted continuous video recording<br> • Automatic cycle video recording<br> • Exclusive file system<br> • Lock button makes sure images do not be covered or disappeared at zero hour<br> • Easy to install and use<br> • Movie playback function<br> • AVI movie formats<br> • Support GPS module<br> • Support G sensor<br> • Sensor: 2 CMOS Sensors</p>

<p>&nbsp;</p>

<p><strong>Specification:</strong></p>

<p>• Chipset: SQ690  OV9712</p>

<p>• GPS Module: Support GPS module<br> • G Sensor: Support G sensor<br> • Display: 2.7’’ (16: 9) TFT LCD panel or TV out. TV out support NTSC &amp; PAL<br> • Lens: Front lens with ultra wide angle of 140 degrees; back lens with ultra-wide-angle of 120 degrees<br> • Video Size: 1280x480 30FPS(2CH Record), 640x480 30FPS(1CH Record)<br> • Format: AVI<br> • Microphone/speaker: Built-in<br> • Television output: NTSC/PAL<br> • DC access: DC 5V<br> • Audio: Support recording and playback<br> • RTC: Install system clock inside<br> • TF memory card slot: Micro TF (not included)<br> • Memory Card: SDHC Class6 1GB-32GB exclusive file format, need to use the player to start the movie<br> • Battery: Install lithium battery inside<br> • Optional language: English/German/French/Spanish/Italian/Portuguese/Traditional Chinese/Simplified Chinese/Japanese<br> • System requirement: Windows 2000/XP/Vista/Windows 7, MAC OX x Above 10.3.6<br><br><strong>Special request:&nbsp;</strong><br><br>

 1. Due to the use of exclusive file format, please use Player or FW 

Format Player before using SD card, after that we can start recording.<br><br> 2. Automatically start recording after external power supply, and automatically shut down after remove.&nbsp;</p>

<p>&nbsp;</p>

<p>Material: Plastic<br> Color: Silver<br> Weight: About 0.11kg<br> Dimension: 123 x 60 x 35mm<br><br><strong>Package include:&nbsp;</strong><br> 1 x Double camera car DVR<br> 1 x Vehicle-mounted power supply<br> 1 x Vehicle mount<br> 1 x GPS module<br> 1 x User guide</p></div><br/><ul><li>OQtonion</li><li>Car camera</li><li>Full HD camera</li><li>Car Security</li><li>DVR camera</li></ul>
Screen Size: 2 - 2.9 Inch
Resolution: Unkown
Type: DVRs"
Electronics,Cables,DVRS,DVRS,Enable,Car camera DVR Model OQtonion DVR-G30,0,0,OQtonion,1000,139,139,139,139,139,"<div class=""rte""><p><strong>Description:</strong></p>
<ul><li>Clear view at night</li><li>Support audio sound recording when working.</li><li>2.7"" full colors screen, Recording resolution can reach up to 1080P at M-JPEG video format</li><li>Loop record function allows you to set the record time With video output by USB cable to the PC</li><li>Supports up to 32GB TF card</li><li>Automatically starts when the car starts</li><li>Built-in battery supports long time recording</li><li>With G-sensor function. When the car crashes, the video file will be
 saved, whose name starts&nbsp;EVE, the file haven’t be deleted when cycle 
recording.</li><li>Note:
<ul><li>1.Package not include TF CARD</li><li>2.The Bracket base is round</li></ul></li></ul><p>&nbsp;</p>
<p>Products specifications:</p>
<p>&nbsp;</p>
<ul><li>Features: 2.7inch TFT LCD 16:9</li><li>minimum Illumination: 1Lux</li><li>Recording way: Cycle recording/motion detection</li><li>Video format: AVI</li><li>Video compression: M-JPEG</li><li>View resolution: 1920*1080P(24fps)1440*1280*720/848*480/640*480/320*248(30fps)</li><li>Photo resolution: 4032*3024,3648*2736,3264*2448,2592*1944,2048*1536</li><li>1920*1080,1280*960,640*480</li><li>Video output: AVOUT video output</li><li>Video output format: PAL/NTSC</li><li>Seamless recording: yes</li><li>Auto recording: support</li><li>G-sensor: When the car crashes, it will save the files automatically and won't be deleted</li><li>Lock by manual: When recording, short press on/off key, lock the present file by manual, then the file won't be deleted</li><li>Menu language: English/Russian/Japanese/French/Italian/Spanish/Simple Chinese/Traditional Chinese</li><li>Loop recording time: 1/3/5minutes(optional)</li><li>Audio recording: built-in Microphone ,audio recording can be on and off</li><li>Version number: show the software version number and the publish time of software</li><li>Night vision function: No infrared LED</li><li>Memory car: TF card(not include)</li><li>Memory storage: 2GB-32GB</li><li>USB interface: Mini5Pin USB2.0</li><li>Operation system: Windows2000, Windows XP, Windows7 etc..</li><li>Battery: 3.7Lithium polymer batteries</li><li>Power consumption: standby 200mAh, recording 250MAH-315MAH</li><li>Power: car power 5V/1A</li><li>Storage temperature: -10°C~70°C</li><li>Operation temperature: -10°C~60°C</li></ul><p><br> &nbsp;&nbsp;&nbsp; <br><br> Package includes:</p>
<ul><li>&nbsp;&nbsp;&nbsp; 1 x HD Car Camera</li><li>&nbsp;&nbsp;&nbsp; 1 x windshield mount</li><li>&nbsp;&nbsp;&nbsp; 1 x car charger</li><li>&nbsp;&nbsp;&nbsp; 1 x USB Cable</li><li>&nbsp;&nbsp;&nbsp; 1 x User Manual</li></ul><p>&nbsp;</p></div><br><ul><li>OQtonion</li><li>Car camera</li><li>Full HD camera</li><li>Car Security</li><li>DVR camera</li></ul>","<div class=""rte""><p><strong>Description:</strong></p>
<ul><li>Clear view at night</li><li>Support audio sound recording when working.</li><li>2.7"" full colors screen, Recording resolution can reach up to 1080P at M-JPEG video format</li><li>Loop record function allows you to set the record time With video output by USB cable to the PC</li><li>Supports up to 32GB TF card</li><li>Automatically starts when the car starts</li><li>Built-in battery supports long time recording</li><li>With G-sensor function. When the car crashes, the video file will be
 saved, whose name starts&nbsp;EVE, the file haven’t be deleted when cycle 
recording.</li><li>Note:
<ul><li>1.Package not include TF CARD</li><li>2.The Bracket base is round</li></ul></li></ul><p>&nbsp;</p>
<p>Products specifications:</p>
<p>&nbsp;</p>
<ul><li>Features: 2.7inch TFT LCD 16:9</li><li>minimum Illumination: 1Lux</li><li>Recording way: Cycle recording/motion detection</li><li>Video format: AVI</li><li>Video compression: M-JPEG</li><li>View resolution: 1920*1080P(24fps)1440*1280*720/848*480/640*480/320*248(30fps)</li><li>Photo resolution: 4032*3024,3648*2736,3264*2448,2592*1944,2048*1536</li><li>1920*1080,1280*960,640*480</li><li>Video output: AVOUT video output</li><li>Video output format: PAL/NTSC</li><li>Seamless recording: yes</li><li>Auto recording: support</li><li>G-sensor: When the car crashes, it will save the files automatically and won't be deleted</li><li>Lock by manual: When recording, short press on/off key, lock the present file by manual, then the file won't be deleted</li><li>Menu language: English/Russian/Japanese/French/Italian/Spanish/Simple Chinese/Traditional Chinese</li><li>Loop recording time: 1/3/5minutes(optional)</li><li>Audio recording: built-in Microphone ,audio recording can be on and off</li><li>Version number: show the software version number and the publish time of software</li><li>Night vision function: No infrared LED</li><li>Memory car: TF card(not include)</li><li>Memory storage: 2GB-32GB</li><li>USB interface: Mini5Pin USB2.0</li><li>Operation system: Windows2000, Windows XP, Windows7 etc..</li><li>Battery: 3.7Lithium polymer batteries</li><li>Power consumption: standby 200mAh, recording 250MAH-315MAH</li><li>Power: car power 5V/1A</li><li>Storage temperature: -10°C~70°C</li><li>Operation temperature: -10°C~60°C</li></ul><p><br> &nbsp;&nbsp;&nbsp; <br><br> Package includes:</p>
<ul><li>&nbsp;&nbsp;&nbsp; 1 x HD Car Camera</li><li>&nbsp;&nbsp;&nbsp; 1 x windshield mount</li><li>&nbsp;&nbsp;&nbsp; 1 x car charger</li><li>&nbsp;&nbsp;&nbsp; 1 x USB Cable</li><li>&nbsp;&nbsp;&nbsp; 1 x User Manual</li></ul><p>&nbsp;</p></div><br><ul><li>OQtonion</li><li>Car camera</li><li>Full HD camera</li><li>Car Security</li><li>DVR camera</li></ul>
Screen Size: 2 - 2.9 Inch
Resolution: Unkown
Type: DVRs"
Electronics,Smart Watches,E02,E02,Enable,Margoun E02 Smart Watch Android Bluetooth Fitness OLED Wristband Band - Green,0,0,Bluedio,1000,139,139,139,139,139,"Margoun E02 Smart Watch Android Bluetooth Fitness OLED Wristband Band - Green
Type:Smart Watch","Margoun E02 Smart Watch Android Bluetooth Fitness OLED Wristband Band - Green
Type:Smart Watch"
Electronics,Cables,E06,E06,Enable,"E06 Remote Cmaera Bluetooth Smart Wristband , Pink",0,0,Bluedio,1000,99,99,99,99,99,"E06 Remote Cmaera Bluetooth Smart Wristband , Pink
Type:camera","E06 Remote Cmaera Bluetooth Smart Wristband , Pink
Type:camera"
Electronics,Car Audio & Video Accessories,ELM327,ELM327,Enable,ELM327 Bluetooth OBD2 Car Diagnostic Interface Tool - BLUE,0,0,Bluedio,1000,59,59,59,59,59,"ELM327 Bluetooth OBD2 Car Diagnostic Interface Tool - BLUE
Type:Car Accessories","ELM327 Bluetooth OBD2 Car Diagnostic Interface Tool - BLUE
Type:Car Accessories"
Electronics,Car Audio & Video Accessories,ELM327 V2.1,ELM327V2.1,Enable,[K880]Mini V2.1 ELM327 OBD2 Bluetooth Interface Auto Car Scanner Diagnostic Tool for Android,0,0,Bluedio,1000,59,59,59,59,59,"[K880]Mini V2.1 ELM327 OBD2 Bluetooth Interface Auto Car Scanner Diagnostic Tool for Android
Type:Car Accessories","[K880]Mini V2.1 ELM327 OBD2 Bluetooth Interface Auto Car Scanner Diagnostic Tool for Android
Type:Car Accessories"
Electronics,Headphones & Headsets,EP001,EP001,Enable,Earphone Headset w/ Remote Mic For Apple iPhone 6S/6sPLUS/6/6PLUS/5/4/IPAD/IPOd White,0,0,Other,1000,20,20,20,20,20,"<div><span style=""font-family: Arial, Verdana; font-size: 13.3333330154419px;""><b>Specifications:-</b></span></div><ul><li><span style=""font-size: 13.3333330154419px; font-family: Arial, Verdana;"">Ergonomic curved housing design fully matches the structure of the human ear with seamless sealing</span></li><li><span style=""font-size: 13.3333330154419px; font-family: Arial, Verdana;"">Innovative main and vice sound hole design provides high resolution of the tune.</span></li><li><span style=""font-size: 13.3333330154419px; font-family: Arial, Verdana;"">Rear air hole and bass hole make it more comfortable while offering best deep bass</span></li><li><span style=""font-size: 13.3333330154419px; font-family: Arial, Verdana;"">Enhanced cable materials make it more durable</span></li><li><span style=""font-size: 13.3333330154419px; font-family: Arial, Verdana;"">Built-in Mic allows your to freely make a hands-free phone calls</span></li><li><span style=""font-size: 13.3333330154419px; font-family: Arial, Verdana;"">Fully compatible for all the devices with 3.5mm jack.</span></li><li><span style=""font-size: 13.3333330154419px; font-family: Arial, Verdana;"">Features : Remote Control, With Mic</span></li><li><span style=""font-size: 13.3333330154419px; font-family: Arial, Verdana;"">Headphone jack: 3.5mm</span></li></ul>","<div><span style=""font-family: Arial, Verdana; font-size: 13.3333330154419px;""><b>Specifications:-</b></span></div><ul><li><span style=""font-size: 13.3333330154419px; font-family: Arial, Verdana;"">Ergonomic curved housing design fully matches the structure of the human ear with seamless sealing</span></li><li><span style=""font-size: 13.3333330154419px; font-family: Arial, Verdana;"">Innovative main and vice sound hole design provides high resolution of the tune.</span></li><li><span style=""font-size: 13.3333330154419px; font-family: Arial, Verdana;"">Rear air hole and bass hole make it more comfortable while offering best deep bass</span></li><li><span style=""font-size: 13.3333330154419px; font-family: Arial, Verdana;"">Enhanced cable materials make it more durable</span></li><li><span style=""font-size: 13.3333330154419px; font-family: Arial, Verdana;"">Built-in Mic allows your to freely make a hands-free phone calls</span></li><li><span style=""font-size: 13.3333330154419px; font-family: Arial, Verdana;"">Fully compatible for all the devices with 3.5mm jack.</span></li><li><span style=""font-size: 13.3333330154419px; font-family: Arial, Verdana;"">Features : Remote Control, With Mic</span></li><li><span style=""font-size: 13.3333330154419px; font-family: Arial, Verdana;"">Headphone jack: 3.5mm</span></li></ul>
Compatible with #5705All
Type #5935In Ear"
Electronics,Power Banks,ET-S5201,ETS5201,Enable,"Power Bank by Eton, 5200 mAH, Black",0,0,Eton,1000,55,55,55,55,55,<p>Power Bank by Eton <br />High capacity lithium-ion battery.<br />Smart switch of power-saving features.<br />With USB cable for iPhone and Android Phones<br />Model NO:ET-S5201 <br />Power: 5200 mAh <br />USB Port<br />LED Screen<br />Color: Black</p>,"<p>Power Bank by Eton <br />High capacity lithium-ion battery.<br />Smart switch of power-saving features.<br />With USB cable for iPhone and Android Phones<br />Model NO:ET-S5201 <br />Power: 5200 mAh <br />USB Port<br />LED Screen<br />Color: Black</p>
Compatible Devices: Smart Phones
Capacity: 5001-6000mAh"
Electronics,Power Banks,ET-S5202,ETS5202,Enable,"Power Bank by Eton, 5200 mAH, White",0,0,Eton,1000,49,49,49,49,49,<p>Power Bank by Eton <br />High capacity lithium-ion battery.<br />Smart switch of power-saving features.<br />With USB cable for iPhone and Android Phones<br />Model NO:ET-S5202 <br />Power: 5200 mAh <br />USB Port<br />LED Screen<br />Color: White</p>,"<p>Power Bank by Eton <br />High capacity lithium-ion battery.<br />Smart switch of power-saving features.<br />With USB cable for iPhone and Android Phones<br />Model NO:ET-S5202 <br />Power: 5200 mAh <br />USB Port<br />LED Screen<br />Color: White</p>
Compatible Devices: Smart Phones
Capacity: 5001-6000mAh"
Electronics,Mobile Accessories,FUN-070,FUN070,Enable,FunTime In-Ear Wireless Bluetooth Stereo Dacom Mobile Earphone Headset with charger case Compatible with iPhone 7 - White,0,0,Bluedio,1000,299,299,299,299,299,"FunTime In-Ear Wireless Bluetooth Stereo Dacom Mobile Earphone Headset with charger case Compatible with iPhone 7 - White
Type:Mobile Accessories","FunTime In-Ear Wireless Bluetooth Stereo Dacom Mobile Earphone Headset with charger case Compatible with iPhone 7 - White
Type:Mobile Accessories"
Electronics,Headphones & Headsets,FUN7,FUN7,Enable,Mini Twins True Wireless Bluetooth Earphone stereo Headphone Headset power Bank box with MIC for Iphone 6 7 Android Samsung,0,0,Other,1000,265,265,265,265,265,Product description:.Bluetooth Version: V4.1.Bluetooth Talk Time: about 4 hrs.Music Playing Time: about 4 hrs.Bluetooth standby time: 48 hrs.Battery Index: High performance polymer lithium battery.Distance : &lt; 10m&nbsp;Function:.Support wireless bluetooth for enjoying music and calling.Support single earphonePackage:2 x Headset1 x Charge box1 x USB cable2 x Earplugs1 x User manual,"Product description:.Bluetooth Version: V4.1.Bluetooth Talk Time: about 4 hrs.Music Playing Time: about 4 hrs.Bluetooth standby time: 48 hrs.Battery Index: High performance polymer lithium battery.Distance : &lt; 10m&nbsp;Function:.Support wireless bluetooth for enjoying music and calling.Support single earphonePackage:2 x Headset1 x Charge box1 x USB cable2 x Earplugs1 x User manual
Compatible with #5705All
Type #5935In Ear"
Electronics,Headphones & Headsets,H,H,Enable,Bluedio H (Turbine) Bass Stereo Wireless Bluetooth 4.1 Headphone Headset,0,0,Bluedio,1000,150,150,150,150,150,"<strong>Features:<br></strong><strong>Iconic powerful bass resonance of Bluedio:</strong> <br>Unexpected

 57mm ultra-large dynamic drivers, turbine style housing, with

 iconic Bluedio surging low-frequency shock, let you feel the bass 

resonate deep in the chest, enjoying the best sound quality. Clear and 

transparent bass, mids and highs, fully exposed to all the details of 

song, you can hear what the artists you really want to hear, Coldplay or

 Linkin Park concerts are simply playing around your ear.<br><strong>Ultra-long operation and carefree calling from Bluetooth 4.1:</strong><br>With

 robust high speed CPU of Bluetooth 4.1 operating system, comes with 

ultra-long 40 hours music, 45 hours talk and 1625 hours (around 67 days)

 standby time, the same battery, decrease up to 40% power consumption 

compare to Bluetooth 4.0. Acoustic echo cancellation and noise reduction

 effectively reduce ambient noise while talking, make far-end listener 

cannot hear what you said become history, just like talking face to 

face.<br><strong>Customized function:</strong> <br>Audio Sharing allows you to 

connect to another H  headphone via audio cable, share music feast with 

your friends instantly(*recommended to use headphones with <br>impedance

 of 32 or higher). Seamless connect two Bluetooth devices 

simultaneously, listen to music or enjoy foreign blockbusters, do as you

 think about it.<br><strong>Comfortable wearing:</strong> <br>Custom fit supra-aural soft 

earmuffs, artificial protein leather of earmuffs simulated to human skin

 texture, ensure long lasting comfort in various rugged circumstances.<br><strong>Convenience:</strong> <br>Just a plug with audio cable(*buy 

separately), then listen to your favorite tracks without using any 

battery, no matter how long is your playlist. H-turbine also incorporate

 4 languages voice prompt(Chinese, English, French, Spanish), to 

communicate with you in your language.<br><strong>Ongoing luxurious Bluetooth 4.1 Headphone, delighting the world.</strong>

<p>Luxurious music enjoyment is always unreachable. For this reason, 

Bluedio keep hard working on 3 years of R&amp;D and testing, manage to 

customize a wireless headphone with unrivaled timbre, adapted to a 

variety of rugged circumstances and highly cost- effective. Thoughtful 

design, unexpected superior sound, make luxury become reasonable, this 

is Hurricane H  Bluetooth 4.1 headphone. Thus, H  is compatible with 

iOS, Android, and Windows, merely 40ms audio latency breakthrough 

defects of sound and picture are not synchronized while watching movie 

via Bluetooth. It also work as a BT receiver connecting mobile phone and

 professional amplifier wirelessly. Insert Micro-SD card which saved 

with music files into the headphone SD card slot. Remove Micro-SD card 

under Micro-SD card mode, headset will change to FM mode. Insert 

Micro-SD card under FM mode, headset will change to Micro-SD card mode. 

But it may affect function of the headset, <br>do not suggest the above usage.</p><p>

 

  

  

 

</p><p>

 

  </p><p>General </p>

  

 

 

  

  <p><b>Brand: Bluedio

  

 

 

  

  </b></p><p>Model: H  

  

 

 

  

  </p><p>Specification<br></p>

  

 

 

  

  <p>Bluetooth Version: V4.1

  

 

 

  

  </p><p>Drivers:&nbsp; 57mm speaker X 2

  

 

 

  

  </p><p>Transduce Type: Dynamic

  

 

 

  

  </p><p>Bluetooth Profiles: A2DP/AVRCP/HSP/HFP&nbsp;

  

 

 

  

  </p><p>Impedance: 16

  

 

 

  

  </p><p>Frequency Response: 20Hz-20kHz

  

 

 

  

  </p><p>Sensitivity: 110DB

  

 

 

  

  </p><p>Distortion: &lt;0.1%(THD)

  

 

 

  

  </p><p>Operational Temperature: -10 to 50°C

  

 

 

  

  </p><p>Operating Distance: Up to 10m (free space)&nbsp;

  

 

 

  

  </p><p>Frequency Range: 2.4GHz-2.48GHz

  

 

 

  

  </p><p>Power</p>

  

 

 

  

  <p>Talk Time: Up to 45 hours

  

 

 

  

  </p><p>Standby Time: Up to 1625 hours

  

 

 

  

  </p><p>Charging Time: About 2 hours

  

 

 

  

  </p><p>Body </p>

  

 

 

  

  <p>Dimension: 7.17 in x 3.35 in x 6.77 in (18.2 cm x 8.5 cm x 17.2

  cm)

  

 

 

  

  </p><p>Weight: 7.37 oz (209g) <br></p><p>In the box: <br></p><p> 

    

  

  

    1 X Bluetooth Headset<br>

      1 X Audio Cable<br>

      1 X USB cable<br>

      1 X User Manual<br>

      1 X Retail Box</p><p>&nbsp;</p>



<p><br></p><p><br></p>","<strong>Features:<br></strong><strong>Iconic powerful bass resonance of Bluedio:</strong> <br>Unexpected

 57mm ultra-large dynamic drivers, turbine style housing, with

 iconic Bluedio surging low-frequency shock, let you feel the bass 

resonate deep in the chest, enjoying the best sound quality. Clear and 

transparent bass, mids and highs, fully exposed to all the details of 

song, you can hear what the artists you really want to hear, Coldplay or

 Linkin Park concerts are simply playing around your ear.<br><strong>Ultra-long operation and carefree calling from Bluetooth 4.1:</strong><br>With

 robust high speed CPU of Bluetooth 4.1 operating system, comes with 

ultra-long 40 hours music, 45 hours talk and 1625 hours (around 67 days)

 standby time, the same battery, decrease up to 40% power consumption 

compare to Bluetooth 4.0. Acoustic echo cancellation and noise reduction

 effectively reduce ambient noise while talking, make far-end listener 

cannot hear what you said become history, just like talking face to 

face.<br><strong>Customized function:</strong> <br>Audio Sharing allows you to 

connect to another H  headphone via audio cable, share music feast with 

your friends instantly(*recommended to use headphones with <br>impedance

 of 32 or higher). Seamless connect two Bluetooth devices 

simultaneously, listen to music or enjoy foreign blockbusters, do as you

 think about it.<br><strong>Comfortable wearing:</strong> <br>Custom fit supra-aural soft 

earmuffs, artificial protein leather of earmuffs simulated to human skin

 texture, ensure long lasting comfort in various rugged circumstances.<br><strong>Convenience:</strong> <br>Just a plug with audio cable(*buy 

separately), then listen to your favorite tracks without using any 

battery, no matter how long is your playlist. H-turbine also incorporate

 4 languages voice prompt(Chinese, English, French, Spanish), to 

communicate with you in your language.<br><strong>Ongoing luxurious Bluetooth 4.1 Headphone, delighting the world.</strong>

<p>Luxurious music enjoyment is always unreachable. For this reason, 

Bluedio keep hard working on 3 years of R&amp;D and testing, manage to 

customize a wireless headphone with unrivaled timbre, adapted to a 

variety of rugged circumstances and highly cost- effective. Thoughtful 

design, unexpected superior sound, make luxury become reasonable, this 

is Hurricane H  Bluetooth 4.1 headphone. Thus, H  is compatible with 

iOS, Android, and Windows, merely 40ms audio latency breakthrough 

defects of sound and picture are not synchronized while watching movie 

via Bluetooth. It also work as a BT receiver connecting mobile phone and

 professional amplifier wirelessly. Insert Micro-SD card which saved 

with music files into the headphone SD card slot. Remove Micro-SD card 

under Micro-SD card mode, headset will change to FM mode. Insert 

Micro-SD card under FM mode, headset will change to Micro-SD card mode. 

But it may affect function of the headset, <br>do not suggest the above usage.</p><p>

 

  

  

 

</p><p>

 

  </p><p>General </p>

  

 

 

  

  <p><b>Brand: Bluedio

  

 

 

  

  </b></p><p>Model: H  

  

 

 

  

  </p><p>Specification<br></p>

  

 

 

  

  <p>Bluetooth Version: V4.1

  

 

 

  

  </p><p>Drivers:&nbsp; 57mm speaker X 2

  

 

 

  

  </p><p>Transduce Type: Dynamic

  

 

 

  

  </p><p>Bluetooth Profiles: A2DP/AVRCP/HSP/HFP&nbsp;

  

 

 

  

  </p><p>Impedance: 16

  

 

 

  

  </p><p>Frequency Response: 20Hz-20kHz

  

 

 

  

  </p><p>Sensitivity: 110DB

  

 

 

  

  </p><p>Distortion: &lt;0.1%(THD)

  

 

 

  

  </p><p>Operational Temperature: -10 to 50°C

  

 

 

  

  </p><p>Operating Distance: Up to 10m (free space)&nbsp;

  

 

 

  

  </p><p>Frequency Range: 2.4GHz-2.48GHz

  

 

 

  

  </p><p>Power</p>

  

 

 

  

  <p>Talk Time: Up to 45 hours

  

 

 

  

  </p><p>Standby Time: Up to 1625 hours

  

 

 

  

  </p><p>Charging Time: About 2 hours

  

 

 

  

  </p><p>Body </p>

  

 

 

  

  <p>Dimension: 7.17 in x 3.35 in x 6.77 in (18.2 cm x 8.5 cm x 17.2

  cm)

  

 

 

  

  </p><p>Weight: 7.37 oz (209g) <br></p><p>In the box: <br></p><p> 

    

  

  

    1 X Bluetooth Headset<br>

      1 X Audio Cable<br>

      1 X USB cable<br>

      1 X User Manual<br>

      1 X Retail Box</p><p>&nbsp;</p>



<p><br></p><p><br></p>
Color:-
Model Number: -
Connectivity:Wireless
Compatible with: Mobile Phones
Type: Over Ear"
Electronics,Car Audio & Video Accessories,H-163,H163,Enable,3.5mm Jack USB Wireless Bluetooth Music Audio Receiver Dongle Adapter for Aux Car PC IOS/Android,0,0,Bluedio,1000,20,20,20,20,20,"3.5mm Jack USB Wireless Bluetooth Music Audio Receiver Dongle Adapter for Aux Car PC IOS/Android
Type:Car Accessories","3.5mm Jack USB Wireless Bluetooth Music Audio Receiver Dongle Adapter for Aux Car PC IOS/Android
Type:Car Accessories"
Electronics,Headphones & Headsets,HBS-730,HBS730,Enable,LG Bluetooth Headset HBS-730,0,0,LG,1000,66,66,66,66,66,"<ul><li><span>LG Tone  delivers enhanced audio and bass response and a host of calling features in a sleek, comfortable design</span></li><li><span>Built in apt-X technology reproduces CD quality sound over a Bluetooth connection</span></li><li><span>10 hours of listening/15 hours of talk time provide all day connectivity</span></li><li><span>Text Message reading through LG""s BT reader Application for Android OS</span></li></ul>","<ul><li><span>LG Tone  delivers enhanced audio and bass response and a host of calling features in a sleek, comfortable design</span></li><li><span>Built in apt-X technology reproduces CD quality sound over a Bluetooth connection</span></li><li><span>10 hours of listening/15 hours of talk time provide all day connectivity</span></li><li><span>Text Message reading through LG""s BT reader Application for Android OS</span></li></ul>
Compatible with #5705Mobile Phones
Type #5935Neckband"
Electronics,Headphones & Headsets,HT,HT,Enable,Bluedio HT H-Turbine Wireless Bluetooth Headphones BT 4.1 Version Stereo Headset -Black,0,0,Other,1000,150,150,150,150,150,"&nbsp;This headphone is compatible with iOS, Android, and Windows, merely 40ms audio latency breakthrough defects of sound and picture are not synchronized while watching movie via Bluetooth&nbsp; The HT Headphones comes with several high tech features found in today’s high end headsets, and are without a doubt one of the best wireless, high tech headsets.&nbsp;&nbsp; Its technology is based on 57mm ultra large dynamic drivers that deliver a well balanced sound, with clear bass, and incredible treble, which together allow you to listen to the tiniest details of a song.&nbsp;&nbsp; The noise cancelation and noise reduction features efficiently reduce ambient noise while talking or listening to music.&nbsp;&nbsp; As far as convenience is concerned, the headset features custom fit, supra aural, soft earmuffs made of artificial protein leather to ensure long lasting comfort.&nbsp;&nbsp; The language prompt on the HT headset comes ready with 4 languages, English, Spanish, French, and English, to make communicating easy.Specifications:Style:HeadbandPlug Type:WirelessSensitivity:110±3dBResistance:16Frequency Response Range:20-20000HzModel::H-Turbine Bluetooth HeadphonesConnecting interface: :USBSupport Memory Card:YesSupport Apt-x:NoSupport APP:NoOperating temperature Range::-10  to 50 onlyColor::Black","&nbsp;This headphone is compatible with iOS, Android, and Windows, merely 40ms audio latency breakthrough defects of sound and picture are not synchronized while watching movie via Bluetooth&nbsp; The HT Headphones comes with several high tech features found in today’s high end headsets, and are without a doubt one of the best wireless, high tech headsets.&nbsp;&nbsp; Its technology is based on 57mm ultra large dynamic drivers that deliver a well balanced sound, with clear bass, and incredible treble, which together allow you to listen to the tiniest details of a song.&nbsp;&nbsp; The noise cancelation and noise reduction features efficiently reduce ambient noise while talking or listening to music.&nbsp;&nbsp; As far as convenience is concerned, the headset features custom fit, supra aural, soft earmuffs made of artificial protein leather to ensure long lasting comfort.&nbsp;&nbsp; The language prompt on the HT headset comes ready with 4 languages, English, Spanish, French, and English, to make communicating easy.Specifications:Style:HeadbandPlug Type:WirelessSensitivity:110±3dBResistance:16Frequency Response Range:20-20000HzModel::H-Turbine Bluetooth HeadphonesConnecting interface: :USBSupport Memory Card:YesSupport Apt-x:NoSupport APP:NoOperating temperature Range::-10  to 50 onlyColor::Black
Color:Black
Model Number: HT
Connectivity:Wireless
Compatible with: Mobile Phones
Type: Over Ear"
Electronics,Headphones & Headsets,HTCAW001,HTCAW001,Enable,"Bluedio Bluetooth Stereo Headset, Black - HTCAW001",0,0,Bluedio,1000,150,150,150,150,150,"<b>Product Features : </b><br><ul><li>Brand : Bluedio</li><br><li>Color : Black</li><br><li>Model Number : HTCAW001</li><br><li>Connectivity : Wireless</li><br><li>Compatible with : Mobile Phones</li><br><li>Type : Over Ear</li><br><li>Bluetooth Version : v4.1 </li><br><li>Distortion : 0.1 percent (THD)</li><br><li>Music Playtime : Up to 40 hours</li><br><li>Talk Time : Up to 45 hours</li><br><li>Standby Time : Up to 1625 hours</li><br><li>Charging Time : About 2 hours</li><br><li>Drivers : 57 mm ultra-large</li><br><li>Impedance : 32 Ohm</li><br><li>Languages Voice Prompt : Chinese, English, French and Spanish</li><br><li>Details : Custom fit supra-aural soft earmuffs</li><br><li>Ensures long lasting comfort in various rugged circumstances</li></ul>","<b>Product Features : </b><br><ul><li>Brand : Bluedio</li><br><li>Color : Black</li><br><li>Model Number : HTCAW001</li><br><li>Connectivity : Wireless</li><br><li>Compatible with : Mobile Phones</li><br><li>Type : Over Ear</li><br><li>Bluetooth Version : v4.1 </li><br><li>Distortion : 0.1 percent (THD)</li><br><li>Music Playtime : Up to 40 hours</li><br><li>Talk Time : Up to 45 hours</li><br><li>Standby Time : Up to 1625 hours</li><br><li>Charging Time : About 2 hours</li><br><li>Drivers : 57 mm ultra-large</li><br><li>Impedance : 32 Ohm</li><br><li>Languages Voice Prompt : Chinese, English, French and Spanish</li><br><li>Details : Custom fit supra-aural soft earmuffs</li><br><li>Ensures long lasting comfort in various rugged circumstances</li></ul>
Color:Black
Model Number: HTCAW001
Connectivity:Wireless
Compatible with: Mobile Phones
Type: Over Ear"
Electronics,Headphones & Headsets,HTW01,HTW01,Enable,"Bluedio Wireless Bluetooth Headset, White - HTW01",0,0,Bluedio,1000,150,150,150,150,150,"<b>Product Features : </b><br><ul><li>Brand : Bluedio</li><br><li>Color : White</li><br><li>Model Number : HTW01</li><br><li>Connectivity : Wireless</li><br><li>Compatible with : Mobile Phones</li><br><li>Type : Over Ear</li><br><li>Bluetooth Version : v4.1 </li><br><li>Distortion : 0.1 percent (THD)</li><br><li>Music Playtime : Up to 40 hours</li><br><li>Talk Time : Up to 45 hours</li><br><li>Standby Time : Up to 1625 hours</li><br><li>Charging Time : About 2 hours</li><br><li>Drivers : 57 mm ultra large</li><br><li>Impedance : 32 Ohm</li><br><li>Languages Voice Prompt : Chinese, English, French and Spanish</li><br><li>Details : Custom fit supra-aural soft earmuffs</li><br><li>Ensures long lasting comfort in various rugged circumstances</li></ul>","<b>Product Features : </b><br><ul><li>Brand : Bluedio</li><br><li>Color : White</li><br><li>Model Number : HTW01</li><br><li>Connectivity : Wireless</li><br><li>Compatible with : Mobile Phones</li><br><li>Type : Over Ear</li><br><li>Bluetooth Version : v4.1 </li><br><li>Distortion : 0.1 percent (THD)</li><br><li>Music Playtime : Up to 40 hours</li><br><li>Talk Time : Up to 45 hours</li><br><li>Standby Time : Up to 1625 hours</li><br><li>Charging Time : About 2 hours</li><br><li>Drivers : 57 mm ultra large</li><br><li>Impedance : 32 Ohm</li><br><li>Languages Voice Prompt : Chinese, English, French and Spanish</li><br><li>Details : Custom fit supra-aural soft earmuffs</li><br><li>Ensures long lasting comfort in various rugged circumstances</li></ul>
Compatible with #5705Mobile Phones
Type #5935Over Ear"
Electronics,Headphones & Headsets,HV 800,HV800,Enable,HV 800 Universal Wireless Bluetooth Stereo Headset Neckband Style Earphone Headphone (White),0,0,Other,1000,44,44,44,44,44,"HV 800 Universal Wireless Bluetooth Stereo Headset Neckband Style Earphone Headphone (White)<br><br><b>features:</b><br>1. Charging voltage: DC5V 150mAh <br>2. Working current: 25-35mA <br>3. Bluetooth A2DP Working range: 10m <br>4. Output power: 35mW <br>5. Frequency range: 2.401-2.480GHz <br>7. Frequency response: 20Hz-20KHz <br>8. Working Time: Music/ HuaTong state 10 h <br>10. Charging Time: 1h-2h <br>11. Talk time: 8-15 hours, play time: 6-10 hours<br>12. Music Playing Time: up to 10 hours<br>13. Frequency Response: 20 ~ 20000Hz<br>14. Sensitivity: 80dB<br>15. Impedance: 32 ohms<br>16. peaker Power: 2 x 18mW<br>17. Weight: 118g<br>

18. <b>Color: same as picture</b><br>

<p><strong>Package Include</strong>

</p><p>1 x Neckband Style Bluetooth Headset<br></p><p>

1 x USB Cable</p>","HV 800 Universal Wireless Bluetooth Stereo Headset Neckband Style Earphone Headphone (White)<br><br><b>features:</b><br>1. Charging voltage: DC5V 150mAh <br>2. Working current: 25-35mA <br>3. Bluetooth A2DP Working range: 10m <br>4. Output power: 35mW <br>5. Frequency range: 2.401-2.480GHz <br>7. Frequency response: 20Hz-20KHz <br>8. Working Time: Music/ HuaTong state 10 h <br>10. Charging Time: 1h-2h <br>11. Talk time: 8-15 hours, play time: 6-10 hours<br>12. Music Playing Time: up to 10 hours<br>13. Frequency Response: 20 ~ 20000Hz<br>14. Sensitivity: 80dB<br>15. Impedance: 32 ohms<br>16. peaker Power: 2 x 18mW<br>17. Weight: 118g<br>

18. <b>Color: same as picture</b><br>

<p><strong>Package Include</strong>

</p><p>1 x Neckband Style Bluetooth Headset<br></p><p>

1 x USB Cable</p>
Compatible with #5705Mobile Phones
Type #5935Neckband"
Electronics,Car Audio & Video Accessories,HX-M-X9,HXMX9,Enable,"Car Mobile Magnetic Quick-Snap Holder, Black, HX-M-X9",0,0,Other,1000,45,45,45,45,45,"<p>Car Mobile Magnetic Quick-Snap Holder<br />Car Mount Holder Easy install/remove and take it anywhere with kickstand ability on flat surfaces<br />Position in any orientation, horizontal or vertical</p>","<p>Car Mobile Magnetic Quick-Snap Holder<br />Car Mount Holder Easy install/remove and take it anywhere with kickstand ability on flat surfaces<br />Position in any orientation, horizontal or vertical</p>
Compatible with: All Vehicles
Accessory Type: Audio Car Mounts"
Electronics,Power Banks,I6A02,I6A02,Enable,"Power Bank 3200 mAh built-in case for iPhone 6, Gold, i6A02",0,0,Other,1000,71,71,71,71,71,"<p>External battery compatible with iPhone 6<br />Power: 3200 mAH <br />Color: Gold <br />Safe charging, anti-overcharging<br />Full protection for your device from scratches</p>","<p>External battery compatible with iPhone 6<br />Power: 3200 mAH <br />Color: Gold <br />Safe charging, anti-overcharging<br />Full protection for your device from scratches</p>
Compatible Devices: Smart Phones
Capacity: 3001-4000mAh"
Electronics,Power Banks,I6B01,I6B01,Enable,"Power Bank 5000 mAh built-in case for iPhone 6, Gold, i6B01",0,0,Other,1000,85,85,85,85,85,"<p>External battery compatible with iPhone 6<br />Power: 5000 mAH <br />Color: Gold <br />Safe charging, anti-overcharging<br />Full protection for your device from scratches</p>","<p>External battery compatible with iPhone 6<br />Power: 5000 mAH <br />Color: Gold <br />Safe charging, anti-overcharging<br />Full protection for your device from scratches</p>
Compatible Devices: Smart Phones
Capacity: 4001-5000mAh"
Electronics,Smart Watches,ID107,ID107,Enable,"Smart Watch Silicone Band For Android & iOS,Black - id107",0,0,Other,1000,149,149,149,149,149,"<ul class=""a-vertical a-spacing-none"" style=""box-sizing: border-box; margin-top: 0px; margin-right: 0px; margin-left: 18px; color: rgb(148, 148, 148); padding: 0px; font-family: Arial, sans-serif; font-size: 13px; line-height: 19px; margin-bottom: 0px !important; background-color: rgb(255, 255, 255);""><li style=""box-sizing: border-box; list-style: disc; word-wrap: break-word; margin: 0px;""><span class=""a-list-item"" style=""box-sizing: border-box; color: rgb(17, 17, 17);"">Managing heart rateBluetooth Pedometer Chronograph Calendar Alarm Clock Call Reminder SMS Reminder Heart Rate Monitor Sleep MonitorTime DisplaySedentary ReminderCalories burned measuringFatigue State MonitorCaller ID Anti-Lost Transmits Heart Rate To Compatible Device Track steps distance calories burned and active minutes TPU material waterproof not afraid of washing hands doing housework walking under rain Short Click and Long Press Control Please Note Feel free to contact us if any question anytime we will try our best help you ASAP</span></li><li style=""box-sizing: border-box; list-style: disc; word-wrap: break-word; margin: 0px;""><span class=""a-list-item"" style=""box-sizing: border-box; color: rgb(17, 17, 17);"">System Requirements This fitness tracker requires iOS 7point1 or above Android 4point4 or above and Bluetooth 4point0 Meanwhile users should download the correct APP called VeryFit 2point0 on Google Play or App Store and ensure to sync the data correctly We promise that all the products in our store are brand new not second hand or used</span></li><li style=""box-sizing: border-box; list-style: disc; word-wrap: break-word; margin: 0px;""><span class=""a-list-item"" style=""box-sizing: border-box; color: rgb(17, 17, 17);"">Tracking Step This fitness tracker would calculate the data when arms or legs move even though did not walk or do sports so the step counting and calorie data is not 100 percent exact sometimes</span></li><li style=""box-sizing: border-box; list-style: disc; word-wrap: break-word; margin: 0px;""><span class=""a-list-item"" style=""box-sizing: border-box; color: rgb(17, 17, 17);"">Heart Rate Monitor And also customers need to download the correct APP and set the heart rate monitor on the APP Usually when you touch the screen more than 4 seconds it will calculate the heart rate Please keep the APP open so that it can sync with the bracelet or the BT will be disconnected</span></li><li style=""box-sizing: border-box; list-style: disc; word-wrap: break-word; margin: 0px;""><span class=""a-list-item"" style=""box-sizing: border-box; color: rgb(17, 17, 17);"">Bluetooth connection or synchronization disconnection Users should keep the distance in 05m between fitness tracker and smart phone when Bluetooth paring And keep 10m after finished the Bluetooth pairing</span></li></ul>","<ul class=""a-vertical a-spacing-none"" style=""box-sizing: border-box; margin-top: 0px; margin-right: 0px; margin-left: 18px; color: rgb(148, 148, 148); padding: 0px; font-family: Arial, sans-serif; font-size: 13px; line-height: 19px; margin-bottom: 0px !important; background-color: rgb(255, 255, 255);""><li style=""box-sizing: border-box; list-style: disc; word-wrap: break-word; margin: 0px;""><span class=""a-list-item"" style=""box-sizing: border-box; color: rgb(17, 17, 17);"">Managing heart rateBluetooth Pedometer Chronograph Calendar Alarm Clock Call Reminder SMS Reminder Heart Rate Monitor Sleep MonitorTime DisplaySedentary ReminderCalories burned measuringFatigue State MonitorCaller ID Anti-Lost Transmits Heart Rate To Compatible Device Track steps distance calories burned and active minutes TPU material waterproof not afraid of washing hands doing housework walking under rain Short Click and Long Press Control Please Note Feel free to contact us if any question anytime we will try our best help you ASAP</span></li><li style=""box-sizing: border-box; list-style: disc; word-wrap: break-word; margin: 0px;""><span class=""a-list-item"" style=""box-sizing: border-box; color: rgb(17, 17, 17);"">System Requirements This fitness tracker requires iOS 7point1 or above Android 4point4 or above and Bluetooth 4point0 Meanwhile users should download the correct APP called VeryFit 2point0 on Google Play or App Store and ensure to sync the data correctly We promise that all the products in our store are brand new not second hand or used</span></li><li style=""box-sizing: border-box; list-style: disc; word-wrap: break-word; margin: 0px;""><span class=""a-list-item"" style=""box-sizing: border-box; color: rgb(17, 17, 17);"">Tracking Step This fitness tracker would calculate the data when arms or legs move even though did not walk or do sports so the step counting and calorie data is not 100 percent exact sometimes</span></li><li style=""box-sizing: border-box; list-style: disc; word-wrap: break-word; margin: 0px;""><span class=""a-list-item"" style=""box-sizing: border-box; color: rgb(17, 17, 17);"">Heart Rate Monitor And also customers need to download the correct APP and set the heart rate monitor on the APP Usually when you touch the screen more than 4 seconds it will calculate the heart rate Please keep the APP open so that it can sync with the bracelet or the BT will be disconnected</span></li><li style=""box-sizing: border-box; list-style: disc; word-wrap: break-word; margin: 0px;""><span class=""a-list-item"" style=""box-sizing: border-box; color: rgb(17, 17, 17);"">Bluetooth connection or synchronization disconnection Users should keep the distance in 05m between fitness tracker and smart phone when Bluetooth paring And keep 10m after finished the Bluetooth pairing</span></li></ul>
Color: Black
RAM Size: 
Operating System: Other
SIM card support: No
With Camera: 
Band Material: Silicone
Compatible Operating Systems : Android & iOS"
Electronics,Smart Watches,JD-9001,JD9001,Enable,"JEWAY Smart Watch, White - JD-9001",0,0,Jeway,1000,99,99,99,99,99,"<p>Smart Watch by Jeway Designed for smart phones use, Support NFC and Bluetooth: VER 3.0,</p>
<p>Support Receive and make calls, Send and receive messages and Check emails, Portal&nbsp;slide SIM card.</p>
<p>These messages and mails can be seen in 240x240p resolution on the watch&rsquo;s 1.54 inch screen.</p>
<p>Battery powered on lithium ion rechargeable power 350 mAh provides enough power to operate at up to two or three.</p>
<ul>
<li>Smart Watch by Jeway with Touch screen, screen size 1.54 TFT HD high-definition color LCD.</li>
<li>Support NFC and Bluetooth: VER 3.0 to Conjunction</li>
<li>Webcam: 2.0MP</li>
<li>Battery: 350mAh</li>
<li>Dimension: 46x38x8mm</li>
<li>Micro&nbsp;USBport</li>
<li>Operating System Android</li>
<li>You can add&nbsp;externalmicro SD card</li>
</ul>","<p>Smart Watch by Jeway Designed for smart phones use, Support NFC and Bluetooth: VER 3.0,</p>
<p>Support Receive and make calls, Send and receive messages and Check emails, Portal&nbsp;slide SIM card.</p>
<p>These messages and mails can be seen in 240x240p resolution on the watch&rsquo;s 1.54 inch screen.</p>
<p>Battery powered on lithium ion rechargeable power 350 mAh provides enough power to operate at up to two or three.</p>
<ul>
<li>Smart Watch by Jeway with Touch screen, screen size 1.54 TFT HD high-definition color LCD.</li>
<li>Support NFC and Bluetooth: VER 3.0 to Conjunction</li>
<li>Webcam: 2.0MP</li>
<li>Battery: 350mAh</li>
<li>Dimension: 46x38x8mm</li>
<li>Micro&nbsp;USBport</li>
<li>Operating System Android</li>
<li>You can add&nbsp;externalmicro SD card</li>
</ul>
Color: White
RAM Size: 
Operating System: Android
SIM card support: Yes
With Camera: 
Band Material: Silicone
Compatible Operating Systems : Android"
Electronics,Cables,JY-001,JY001,Enable,"iPhone Cable Charger by Eton, 1M, JY-001",0,0,Eton,1000,17,17,17,17,17,<p>iPhone Cable Charger<br />Length : 1 m<br />Features: Charger &amp; Data <br />Support : Apple iPhone 5 or 6</p>,"<p>iPhone Cable Charger<br />Length : 1 m<br />Features: Charger &amp; Data <br />Support : Apple iPhone 5 or 6</p>
Type: Cables
Compatible with: Mobile Phones"
Electronics,Cables,K1242,K1242,Enable,2.7 car DVR camera 1920x1080 FHD Night Vision recorder camcorder k1242,0,0,Other,1000,139,139,139,139,139,"1080P FULL HD high quality resolution.170 degree A  grade high-resolution wide angle lens.Advanced H.264 photography compression technology.2.7 inch high resolution LCD, can watch while shooting.4X digital zoom.WDR function.Auto power off function.Automatically turn on/off function.Support HDMI full HD video transmission.Support TF memory card, up to 32GB. (TF memory card NOT included)Seamless loop-cycle recording function.Motion detection function.G-sensor function.SOS funciton.Compact size and low power consumption.","1080P FULL HD high quality resolution.170 degree A  grade high-resolution wide angle lens.Advanced H.264 photography compression technology.2.7 inch high resolution LCD, can watch while shooting.4X digital zoom.WDR function.Auto power off function.Automatically turn on/off function.Support HDMI full HD video transmission.Support TF memory card, up to 32GB. (TF memory card NOT included)Seamless loop-cycle recording function.Motion detection function.G-sensor function.SOS funciton.Compact size and low power consumption.
Screen Size: 2 - 2.9 Inch
Resolution: Unkown
Type: DVRs"
Electronics,Smart Watches,K88H,K88H,Enable,K88H Smart Bluetooth Watch Heart Rate Monitor Smartwatch compatable with IOS or Android - STAINLESS STEEL BAND GOLDEN ROSE,0,0,Other,1000,299,299,299,299,299,"                            Features:1. Elegant round dial solves thataesthetic issue2. Advanced MTK2502C chip, Bluetooth 4.0technology3. 1.22"" HD IPS screen provides a240 x 240 full view display and smooth touch experience4. Built-in fitness tracker keeps trackof your daily activities and calculates the calorie burned5. Sleep monitor records your sleeppatterns and analyzes your sleeping quality6. Sedentary reminder helps you promote ahealthy lifestyle7. Professional grade heart rate sensor,with dual modes: healthy heart rate and sports heart rate modes8. Sync calls, call logs, contracts,messages and notifications from paired phone via Bluetooth9. Find phone function lets you easilylocate the lost phone10. Support remote control over cellphonecamera11. Support remote control over musicplay on the phone12. The screen automatically wakes andlights up when wrist is raised13. 5 groups of alarm clocks can be set,with ringtone and vibration alert types14. Customizable screen lock15. Other functions include calculator,Siri support, stopwatch and more16. Standard 22mm watchband, easy tochange17. IP54 waterproof construction, greatto wear during rigorous workouts or outdoor activities&nbsp;Specifications:1. Model: K88H2. Processor: MTK2502C3. Bluetooth Version: 4.04. RAM: 64MB5. ROM: 128MB6. Screen Type: IPS7. Screen Size: 1.2 inch8. Screen Resolution: 240 x 240 pixels9. Waterproof: Yes10. Waterproof Rating : IP5411. Battery Type: Polymer Battery12. Battery Capacity: 300mAh13. Dial Shape: Round14. Compatible with: Android 4.4 / iOS7.0 and Above15. Language: English, French, German,Italian, Polish, Portuguese, Russian, Spanish16. Case Material: Metal17. Band Material: Stainless Steel18. Color: Black19. Dimensions: (1.73 x 1.73 x0.47)"" / (4.4 x 4.4 x 1.2)cm (L x W x H)20. Weight: 2.72oz / 77g&nbsp;Main Functions:1. Bluetooth FunctionWith Bluetooth V4.0, this smart watch isavailable for smart phones with Bluetooth function.2. Sync Functiona. Sync phonebook with Smartphone;b. Sync SMS with Android and ios phones;iphone cannot use messaging menu.c. Sync incoming call with Smartphone;d. Sync music with Smartphone.3. Smart Watch Designa. Prefect Design: Full HD IPS Screen,1.22 inch screenb. With 2 wallpaper and 3 theme, moreconvenient for daily operation4. Siri FunctionTalk to the watch, your phone will dowhat you said : check weather, call to, send message to(this function is onlyfor iPhone)5. Looking PhoneWhen you can't find your phone, our smartwatch will be useful! As long as you use the ""looking phone"" function.(for iPhone, when you use this function, you should open the Fundo Wear appfirst)6. Remote CaptureYou can take photos of whole familywithout other help, just use ""remote capture"" function. (for iPhone,when you use this function, you should open the phone camera first)7. Remote NotifyWhen software on Android and iOS phonehas some information, the smart watch will remind you. So you will never missthem even if in noisy party!(Install Fundo Wear&nbsp;on cell phones first)8. Various Time ShowDifferent moods use different timedisplays.9. PedometerThis smart watch can record steps,calories and distance. Let you know your sports data, adjust your exerciseprogram and get a healthier life!10. Sleep MonitorWhen you sleep, it will monitor yoursleep. Let you know your sleep quality right away.11. Sedentary ReminderTake a rest to avoid fatigue! Our smartwatch has sedentary reminder function to keep fit! You can choose the remindertime.12. Heart Rate MonitoringMonitor your heart rate, help you doreasonable exercise!13. Standard Time and Military TimeStandard Time and Military can suitdifferent people.14. Anti-lostAlarm with sound or vibration if leavingyour smartphone away from 5- 10 meters.15. Wake-up gestureRaise your hand, light up the screen. Itcan also turn to the next pake when you shaking your wrist. You can also answera call by shaking hand.16. Adjustable WristbandSoft strap, comfortable wearing, easy toadjust the perimeter.17. IP54 WaterproofIP54 waterproof, dustproof. Not forshower or swimming.18. More convenient features : time sync,Language sync(Language sync only for Android Phone)19. Other features: Recorder, Alarm, calendar,Music, calculator, stopwatch.&nbsp;Note:1. be compatible for android cell phone(OS must be Android 4.4 or later and Bluetooth must be V4.0), for iPhone (OSmust be IOS 7.0 or later and bluetooth must be V4.0)2. iPhone can't use smart watch messagingmenu, but when you have messages, watch will remind you, and you can click viewto read on watch.3. IP54 waterproof, dustproof. Not forshower or swimming.4. Siri function is only for iPhone.&nbsp;Package Includes:1 x Smart Watch1 x USB Charging Cable1 x English Manual            ","                            Features:1. Elegant round dial solves thataesthetic issue2. Advanced MTK2502C chip, Bluetooth 4.0technology3. 1.22"" HD IPS screen provides a240 x 240 full view display and smooth touch experience4. Built-in fitness tracker keeps trackof your daily activities and calculates the calorie burned5. Sleep monitor records your sleeppatterns and analyzes your sleeping quality6. Sedentary reminder helps you promote ahealthy lifestyle7. Professional grade heart rate sensor,with dual modes: healthy heart rate and sports heart rate modes8. Sync calls, call logs, contracts,messages and notifications from paired phone via Bluetooth9. Find phone function lets you easilylocate the lost phone10. Support remote control over cellphonecamera11. Support remote control over musicplay on the phone12. The screen automatically wakes andlights up when wrist is raised13. 5 groups of alarm clocks can be set,with ringtone and vibration alert types14. Customizable screen lock15. Other functions include calculator,Siri support, stopwatch and more16. Standard 22mm watchband, easy tochange17. IP54 waterproof construction, greatto wear during rigorous workouts or outdoor activities&nbsp;Specifications:1. Model: K88H2. Processor: MTK2502C3. Bluetooth Version: 4.04. RAM: 64MB5. ROM: 128MB6. Screen Type: IPS7. Screen Size: 1.2 inch8. Screen Resolution: 240 x 240 pixels9. Waterproof: Yes10. Waterproof Rating : IP5411. Battery Type: Polymer Battery12. Battery Capacity: 300mAh13. Dial Shape: Round14. Compatible with: Android 4.4 / iOS7.0 and Above15. Language: English, French, German,Italian, Polish, Portuguese, Russian, Spanish16. Case Material: Metal17. Band Material: Stainless Steel18. Color: Black19. Dimensions: (1.73 x 1.73 x0.47)"" / (4.4 x 4.4 x 1.2)cm (L x W x H)20. Weight: 2.72oz / 77g&nbsp;Main Functions:1. Bluetooth FunctionWith Bluetooth V4.0, this smart watch isavailable for smart phones with Bluetooth function.2. Sync Functiona. Sync phonebook with Smartphone;b. Sync SMS with Android and ios phones;iphone cannot use messaging menu.c. Sync incoming call with Smartphone;d. Sync music with Smartphone.3. Smart Watch Designa. Prefect Design: Full HD IPS Screen,1.22 inch screenb. With 2 wallpaper and 3 theme, moreconvenient for daily operation4. Siri FunctionTalk to the watch, your phone will dowhat you said : check weather, call to, send message to(this function is onlyfor iPhone)5. Looking PhoneWhen you can't find your phone, our smartwatch will be useful! As long as you use the ""looking phone"" function.(for iPhone, when you use this function, you should open the Fundo Wear appfirst)6. Remote CaptureYou can take photos of whole familywithout other help, just use ""remote capture"" function. (for iPhone,when you use this function, you should open the phone camera first)7. Remote NotifyWhen software on Android and iOS phonehas some information, the smart watch will remind you. So you will never missthem even if in noisy party!(Install Fundo Wear&nbsp;on cell phones first)8. Various Time ShowDifferent moods use different timedisplays.9. PedometerThis smart watch can record steps,calories and distance. Let you know your sports data, adjust your exerciseprogram and get a healthier life!10. Sleep MonitorWhen you sleep, it will monitor yoursleep. Let you know your sleep quality right away.11. Sedentary ReminderTake a rest to avoid fatigue! Our smartwatch has sedentary reminder function to keep fit! You can choose the remindertime.12. Heart Rate MonitoringMonitor your heart rate, help you doreasonable exercise!13. Standard Time and Military TimeStandard Time and Military can suitdifferent people.14. Anti-lostAlarm with sound or vibration if leavingyour smartphone away from 5- 10 meters.15. Wake-up gestureRaise your hand, light up the screen. Itcan also turn to the next pake when you shaking your wrist. You can also answera call by shaking hand.16. Adjustable WristbandSoft strap, comfortable wearing, easy toadjust the perimeter.17. IP54 WaterproofIP54 waterproof, dustproof. Not forshower or swimming.18. More convenient features : time sync,Language sync(Language sync only for Android Phone)19. Other features: Recorder, Alarm, calendar,Music, calculator, stopwatch.&nbsp;Note:1. be compatible for android cell phone(OS must be Android 4.4 or later and Bluetooth must be V4.0), for iPhone (OSmust be IOS 7.0 or later and bluetooth must be V4.0)2. iPhone can't use smart watch messagingmenu, but when you have messages, watch will remind you, and you can click viewto read on watch.3. IP54 waterproof, dustproof. Not forshower or swimming.4. Siri function is only for iPhone.&nbsp;Package Includes:1 x Smart Watch1 x USB Charging Cable1 x English Manual            
Color: Gold
RAM Size: 64
Operating System: Other
SIM card support: 
With Camera: 
Band Material: Stainless Steel
Compatible Operating Systems : Android & iOS"
Electronics,Smart Watches,K88H - VS33,K88HVS33,Enable,"Smart Watch Stainless Steel Band For Android & iOS,Gold - K88h - VS33",0,0,Other,1000,289,289,289,289,289,"MODLE NO. : VS33/K88HCPU : MTK2502CSIZE : 1.33"" 240*240 pxTOUCH : OGSRAM : 64MBROM : 128MBBLUETOOTH : 4.02G: No GSM3G : No 3GCAMERA : no cameraHEART RATE : Heart RateG-sensor : supportTF CARD : up to 32GBWaterproof : IP65BATTERY : 300 mAhFOR ANDROID : supportFOR iOS : supportFunction : Bluetooth&nbsp;Dialer,&nbsp;Call&nbsp;Reminder,&nbsp;waterproof,&nbsp;Pedometer,&nbsp;Sleep&nbsp;Monitor,&nbsp;Sedentary&nbsp;Reminder,&nbsp;Calendar,anti-lost,&nbsp;,Remote capture ,heartrate,","MODLE NO. : VS33/K88HCPU : MTK2502CSIZE : 1.33"" 240*240 pxTOUCH : OGSRAM : 64MBROM : 128MBBLUETOOTH : 4.02G: No GSM3G : No 3GCAMERA : no cameraHEART RATE : Heart RateG-sensor : supportTF CARD : up to 32GBWaterproof : IP65BATTERY : 300 mAhFOR ANDROID : supportFOR iOS : supportFunction : Bluetooth&nbsp;Dialer,&nbsp;Call&nbsp;Reminder,&nbsp;waterproof,&nbsp;Pedometer,&nbsp;Sleep&nbsp;Monitor,&nbsp;Sedentary&nbsp;Reminder,&nbsp;Calendar,anti-lost,&nbsp;,Remote capture ,heartrate,
Color: Gold
RAM Size: 64
Operating System: Other
SIM card support: No
With Camera: 
Band Material: Stainless Steel
Compatible Operating Systems : Android & iOS"
Electronics,Smart Watches,K88W,K88W,Enable,K88H Smart Bluetooth Watch Heart Rate Monitor Smartwatch - STAINLESS STEEL BAND BLACK,0,0,Other,1000,225,225,225,225,225,"<p class=""MsoNormal""><b><span style=""font-size:16.0pt;line-height:115%;<br>font-family:&quot;Arial Rounded MT Bold&quot;,&quot;sans-serif&quot;"">Features:<o:p></o:p></span></b></p><br><br><p class=""MsoNormal""><span style=""font-size:12.0pt;line-height:115%;font-family:<br>&quot;Arial Rounded MT Bold&quot;,&quot;sans-serif&quot;"">1. Elegant round dial solves that<br>aesthetic issue<o:p></o:p></span></p><br><br><p class=""MsoNormal""><span style=""font-size:12.0pt;line-height:115%;font-family:<br>&quot;Arial Rounded MT Bold&quot;,&quot;sans-serif&quot;"">2. Advanced MTK2502C chip, Bluetooth 4.0<br>technology<o:p></o:p></span></p><br><br><p class=""MsoNormal""><span style=""font-size:12.0pt;line-height:115%;font-family:<br>&quot;Arial Rounded MT Bold&quot;,&quot;sans-serif&quot;"">3. 1.22"" HD IPS screen provides a<br>240 x 240 full view display and smooth touch experience<o:p></o:p></span></p><br><br><p class=""MsoNormal""><span style=""font-size:12.0pt;line-height:115%;font-family:<br>&quot;Arial Rounded MT Bold&quot;,&quot;sans-serif&quot;"">4. Built-in fitness tracker keeps track<br>of your daily activities and calculates the calorie burned<o:p></o:p></span></p><br><br><p class=""MsoNormal""><span style=""font-size:12.0pt;line-height:115%;font-family:<br>&quot;Arial Rounded MT Bold&quot;,&quot;sans-serif&quot;"">5. Sleep monitor records your sleep<br>patterns and analyzes your sleeping quality<o:p></o:p></span></p><br><br><p class=""MsoNormal""><span style=""font-size:12.0pt;line-height:115%;font-family:<br>&quot;Arial Rounded MT Bold&quot;,&quot;sans-serif&quot;"">6. Sedentary reminder helps you promote a<br>healthy lifestyle<o:p></o:p></span></p><br><br><p class=""MsoNormal""><span style=""font-size:12.0pt;line-height:115%;font-family:<br>&quot;Arial Rounded MT Bold&quot;,&quot;sans-serif&quot;"">7. Professional grade heart rate sensor,<br>with dual modes: healthy heart rate and sports heart rate modes<o:p></o:p></span></p><br><br><p class=""MsoNormal""><span style=""font-size:12.0pt;line-height:115%;font-family:<br>&quot;Arial Rounded MT Bold&quot;,&quot;sans-serif&quot;"">8. Sync calls, call logs, contracts,<br>messages and notifications from paired phone via Bluetooth<o:p></o:p></span></p><br><br><p class=""MsoNormal""><span style=""font-size:12.0pt;line-height:115%;font-family:<br>&quot;Arial Rounded MT Bold&quot;,&quot;sans-serif&quot;"">9. Find phone function lets you easily<br>locate the lost phone<o:p></o:p></span></p><br><br><p class=""MsoNormal""><span style=""font-size:12.0pt;line-height:115%;font-family:<br>&quot;Arial Rounded MT Bold&quot;,&quot;sans-serif&quot;"">10. Support remote control over cellphone<br>camera<o:p></o:p></span></p><br><br><p class=""MsoNormal""><span style=""font-size:12.0pt;line-height:115%;font-family:<br>&quot;Arial Rounded MT Bold&quot;,&quot;sans-serif&quot;"">11. Support remote control over music<br>play on the phone<o:p></o:p></span></p><br><br><p class=""MsoNormal""><span style=""font-size:12.0pt;line-height:115%;font-family:<br>&quot;Arial Rounded MT Bold&quot;,&quot;sans-serif&quot;"">12. The screen automatically wakes and<br>lights up when wrist is raised<o:p></o:p></span></p><br><br><p class=""MsoNormal""><span style=""font-size:12.0pt;line-height:115%;font-family:<br>&quot;Arial Rounded MT Bold&quot;,&quot;sans-serif&quot;"">13. 5 groups of alarm clocks can be set,<br>with ringtone and vibration alert types<o:p></o:p></span></p><br><br><p class=""MsoNormal""><span style=""font-size:12.0pt;line-height:115%;font-family:<br>&quot;Arial Rounded MT Bold&quot;,&quot;sans-serif&quot;"">14. Customizable screen lock<o:p></o:p></span></p><br><br><p class=""MsoNormal""><span style=""font-size:12.0pt;line-height:115%;font-family:<br>&quot;Arial Rounded MT Bold&quot;,&quot;sans-serif&quot;"">15. Other functions include calculator,<br>Siri support, stopwatch and more<o:p></o:p></span></p><br><br><p class=""MsoNormal""><span style=""font-size:12.0pt;line-height:115%;font-family:<br>&quot;Arial Rounded MT Bold&quot;,&quot;sans-serif&quot;"">16. Standard 22mm watchband, easy to<br>change<o:p></o:p></span></p><br><br><p class=""MsoNormal""><span style=""font-size:12.0pt;line-height:115%;font-family:<br>&quot;Arial Rounded MT Bold&quot;,&quot;sans-serif&quot;"">17. IP54 waterproof construction, great<br>to wear during rigorous workouts or outdoor activities<o:p></o:p></span></p><br><br><p class=""MsoNormal""><span style=""font-size:12.0pt;line-height:115%;font-family:<br>&quot;Arial Rounded MT Bold&quot;,&quot;sans-serif&quot;"">&nbsp;</span></p><br><br><p class=""MsoNormal""><b><span style=""font-size:16.0pt;line-height:115%;<br>font-family:&quot;Arial Rounded MT Bold&quot;,&quot;sans-serif&quot;"">Specifications:<o:p></o:p></span></b></p><br><br><p class=""MsoNormal""><span style=""font-size:12.0pt;line-height:115%;font-family:<br>&quot;Arial Rounded MT Bold&quot;,&quot;sans-serif&quot;"">1. Model: K88H<o:p></o:p></span></p><br><br><p class=""MsoNormal""><span style=""font-size:12.0pt;line-height:115%;font-family:<br>&quot;Arial Rounded MT Bold&quot;,&quot;sans-serif&quot;"">2. Processor: MTK2502C<o:p></o:p></span></p><br><br><p class=""MsoNormal""><span style=""font-size:12.0pt;line-height:115%;font-family:<br>&quot;Arial Rounded MT Bold&quot;,&quot;sans-serif&quot;"">3. Bluetooth Version: 4.0<o:p></o:p></span></p><br><br><p class=""MsoNormal""><span style=""font-size:12.0pt;line-height:115%;font-family:<br>&quot;Arial Rounded MT Bold&quot;,&quot;sans-serif&quot;"">4. RAM: 64MB<o:p></o:p></span></p><br><br><p class=""MsoNormal""><span style=""font-size:12.0pt;line-height:115%;font-family:<br>&quot;Arial Rounded MT Bold&quot;,&quot;sans-serif&quot;"">5. ROM: 128MB<o:p></o:p></span></p><br><br><p class=""MsoNormal""><span style=""font-size:12.0pt;line-height:115%;font-family:<br>&quot;Arial Rounded MT Bold&quot;,&quot;sans-serif&quot;"">6. Screen Type: IPS<o:p></o:p></span></p><br><br><p class=""MsoNormal""><span style=""font-size:12.0pt;line-height:115%;font-family:<br>&quot;Arial Rounded MT Bold&quot;,&quot;sans-serif&quot;"">7. Screen Size: 1.2 inch<o:p></o:p></span></p><br><br><p class=""MsoNormal""><span style=""font-size:12.0pt;line-height:115%;font-family:<br>&quot;Arial Rounded MT Bold&quot;,&quot;sans-serif&quot;"">8. Screen Resolution: 240 x 240 pixels<o:p></o:p></span></p><br><br><p class=""MsoNormal""><span style=""font-size:12.0pt;line-height:115%;font-family:<br>&quot;Arial Rounded MT Bold&quot;,&quot;sans-serif&quot;"">9. Waterproof: Yes<o:p></o:p></span></p><br><br><p class=""MsoNormal""><span style=""font-size:12.0pt;line-height:115%;font-family:<br>&quot;Arial Rounded MT Bold&quot;,&quot;sans-serif&quot;"">10. Waterproof Rating : IP54<o:p></o:p></span></p><br><br><p class=""MsoNormal""><span style=""font-size:12.0pt;line-height:115%;font-family:<br>&quot;Arial Rounded MT Bold&quot;,&quot;sans-serif&quot;"">11. Battery Type: Polymer Battery<o:p></o:p></span></p><br><br><p class=""MsoNormal""><span style=""font-size:12.0pt;line-height:115%;font-family:<br>&quot;Arial Rounded MT Bold&quot;,&quot;sans-serif&quot;"">12. Battery Capacity: 300mAh<o:p></o:p></span></p><br><br><p class=""MsoNormal""><span style=""font-size:12.0pt;line-height:115%;font-family:<br>&quot;Arial Rounded MT Bold&quot;,&quot;sans-serif&quot;"">13. Dial Shape: Round<o:p></o:p></span></p><br><br><p class=""MsoNormal""><span style=""font-size:12.0pt;line-height:115%;font-family:<br>&quot;Arial Rounded MT Bold&quot;,&quot;sans-serif&quot;"">14. Compatible with: Android 4.4 / iOS<br>7.0 and Above<o:p></o:p></span></p><br><br><p class=""MsoNormal""><span style=""font-size:12.0pt;line-height:115%;font-family:<br>&quot;Arial Rounded MT Bold&quot;,&quot;sans-serif&quot;"">15. Language: English, French, German,<br>Italian, Polish, Portuguese, Russian, Spanish<o:p></o:p></span></p><br><br><p class=""MsoNormal""><span style=""font-size:12.0pt;line-height:115%;font-family:<br>&quot;Arial Rounded MT Bold&quot;,&quot;sans-serif&quot;"">16. Case Material: Metal<o:p></o:p></span></p><br><br><p class=""MsoNormal""><span style=""font-size:12.0pt;line-height:115%;font-family:<br>&quot;Arial Rounded MT Bold&quot;,&quot;sans-serif&quot;"">17. Band Material: Stainless Steel<o:p></o:p></span></p><br><br><p class=""MsoNormal""><span style=""font-size:12.0pt;line-height:115%;font-family:<br>&quot;Arial Rounded MT Bold&quot;,&quot;sans-serif&quot;"">18. Color: Black<o:p></o:p></span></p><br><br><p class=""MsoNormal""><span style=""font-size:12.0pt;line-height:115%;font-family:<br>&quot;Arial Rounded MT Bold&quot;,&quot;sans-serif&quot;"">19. Dimensions: (1.73 x 1.73 x<br>0.47)"" / (4.4 x 4.4 x 1.2)cm (L x W x H)<o:p></o:p></span></p><br><br><p class=""MsoNormal""><span style=""font-size:12.0pt;line-height:115%;font-family:<br>&quot;Arial Rounded MT Bold&quot;,&quot;sans-serif&quot;"">20. Weight: 2.72oz / 77g<o:p></o:p></span></p><br><br><p class=""MsoNormal""><span style=""font-size:12.0pt;line-height:115%;font-family:<br>&quot;Arial Rounded MT Bold&quot;,&quot;sans-serif&quot;"">&nbsp;</span></p><br><br><p class=""MsoNormal""><b><span style=""font-size:16.0pt;line-height:115%;<br>font-family:&quot;Arial Rounded MT Bold&quot;,&quot;sans-serif&quot;"">Main Functions:<o:p></o:p></span></b></p><br><br><p class=""MsoNormal""><span style=""font-size:12.0pt;line-height:115%;font-family:<br>&quot;Arial Rounded MT Bold&quot;,&quot;sans-serif&quot;"">1. Bluetooth Function<o:p></o:p></span></p><br><br><p class=""MsoNormal""><span style=""font-size:12.0pt;line-height:115%;font-family:<br>&quot;Arial Rounded MT Bold&quot;,&quot;sans-serif&quot;"">With Bluetooth V4.0, this smart watch is<br>available for smart phones with Bluetooth function.<o:p></o:p></span></p><br><br><p class=""MsoNormal""><span style=""font-size:12.0pt;line-height:115%;font-family:<br>&quot;Arial Rounded MT Bold&quot;,&quot;sans-serif&quot;"">2. Sync Function<o:p></o:p></span></p><br><br><p class=""MsoNormal""><span style=""font-size:12.0pt;line-height:115%;font-family:<br>&quot;Arial Rounded MT Bold&quot;,&quot;sans-serif&quot;"">a. Sync phonebook with Smartphone;<o:p></o:p></span></p><br><br><p class=""MsoNormal""><span style=""font-size:12.0pt;line-height:115%;font-family:<br>&quot;Arial Rounded MT Bold&quot;,&quot;sans-serif&quot;"">b. Sync SMS with Android and ios phones;<br>iphone cannot use messaging menu.<o:p></o:p></span></p><br><br><p class=""MsoNormal""><span style=""font-size:12.0pt;line-height:115%;font-family:<br>&quot;Arial Rounded MT Bold&quot;,&quot;sans-serif&quot;"">c. Sync incoming call with Smartphone;<o:p></o:p></span></p><br><br><p class=""MsoNormal""><span style=""font-size:12.0pt;line-height:115%;font-family:<br>&quot;Arial Rounded MT Bold&quot;,&quot;sans-serif&quot;"">d. Sync music with Smartphone.<o:p></o:p></span></p><br><br><p class=""MsoNormal""><span style=""font-size:12.0pt;line-height:115%;font-family:<br>&quot;Arial Rounded MT Bold&quot;,&quot;sans-serif&quot;"">3. Smart Watch Design<o:p></o:p></span></p><br><br><p class=""MsoNormal""><span style=""font-size:12.0pt;line-height:115%;font-family:<br>&quot;Arial Rounded MT Bold&quot;,&quot;sans-serif&quot;"">a. Prefect Design: Full HD IPS Screen,<br>1.22 inch screen<o:p></o:p></span></p><br><br><p class=""MsoNormal""><span style=""font-size:12.0pt;line-height:115%;font-family:<br>&quot;Arial Rounded MT Bold&quot;,&quot;sans-serif&quot;"">b. With 2 wallpaper and 3 theme, more<br>convenient for daily operation<o:p></o:p></span></p><br><br><p class=""MsoNormal""><span style=""font-size:12.0pt;line-height:115%;font-family:<br>&quot;Arial Rounded MT Bold&quot;,&quot;sans-serif&quot;"">4. Siri Function<o:p></o:p></span></p><br><br><p class=""MsoNormal""><span style=""font-size:12.0pt;line-height:115%;font-family:<br>&quot;Arial Rounded MT Bold&quot;,&quot;sans-serif&quot;"">Talk to the watch, your phone will do<br>what you said : check weather, call to, send message to(this function is only<br>for iPhone)<o:p></o:p></span></p><br><br><p class=""MsoNormal""><span style=""font-size:12.0pt;line-height:115%;font-family:<br>&quot;Arial Rounded MT Bold&quot;,&quot;sans-serif&quot;"">5. Looking Phone<o:p></o:p></span></p><br><br><p class=""MsoNormal""><span style=""font-size:12.0pt;line-height:115%;font-family:<br>&quot;Arial Rounded MT Bold&quot;,&quot;sans-serif&quot;"">When you can't find your phone, our smart<br>watch will be useful! As long as you use the ""looking phone"" function.<br>(for iPhone, when you use this function, you should open the Fundo Wear app<br>first)<o:p></o:p></span></p><br><br><p class=""MsoNormal""><span style=""font-size:12.0pt;line-height:115%;font-family:<br>&quot;Arial Rounded MT Bold&quot;,&quot;sans-serif&quot;"">6. Remote Capture<o:p></o:p></span></p><br><br><p class=""MsoNormal""><span style=""font-size:12.0pt;line-height:115%;font-family:<br>&quot;Arial Rounded MT Bold&quot;,&quot;sans-serif&quot;"">You can take photos of whole family<br>without other help, just use ""remote capture"" function. (for iPhone,<br>when you use this function, you should open the phone camera first)<o:p></o:p></span></p><br><br><p class=""MsoNormal""><span style=""font-size:12.0pt;line-height:115%;font-family:<br>&quot;Arial Rounded MT Bold&quot;,&quot;sans-serif&quot;"">7. Remote Notify<o:p></o:p></span></p><br><br><p class=""MsoNormal""><span style=""font-size:12.0pt;line-height:115%;font-family:<br>&quot;Arial Rounded MT Bold&quot;,&quot;sans-serif&quot;"">When software on Android and iOS phone<br>has some information, the smart watch will remind you. So you will never miss<br>them even if in noisy party!(Install Fundo Wear&nbsp;<br>on cell phones first)<o:p></o:p></span></p><br><br><p class=""MsoNormal""><span style=""font-size:12.0pt;line-height:115%;font-family:<br>&quot;Arial Rounded MT Bold&quot;,&quot;sans-serif&quot;"">8. Various Time Show<o:p></o:p></span></p><br><br><p class=""MsoNormal""><span style=""font-size:12.0pt;line-height:115%;font-family:<br>&quot;Arial Rounded MT Bold&quot;,&quot;sans-serif&quot;"">Different moods use different time<br>displays.<o:p></o:p></span></p><br><br><p class=""MsoNormal""><span style=""font-size:12.0pt;line-height:115%;font-family:<br>&quot;Arial Rounded MT Bold&quot;,&quot;sans-serif&quot;"">9. Pedometer<o:p></o:p></span></p><br><br><p class=""MsoNormal""><span style=""font-size:12.0pt;line-height:115%;font-family:<br>&quot;Arial Rounded MT Bold&quot;,&quot;sans-serif&quot;"">This smart watch can record steps,<br>calories and distance. Let you know your sports data, adjust your exercise<br>program and get a healthier life!<o:p></o:p></span></p><br><br><p class=""MsoNormal""><span style=""font-size:12.0pt;line-height:115%;font-family:<br>&quot;Arial Rounded MT Bold&quot;,&quot;sans-serif&quot;"">10. Sleep Monitor<o:p></o:p></span></p><br><br><p class=""MsoNormal""><span style=""font-size:12.0pt;line-height:115%;font-family:<br>&quot;Arial Rounded MT Bold&quot;,&quot;sans-serif&quot;"">When you sleep, it will monitor your<br>sleep. Let you know your sleep quality right away.<o:p></o:p></span></p><br><br><p class=""MsoNormal""><span style=""font-size:12.0pt;line-height:115%;font-family:<br>&quot;Arial Rounded MT Bold&quot;,&quot;sans-serif&quot;"">11. Sedentary Reminder<o:p></o:p></span></p><br><br><p class=""MsoNormal""><span style=""font-size:12.0pt;line-height:115%;font-family:<br>&quot;Arial Rounded MT Bold&quot;,&quot;sans-serif&quot;"">Take a rest to avoid fatigue! Our smart<br>watch has sedentary reminder function to keep fit! You can choose the reminder<br>time.<o:p></o:p></span></p><br><br><p class=""MsoNormal""><span style=""font-size:12.0pt;line-height:115%;font-family:<br>&quot;Arial Rounded MT Bold&quot;,&quot;sans-serif&quot;"">12. Heart Rate Monitoring<o:p></o:p></span></p><br><br><p class=""MsoNormal""><span style=""font-size:12.0pt;line-height:115%;font-family:<br>&quot;Arial Rounded MT Bold&quot;,&quot;sans-serif&quot;"">Monitor your heart rate, help you do<br>reasonable exercise!<o:p></o:p></span></p><br><br><p class=""MsoNormal""><span style=""font-size:12.0pt;line-height:115%;font-family:<br>&quot;Arial Rounded MT Bold&quot;,&quot;sans-serif&quot;"">13. Standard Time and Military Time<o:p></o:p></span></p><br><br><p class=""MsoNormal""><span style=""font-size:12.0pt;line-height:115%;font-family:<br>&quot;Arial Rounded MT Bold&quot;,&quot;sans-serif&quot;"">Standard Time and Military can suit<br>different people.<o:p></o:p></span></p><br><br><p class=""MsoNormal""><span style=""font-size:12.0pt;line-height:115%;font-family:<br>&quot;Arial Rounded MT Bold&quot;,&quot;sans-serif&quot;"">14. Anti-lost<o:p></o:p></span></p><br><br><p class=""MsoNormal""><span style=""font-size:12.0pt;line-height:115%;font-family:<br>&quot;Arial Rounded MT Bold&quot;,&quot;sans-serif&quot;"">Alarm with sound or vibration if leaving<br>your smartphone away from 5- 10 meters.<o:p></o:p></span></p><br><br><p class=""MsoNormal""><span style=""font-size:12.0pt;line-height:115%;font-family:<br>&quot;Arial Rounded MT Bold&quot;,&quot;sans-serif&quot;"">15. Wake-up gesture<o:p></o:p></span></p><br><br><p class=""MsoNormal""><span style=""font-size:12.0pt;line-height:115%;font-family:<br>&quot;Arial Rounded MT Bold&quot;,&quot;sans-serif&quot;"">Raise your hand, light up the screen. It<br>can also turn to the next pake when you shaking your wrist. You can also answer<br>a call by shaking hand.<o:p></o:p></span></p><br><br><p class=""MsoNormal""><span style=""font-size:12.0pt;line-height:115%;font-family:<br>&quot;Arial Rounded MT Bold&quot;,&quot;sans-serif&quot;"">16. Adjustable Wristband<o:p></o:p></span></p><br><br><p class=""MsoNormal""><span style=""font-size:12.0pt;line-height:115%;font-family:<br>&quot;Arial Rounded MT Bold&quot;,&quot;sans-serif&quot;"">Soft strap, comfortable wearing, easy to<br>adjust the perimeter.<o:p></o:p></span></p><br><br><p class=""MsoNormal""><span style=""font-size:12.0pt;line-height:115%;font-family:<br>&quot;Arial Rounded MT Bold&quot;,&quot;sans-serif&quot;"">17. IP54 Waterproof<o:p></o:p></span></p><br><br><p class=""MsoNormal""><span style=""font-size:12.0pt;line-height:115%;font-family:<br>&quot;Arial Rounded MT Bold&quot;,&quot;sans-serif&quot;"">IP54 waterproof, dustproof. Not for<br>shower or swimming.<o:p></o:p></span></p><br><br><p class=""MsoNormal""><span style=""font-size:12.0pt;line-height:115%;font-family:<br>&quot;Arial Rounded MT Bold&quot;,&quot;sans-serif&quot;"">18. More convenient features : time sync,<br>Language sync(Language sync only for Android Phone)<o:p></o:p></span></p><br><br><p class=""MsoNormal""><span style=""font-size:12.0pt;line-height:115%;font-family:<br>&quot;Arial Rounded MT Bold&quot;,&quot;sans-serif&quot;"">19. Other features: Recorder, Alarm, calendar,<br>Music, calculator, stopwatch.<o:p></o:p></span></p><br><br><p class=""MsoNormal""><span style=""font-size:12.0pt;line-height:115%;font-family:<br>&quot;Arial Rounded MT Bold&quot;,&quot;sans-serif&quot;"">&nbsp;</span></p><br><br><p class=""MsoNormal""><b><span style=""font-size:16.0pt;line-height:115%;<br>font-family:&quot;Arial Rounded MT Bold&quot;,&quot;sans-serif&quot;"">Note:<o:p></o:p></span></b></p><br><br><p class=""MsoNormal""><span style=""font-size:12.0pt;line-height:115%;font-family:<br>&quot;Arial Rounded MT Bold&quot;,&quot;sans-serif&quot;"">1. be compatible for android cell phone<br>(OS must be Android 4.4 or later and Bluetooth must be V4.0), for iPhone (OS<br>must be IOS 7.0 or later and bluetooth must be V4.0)<o:p></o:p></span></p><br><br><p class=""MsoNormal""><span style=""font-size:12.0pt;line-height:115%;font-family:<br>&quot;Arial Rounded MT Bold&quot;,&quot;sans-serif&quot;"">2. iPhone can't use smart watch messaging<br>menu, but when you have messages, watch will remind you, and you can click view<br>to read on watch.<o:p></o:p></span></p><br><br><p class=""MsoNormal""><span style=""font-size:12.0pt;line-height:115%;font-family:<br>&quot;Arial Rounded MT Bold&quot;,&quot;sans-serif&quot;"">3. IP54 waterproof, dustproof. Not for<br>shower or swimming.<o:p></o:p></span></p><br><br><p class=""MsoNormal""><span style=""font-size:12.0pt;line-height:115%;font-family:<br>&quot;Arial Rounded MT Bold&quot;,&quot;sans-serif&quot;"">4. Siri function is only for iPhone.<o:p></o:p></span></p><br><br><p class=""MsoNormal""><span style=""font-size:12.0pt;line-height:115%;font-family:<br>&quot;Arial Rounded MT Bold&quot;,&quot;sans-serif&quot;"">&nbsp;</span></p><br><br><p class=""MsoNormal""><b><span style=""font-size:16.0pt;line-height:115%;<br>font-family:&quot;Arial Rounded MT Bold&quot;,&quot;sans-serif&quot;"">Package Includes:<o:p></o:p></span></b></p><br><br><p class=""MsoNormal""><span style=""font-size:12.0pt;line-height:115%;font-family:<br>&quot;Arial Rounded MT Bold&quot;,&quot;sans-serif&quot;"">1 x Smart Watch<o:p></o:p></span></p><br><br><p class=""MsoNormal""><span style=""font-size:12.0pt;line-height:115%;font-family:<br>&quot;Arial Rounded MT Bold&quot;,&quot;sans-serif&quot;"">1 x USB Charging Cable<o:p></o:p></span></p><br><br><span style=""font-size:12.0pt;line-height:115%;font-family:&quot;Arial Rounded MT Bold&quot;,&quot;sans-serif&quot;;<br>mso-fareast-font-family:Calibri;mso-fareast-theme-font:minor-latin;mso-bidi-font-family:<br>Arial;mso-bidi-theme-font:minor-bidi;mso-ansi-language:EN-US;mso-fareast-language:<br>EN-US;mso-bidi-language:AR-SA"">1 x English Manual</span>","<p class=""MsoNormal""><b><span style=""font-size:16.0pt;line-height:115%;<br>font-family:&quot;Arial Rounded MT Bold&quot;,&quot;sans-serif&quot;"">Features:<o:p></o:p></span></b></p><br><br><p class=""MsoNormal""><span style=""font-size:12.0pt;line-height:115%;font-family:<br>&quot;Arial Rounded MT Bold&quot;,&quot;sans-serif&quot;"">1. Elegant round dial solves that<br>aesthetic issue<o:p></o:p></span></p><br><br><p class=""MsoNormal""><span style=""font-size:12.0pt;line-height:115%;font-family:<br>&quot;Arial Rounded MT Bold&quot;,&quot;sans-serif&quot;"">2. Advanced MTK2502C chip, Bluetooth 4.0<br>technology<o:p></o:p></span></p><br><br><p class=""MsoNormal""><span style=""font-size:12.0pt;line-height:115%;font-family:<br>&quot;Arial Rounded MT Bold&quot;,&quot;sans-serif&quot;"">3. 1.22"" HD IPS screen provides a<br>240 x 240 full view display and smooth touch experience<o:p></o:p></span></p><br><br><p class=""MsoNormal""><span style=""font-size:12.0pt;line-height:115%;font-family:<br>&quot;Arial Rounded MT Bold&quot;,&quot;sans-serif&quot;"">4. Built-in fitness tracker keeps track<br>of your daily activities and calculates the calorie burned<o:p></o:p></span></p><br><br><p class=""MsoNormal""><span style=""font-size:12.0pt;line-height:115%;font-family:<br>&quot;Arial Rounded MT Bold&quot;,&quot;sans-serif&quot;"">5. Sleep monitor records your sleep<br>patterns and analyzes your sleeping quality<o:p></o:p></span></p><br><br><p class=""MsoNormal""><span style=""font-size:12.0pt;line-height:115%;font-family:<br>&quot;Arial Rounded MT Bold&quot;,&quot;sans-serif&quot;"">6. Sedentary reminder helps you promote a<br>healthy lifestyle<o:p></o:p></span></p><br><br><p class=""MsoNormal""><span style=""font-size:12.0pt;line-height:115%;font-family:<br>&quot;Arial Rounded MT Bold&quot;,&quot;sans-serif&quot;"">7. Professional grade heart rate sensor,<br>with dual modes: healthy heart rate and sports heart rate modes<o:p></o:p></span></p><br><br><p class=""MsoNormal""><span style=""font-size:12.0pt;line-height:115%;font-family:<br>&quot;Arial Rounded MT Bold&quot;,&quot;sans-serif&quot;"">8. Sync calls, call logs, contracts,<br>messages and notifications from paired phone via Bluetooth<o:p></o:p></span></p><br><br><p class=""MsoNormal""><span style=""font-size:12.0pt;line-height:115%;font-family:<br>&quot;Arial Rounded MT Bold&quot;,&quot;sans-serif&quot;"">9. Find phone function lets you easily<br>locate the lost phone<o:p></o:p></span></p><br><br><p class=""MsoNormal""><span style=""font-size:12.0pt;line-height:115%;font-family:<br>&quot;Arial Rounded MT Bold&quot;,&quot;sans-serif&quot;"">10. Support remote control over cellphone<br>camera<o:p></o:p></span></p><br><br><p class=""MsoNormal""><span style=""font-size:12.0pt;line-height:115%;font-family:<br>&quot;Arial Rounded MT Bold&quot;,&quot;sans-serif&quot;"">11. Support remote control over music<br>play on the phone<o:p></o:p></span></p><br><br><p class=""MsoNormal""><span style=""font-size:12.0pt;line-height:115%;font-family:<br>&quot;Arial Rounded MT Bold&quot;,&quot;sans-serif&quot;"">12. The screen automatically wakes and<br>lights up when wrist is raised<o:p></o:p></span></p><br><br><p class=""MsoNormal""><span style=""font-size:12.0pt;line-height:115%;font-family:<br>&quot;Arial Rounded MT Bold&quot;,&quot;sans-serif&quot;"">13. 5 groups of alarm clocks can be set,<br>with ringtone and vibration alert types<o:p></o:p></span></p><br><br><p class=""MsoNormal""><span style=""font-size:12.0pt;line-height:115%;font-family:<br>&quot;Arial Rounded MT Bold&quot;,&quot;sans-serif&quot;"">14. Customizable screen lock<o:p></o:p></span></p><br><br><p class=""MsoNormal""><span style=""font-size:12.0pt;line-height:115%;font-family:<br>&quot;Arial Rounded MT Bold&quot;,&quot;sans-serif&quot;"">15. Other functions include calculator,<br>Siri support, stopwatch and more<o:p></o:p></span></p><br><br><p class=""MsoNormal""><span style=""font-size:12.0pt;line-height:115%;font-family:<br>&quot;Arial Rounded MT Bold&quot;,&quot;sans-serif&quot;"">16. Standard 22mm watchband, easy to<br>change<o:p></o:p></span></p><br><br><p class=""MsoNormal""><span style=""font-size:12.0pt;line-height:115%;font-family:<br>&quot;Arial Rounded MT Bold&quot;,&quot;sans-serif&quot;"">17. IP54 waterproof construction, great<br>to wear during rigorous workouts or outdoor activities<o:p></o:p></span></p><br><br><p class=""MsoNormal""><span style=""font-size:12.0pt;line-height:115%;font-family:<br>&quot;Arial Rounded MT Bold&quot;,&quot;sans-serif&quot;"">&nbsp;</span></p><br><br><p class=""MsoNormal""><b><span style=""font-size:16.0pt;line-height:115%;<br>font-family:&quot;Arial Rounded MT Bold&quot;,&quot;sans-serif&quot;"">Specifications:<o:p></o:p></span></b></p><br><br><p class=""MsoNormal""><span style=""font-size:12.0pt;line-height:115%;font-family:<br>&quot;Arial Rounded MT Bold&quot;,&quot;sans-serif&quot;"">1. Model: K88H<o:p></o:p></span></p><br><br><p class=""MsoNormal""><span style=""font-size:12.0pt;line-height:115%;font-family:<br>&quot;Arial Rounded MT Bold&quot;,&quot;sans-serif&quot;"">2. Processor: MTK2502C<o:p></o:p></span></p><br><br><p class=""MsoNormal""><span style=""font-size:12.0pt;line-height:115%;font-family:<br>&quot;Arial Rounded MT Bold&quot;,&quot;sans-serif&quot;"">3. Bluetooth Version: 4.0<o:p></o:p></span></p><br><br><p class=""MsoNormal""><span style=""font-size:12.0pt;line-height:115%;font-family:<br>&quot;Arial Rounded MT Bold&quot;,&quot;sans-serif&quot;"">4. RAM: 64MB<o:p></o:p></span></p><br><br><p class=""MsoNormal""><span style=""font-size:12.0pt;line-height:115%;font-family:<br>&quot;Arial Rounded MT Bold&quot;,&quot;sans-serif&quot;"">5. ROM: 128MB<o:p></o:p></span></p><br><br><p class=""MsoNormal""><span style=""font-size:12.0pt;line-height:115%;font-family:<br>&quot;Arial Rounded MT Bold&quot;,&quot;sans-serif&quot;"">6. Screen Type: IPS<o:p></o:p></span></p><br><br><p class=""MsoNormal""><span style=""font-size:12.0pt;line-height:115%;font-family:<br>&quot;Arial Rounded MT Bold&quot;,&quot;sans-serif&quot;"">7. Screen Size: 1.2 inch<o:p></o:p></span></p><br><br><p class=""MsoNormal""><span style=""font-size:12.0pt;line-height:115%;font-family:<br>&quot;Arial Rounded MT Bold&quot;,&quot;sans-serif&quot;"">8. Screen Resolution: 240 x 240 pixels<o:p></o:p></span></p><br><br><p class=""MsoNormal""><span style=""font-size:12.0pt;line-height:115%;font-family:<br>&quot;Arial Rounded MT Bold&quot;,&quot;sans-serif&quot;"">9. Waterproof: Yes<o:p></o:p></span></p><br><br><p class=""MsoNormal""><span style=""font-size:12.0pt;line-height:115%;font-family:<br>&quot;Arial Rounded MT Bold&quot;,&quot;sans-serif&quot;"">10. Waterproof Rating : IP54<o:p></o:p></span></p><br><br><p class=""MsoNormal""><span style=""font-size:12.0pt;line-height:115%;font-family:<br>&quot;Arial Rounded MT Bold&quot;,&quot;sans-serif&quot;"">11. Battery Type: Polymer Battery<o:p></o:p></span></p><br><br><p class=""MsoNormal""><span style=""font-size:12.0pt;line-height:115%;font-family:<br>&quot;Arial Rounded MT Bold&quot;,&quot;sans-serif&quot;"">12. Battery Capacity: 300mAh<o:p></o:p></span></p><br><br><p class=""MsoNormal""><span style=""font-size:12.0pt;line-height:115%;font-family:<br>&quot;Arial Rounded MT Bold&quot;,&quot;sans-serif&quot;"">13. Dial Shape: Round<o:p></o:p></span></p><br><br><p class=""MsoNormal""><span style=""font-size:12.0pt;line-height:115%;font-family:<br>&quot;Arial Rounded MT Bold&quot;,&quot;sans-serif&quot;"">14. Compatible with: Android 4.4 / iOS<br>7.0 and Above<o:p></o:p></span></p><br><br><p class=""MsoNormal""><span style=""font-size:12.0pt;line-height:115%;font-family:<br>&quot;Arial Rounded MT Bold&quot;,&quot;sans-serif&quot;"">15. Language: English, French, German,<br>Italian, Polish, Portuguese, Russian, Spanish<o:p></o:p></span></p><br><br><p class=""MsoNormal""><span style=""font-size:12.0pt;line-height:115%;font-family:<br>&quot;Arial Rounded MT Bold&quot;,&quot;sans-serif&quot;"">16. Case Material: Metal<o:p></o:p></span></p><br><br><p class=""MsoNormal""><span style=""font-size:12.0pt;line-height:115%;font-family:<br>&quot;Arial Rounded MT Bold&quot;,&quot;sans-serif&quot;"">17. Band Material: Stainless Steel<o:p></o:p></span></p><br><br><p class=""MsoNormal""><span style=""font-size:12.0pt;line-height:115%;font-family:<br>&quot;Arial Rounded MT Bold&quot;,&quot;sans-serif&quot;"">18. Color: Black<o:p></o:p></span></p><br><br><p class=""MsoNormal""><span style=""font-size:12.0pt;line-height:115%;font-family:<br>&quot;Arial Rounded MT Bold&quot;,&quot;sans-serif&quot;"">19. Dimensions: (1.73 x 1.73 x<br>0.47)"" / (4.4 x 4.4 x 1.2)cm (L x W x H)<o:p></o:p></span></p><br><br><p class=""MsoNormal""><span style=""font-size:12.0pt;line-height:115%;font-family:<br>&quot;Arial Rounded MT Bold&quot;,&quot;sans-serif&quot;"">20. Weight: 2.72oz / 77g<o:p></o:p></span></p><br><br><p class=""MsoNormal""><span style=""font-size:12.0pt;line-height:115%;font-family:<br>&quot;Arial Rounded MT Bold&quot;,&quot;sans-serif&quot;"">&nbsp;</span></p><br><br><p class=""MsoNormal""><b><span style=""font-size:16.0pt;line-height:115%;<br>font-family:&quot;Arial Rounded MT Bold&quot;,&quot;sans-serif&quot;"">Main Functions:<o:p></o:p></span></b></p><br><br><p class=""MsoNormal""><span style=""font-size:12.0pt;line-height:115%;font-family:<br>&quot;Arial Rounded MT Bold&quot;,&quot;sans-serif&quot;"">1. Bluetooth Function<o:p></o:p></span></p><br><br><p class=""MsoNormal""><span style=""font-size:12.0pt;line-height:115%;font-family:<br>&quot;Arial Rounded MT Bold&quot;,&quot;sans-serif&quot;"">With Bluetooth V4.0, this smart watch is<br>available for smart phones with Bluetooth function.<o:p></o:p></span></p><br><br><p class=""MsoNormal""><span style=""font-size:12.0pt;line-height:115%;font-family:<br>&quot;Arial Rounded MT Bold&quot;,&quot;sans-serif&quot;"">2. Sync Function<o:p></o:p></span></p><br><br><p class=""MsoNormal""><span style=""font-size:12.0pt;line-height:115%;font-family:<br>&quot;Arial Rounded MT Bold&quot;,&quot;sans-serif&quot;"">a. Sync phonebook with Smartphone;<o:p></o:p></span></p><br><br><p class=""MsoNormal""><span style=""font-size:12.0pt;line-height:115%;font-family:<br>&quot;Arial Rounded MT Bold&quot;,&quot;sans-serif&quot;"">b. Sync SMS with Android and ios phones;<br>iphone cannot use messaging menu.<o:p></o:p></span></p><br><br><p class=""MsoNormal""><span style=""font-size:12.0pt;line-height:115%;font-family:<br>&quot;Arial Rounded MT Bold&quot;,&quot;sans-serif&quot;"">c. Sync incoming call with Smartphone;<o:p></o:p></span></p><br><br><p class=""MsoNormal""><span style=""font-size:12.0pt;line-height:115%;font-family:<br>&quot;Arial Rounded MT Bold&quot;,&quot;sans-serif&quot;"">d. Sync music with Smartphone.<o:p></o:p></span></p><br><br><p class=""MsoNormal""><span style=""font-size:12.0pt;line-height:115%;font-family:<br>&quot;Arial Rounded MT Bold&quot;,&quot;sans-serif&quot;"">3. Smart Watch Design<o:p></o:p></span></p><br><br><p class=""MsoNormal""><span style=""font-size:12.0pt;line-height:115%;font-family:<br>&quot;Arial Rounded MT Bold&quot;,&quot;sans-serif&quot;"">a. Prefect Design: Full HD IPS Screen,<br>1.22 inch screen<o:p></o:p></span></p><br><br><p class=""MsoNormal""><span style=""font-size:12.0pt;line-height:115%;font-family:<br>&quot;Arial Rounded MT Bold&quot;,&quot;sans-serif&quot;"">b. With 2 wallpaper and 3 theme, more<br>convenient for daily operation<o:p></o:p></span></p><br><br><p class=""MsoNormal""><span style=""font-size:12.0pt;line-height:115%;font-family:<br>&quot;Arial Rounded MT Bold&quot;,&quot;sans-serif&quot;"">4. Siri Function<o:p></o:p></span></p><br><br><p class=""MsoNormal""><span style=""font-size:12.0pt;line-height:115%;font-family:<br>&quot;Arial Rounded MT Bold&quot;,&quot;sans-serif&quot;"">Talk to the watch, your phone will do<br>what you said : check weather, call to, send message to(this function is only<br>for iPhone)<o:p></o:p></span></p><br><br><p class=""MsoNormal""><span style=""font-size:12.0pt;line-height:115%;font-family:<br>&quot;Arial Rounded MT Bold&quot;,&quot;sans-serif&quot;"">5. Looking Phone<o:p></o:p></span></p><br><br><p class=""MsoNormal""><span style=""font-size:12.0pt;line-height:115%;font-family:<br>&quot;Arial Rounded MT Bold&quot;,&quot;sans-serif&quot;"">When you can't find your phone, our smart<br>watch will be useful! As long as you use the ""looking phone"" function.<br>(for iPhone, when you use this function, you should open the Fundo Wear app<br>first)<o:p></o:p></span></p><br><br><p class=""MsoNormal""><span style=""font-size:12.0pt;line-height:115%;font-family:<br>&quot;Arial Rounded MT Bold&quot;,&quot;sans-serif&quot;"">6. Remote Capture<o:p></o:p></span></p><br><br><p class=""MsoNormal""><span style=""font-size:12.0pt;line-height:115%;font-family:<br>&quot;Arial Rounded MT Bold&quot;,&quot;sans-serif&quot;"">You can take photos of whole family<br>without other help, just use ""remote capture"" function. (for iPhone,<br>when you use this function, you should open the phone camera first)<o:p></o:p></span></p><br><br><p class=""MsoNormal""><span style=""font-size:12.0pt;line-height:115%;font-family:<br>&quot;Arial Rounded MT Bold&quot;,&quot;sans-serif&quot;"">7. Remote Notify<o:p></o:p></span></p><br><br><p class=""MsoNormal""><span style=""font-size:12.0pt;line-height:115%;font-family:<br>&quot;Arial Rounded MT Bold&quot;,&quot;sans-serif&quot;"">When software on Android and iOS phone<br>has some information, the smart watch will remind you. So you will never miss<br>them even if in noisy party!(Install Fundo Wear&nbsp;<br>on cell phones first)<o:p></o:p></span></p><br><br><p class=""MsoNormal""><span style=""font-size:12.0pt;line-height:115%;font-family:<br>&quot;Arial Rounded MT Bold&quot;,&quot;sans-serif&quot;"">8. Various Time Show<o:p></o:p></span></p><br><br><p class=""MsoNormal""><span style=""font-size:12.0pt;line-height:115%;font-family:<br>&quot;Arial Rounded MT Bold&quot;,&quot;sans-serif&quot;"">Different moods use different time<br>displays.<o:p></o:p></span></p><br><br><p class=""MsoNormal""><span style=""font-size:12.0pt;line-height:115%;font-family:<br>&quot;Arial Rounded MT Bold&quot;,&quot;sans-serif&quot;"">9. Pedometer<o:p></o:p></span></p><br><br><p class=""MsoNormal""><span style=""font-size:12.0pt;line-height:115%;font-family:<br>&quot;Arial Rounded MT Bold&quot;,&quot;sans-serif&quot;"">This smart watch can record steps,<br>calories and distance. Let you know your sports data, adjust your exercise<br>program and get a healthier life!<o:p></o:p></span></p><br><br><p class=""MsoNormal""><span style=""font-size:12.0pt;line-height:115%;font-family:<br>&quot;Arial Rounded MT Bold&quot;,&quot;sans-serif&quot;"">10. Sleep Monitor<o:p></o:p></span></p><br><br><p class=""MsoNormal""><span style=""font-size:12.0pt;line-height:115%;font-family:<br>&quot;Arial Rounded MT Bold&quot;,&quot;sans-serif&quot;"">When you sleep, it will monitor your<br>sleep. Let you know your sleep quality right away.<o:p></o:p></span></p><br><br><p class=""MsoNormal""><span style=""font-size:12.0pt;line-height:115%;font-family:<br>&quot;Arial Rounded MT Bold&quot;,&quot;sans-serif&quot;"">11. Sedentary Reminder<o:p></o:p></span></p><br><br><p class=""MsoNormal""><span style=""font-size:12.0pt;line-height:115%;font-family:<br>&quot;Arial Rounded MT Bold&quot;,&quot;sans-serif&quot;"">Take a rest to avoid fatigue! Our smart<br>watch has sedentary reminder function to keep fit! You can choose the reminder<br>time.<o:p></o:p></span></p><br><br><p class=""MsoNormal""><span style=""font-size:12.0pt;line-height:115%;font-family:<br>&quot;Arial Rounded MT Bold&quot;,&quot;sans-serif&quot;"">12. Heart Rate Monitoring<o:p></o:p></span></p><br><br><p class=""MsoNormal""><span style=""font-size:12.0pt;line-height:115%;font-family:<br>&quot;Arial Rounded MT Bold&quot;,&quot;sans-serif&quot;"">Monitor your heart rate, help you do<br>reasonable exercise!<o:p></o:p></span></p><br><br><p class=""MsoNormal""><span style=""font-size:12.0pt;line-height:115%;font-family:<br>&quot;Arial Rounded MT Bold&quot;,&quot;sans-serif&quot;"">13. Standard Time and Military Time<o:p></o:p></span></p><br><br><p class=""MsoNormal""><span style=""font-size:12.0pt;line-height:115%;font-family:<br>&quot;Arial Rounded MT Bold&quot;,&quot;sans-serif&quot;"">Standard Time and Military can suit<br>different people.<o:p></o:p></span></p><br><br><p class=""MsoNormal""><span style=""font-size:12.0pt;line-height:115%;font-family:<br>&quot;Arial Rounded MT Bold&quot;,&quot;sans-serif&quot;"">14. Anti-lost<o:p></o:p></span></p><br><br><p class=""MsoNormal""><span style=""font-size:12.0pt;line-height:115%;font-family:<br>&quot;Arial Rounded MT Bold&quot;,&quot;sans-serif&quot;"">Alarm with sound or vibration if leaving<br>your smartphone away from 5- 10 meters.<o:p></o:p></span></p><br><br><p class=""MsoNormal""><span style=""font-size:12.0pt;line-height:115%;font-family:<br>&quot;Arial Rounded MT Bold&quot;,&quot;sans-serif&quot;"">15. Wake-up gesture<o:p></o:p></span></p><br><br><p class=""MsoNormal""><span style=""font-size:12.0pt;line-height:115%;font-family:<br>&quot;Arial Rounded MT Bold&quot;,&quot;sans-serif&quot;"">Raise your hand, light up the screen. It<br>can also turn to the next pake when you shaking your wrist. You can also answer<br>a call by shaking hand.<o:p></o:p></span></p><br><br><p class=""MsoNormal""><span style=""font-size:12.0pt;line-height:115%;font-family:<br>&quot;Arial Rounded MT Bold&quot;,&quot;sans-serif&quot;"">16. Adjustable Wristband<o:p></o:p></span></p><br><br><p class=""MsoNormal""><span style=""font-size:12.0pt;line-height:115%;font-family:<br>&quot;Arial Rounded MT Bold&quot;,&quot;sans-serif&quot;"">Soft strap, comfortable wearing, easy to<br>adjust the perimeter.<o:p></o:p></span></p><br><br><p class=""MsoNormal""><span style=""font-size:12.0pt;line-height:115%;font-family:<br>&quot;Arial Rounded MT Bold&quot;,&quot;sans-serif&quot;"">17. IP54 Waterproof<o:p></o:p></span></p><br><br><p class=""MsoNormal""><span style=""font-size:12.0pt;line-height:115%;font-family:<br>&quot;Arial Rounded MT Bold&quot;,&quot;sans-serif&quot;"">IP54 waterproof, dustproof. Not for<br>shower or swimming.<o:p></o:p></span></p><br><br><p class=""MsoNormal""><span style=""font-size:12.0pt;line-height:115%;font-family:<br>&quot;Arial Rounded MT Bold&quot;,&quot;sans-serif&quot;"">18. More convenient features : time sync,<br>Language sync(Language sync only for Android Phone)<o:p></o:p></span></p><br><br><p class=""MsoNormal""><span style=""font-size:12.0pt;line-height:115%;font-family:<br>&quot;Arial Rounded MT Bold&quot;,&quot;sans-serif&quot;"">19. Other features: Recorder, Alarm, calendar,<br>Music, calculator, stopwatch.<o:p></o:p></span></p><br><br><p class=""MsoNormal""><span style=""font-size:12.0pt;line-height:115%;font-family:<br>&quot;Arial Rounded MT Bold&quot;,&quot;sans-serif&quot;"">&nbsp;</span></p><br><br><p class=""MsoNormal""><b><span style=""font-size:16.0pt;line-height:115%;<br>font-family:&quot;Arial Rounded MT Bold&quot;,&quot;sans-serif&quot;"">Note:<o:p></o:p></span></b></p><br><br><p class=""MsoNormal""><span style=""font-size:12.0pt;line-height:115%;font-family:<br>&quot;Arial Rounded MT Bold&quot;,&quot;sans-serif&quot;"">1. be compatible for android cell phone<br>(OS must be Android 4.4 or later and Bluetooth must be V4.0), for iPhone (OS<br>must be IOS 7.0 or later and bluetooth must be V4.0)<o:p></o:p></span></p><br><br><p class=""MsoNormal""><span style=""font-size:12.0pt;line-height:115%;font-family:<br>&quot;Arial Rounded MT Bold&quot;,&quot;sans-serif&quot;"">2. iPhone can't use smart watch messaging<br>menu, but when you have messages, watch will remind you, and you can click view<br>to read on watch.<o:p></o:p></span></p><br><br><p class=""MsoNormal""><span style=""font-size:12.0pt;line-height:115%;font-family:<br>&quot;Arial Rounded MT Bold&quot;,&quot;sans-serif&quot;"">3. IP54 waterproof, dustproof. Not for<br>shower or swimming.<o:p></o:p></span></p><br><br><p class=""MsoNormal""><span style=""font-size:12.0pt;line-height:115%;font-family:<br>&quot;Arial Rounded MT Bold&quot;,&quot;sans-serif&quot;"">4. Siri function is only for iPhone.<o:p></o:p></span></p><br><br><p class=""MsoNormal""><span style=""font-size:12.0pt;line-height:115%;font-family:<br>&quot;Arial Rounded MT Bold&quot;,&quot;sans-serif&quot;"">&nbsp;</span></p><br><br><p class=""MsoNormal""><b><span style=""font-size:16.0pt;line-height:115%;<br>font-family:&quot;Arial Rounded MT Bold&quot;,&quot;sans-serif&quot;"">Package Includes:<o:p></o:p></span></b></p><br><br><p class=""MsoNormal""><span style=""font-size:12.0pt;line-height:115%;font-family:<br>&quot;Arial Rounded MT Bold&quot;,&quot;sans-serif&quot;"">1 x Smart Watch<o:p></o:p></span></p><br><br><p class=""MsoNormal""><span style=""font-size:12.0pt;line-height:115%;font-family:<br>&quot;Arial Rounded MT Bold&quot;,&quot;sans-serif&quot;"">1 x USB Charging Cable<o:p></o:p></span></p><br><br><span style=""font-size:12.0pt;line-height:115%;font-family:&quot;Arial Rounded MT Bold&quot;,&quot;sans-serif&quot;;<br>mso-fareast-font-family:Calibri;mso-fareast-theme-font:minor-latin;mso-bidi-font-family:<br>Arial;mso-bidi-theme-font:minor-bidi;mso-ansi-language:EN-US;mso-fareast-language:<br>EN-US;mso-bidi-language:AR-SA"">1 x English Manual</span>
Color: Black
RAM Size: 64
Operating System: Other
SIM card support: No
With Camera: 
Band Material: Stainless Steel
Compatible Operating Systems : Android & iOS"
Electronics,Smart Watches,KIDPIK-1,KIDPIK1,Enable,"Smart Watch Resin Band For Android,Pink - KIDPIK-1",0,0,Other,1000,118,118,118,118,118,"Highlight features:<br />It's more than just a watch. It's a highly efficient and mobile communication device.<br />The watch can connect to your smartphone via Bluetooth, giving you instant hands-free access to call and receive notification from your smartphone. <br />It also has sim card slot, allowing it to become its own communication device that can make or receive calls, text and read or send emails etc.<br />Its neck function makes connecting phone via Bluetooth just by taping them together. No more complicated pairing process.<br />The adjustable wristband with soft material give you a comfortable wearing experience. <br /><br />Product specification:<br />Model: Gt08<br />cup: Mtk6260a<br />Bluetooth: Veer 3.0<br />camera:0.3m<br />antenna: Bluetooth, neck lcd: 1.54 inch hd tuft<br />resolution: 240240 pixel<br />ram: 128m+64m<br />support ft. card up to 32gb<br />touch panel: 2.5 d radian capacitive touch screen, ox <br />network: Gem/gps 850/900/1800/1900mhz<br />battery capacity: Removable lithium-polymer batteries 350mah Bluetooth connection standby : More than 1 week normal use: More than 2 days <br />g-sensor: Support pedometer analysis, sedentary remind, sleep monitoring, anti-lost, remote take picture frequency: Gem 850/900/1800/1900 MHz ,<br />single micro sim card kindly note: 1. All functions are available for android smartphone(require download ask installed in your smart phone) 2. But for iOS phones, some functions can't be used. Please see the description carefully, it does not support sums synchronization and can't push information <br /><br />package list: 1 smart watch 1 usb cable 1 user manual.","Highlight features:<br />It's more than just a watch. It's a highly efficient and mobile communication device.<br />The watch can connect to your smartphone via Bluetooth, giving you instant hands-free access to call and receive notification from your smartphone. <br />It also has sim card slot, allowing it to become its own communication device that can make or receive calls, text and read or send emails etc.<br />Its neck function makes connecting phone via Bluetooth just by taping them together. No more complicated pairing process.<br />The adjustable wristband with soft material give you a comfortable wearing experience. <br /><br />Product specification:<br />Model: Gt08<br />cup: Mtk6260a<br />Bluetooth: Veer 3.0<br />camera:0.3m<br />antenna: Bluetooth, neck lcd: 1.54 inch hd tuft<br />resolution: 240240 pixel<br />ram: 128m+64m<br />support ft. card up to 32gb<br />touch panel: 2.5 d radian capacitive touch screen, ox <br />network: Gem/gps 850/900/1800/1900mhz<br />battery capacity: Removable lithium-polymer batteries 350mah Bluetooth connection standby : More than 1 week normal use: More than 2 days <br />g-sensor: Support pedometer analysis, sedentary remind, sleep monitoring, anti-lost, remote take picture frequency: Gem 850/900/1800/1900 MHz ,<br />single micro sim card kindly note: 1. All functions are available for android smartphone(require download ask installed in your smart phone) 2. But for iOS phones, some functions can't be used. Please see the description carefully, it does not support sums synchronization and can't push information <br /><br />package list: 1 smart watch 1 usb cable 1 user manual.
Color: Pink
RAM Size: 128
Operating System: Android
SIM card support: Yes
With Camera: No
Band Material: Resin
Compatible Operating Systems : Android"
Electronics,Headphones & Headsets,KS PLUS,KSPLUS,Enable,"CCK KS-Plus Over-ear Wireless Bluetooth Headphones , Red",0,0,cck,1000,80,80,80,80,80,"<p>Specifications: <br />Model: KS Plus <br />Bluetooth version: V4.1 <br />Frequency range: 20Hz-20KHz <br />Working range: up to 10m <br />Support protocols: A2DP,AVRCP,HSP,HFP <br />Battery Capacity: 60mAh*2<br />Talking time: about 8hrs <br />Music time: about 8hrs <br />Standby time: 120 hrs <br />Charging time: about 2 hrs <br />Input voltage: 5V/100mA <br />Output power: 6mW+6mW <br />Working environment: -10-50</p>
<p>Package include: <br />1 x CCK KS Plus Sports earphones <br />1 x USB charging cable <br />3 x Soft ear cap <br />3 x Earhook <br />1 x Headset storage package <br />1 x User manual <br />1 X Retail Box</p>","<p>Specifications: <br />Model: KS Plus <br />Bluetooth version: V4.1 <br />Frequency range: 20Hz-20KHz <br />Working range: up to 10m <br />Support protocols: A2DP,AVRCP,HSP,HFP <br />Battery Capacity: 60mAh*2<br />Talking time: about 8hrs <br />Music time: about 8hrs <br />Standby time: 120 hrs <br />Charging time: about 2 hrs <br />Input voltage: 5V/100mA <br />Output power: 6mW+6mW <br />Working environment: -10-50</p>
<p>Package include: <br />1 x CCK KS Plus Sports earphones <br />1 x USB charging cable <br />3 x Soft ear cap <br />3 x Earhook <br />1 x Headset storage package <br />1 x User manual <br />1 X Retail Box</p>
Compatible with #5705Mobile Phones
Type #5935In Ear"
Electronics,Headphones & Headsets,KS-PARKOUR,KSPARKOUR,Enable,"CCK KS-Parkour Over-ear Wireless Bluetooth Headphones , Black",0,0,cck,1000,89,89,89,89,89,"<p>Specification:<br />Brand: CCK<br />Model:KS PARKOUR VERSION<br />Bluetooth version: V4.1<br />Frequency range: 20Hz-20KHz<br />Working range: up to 33feet(free space)<br />Support protocols: A2DP,AVRCP,HSP,HFP<br />Battery Capacity: 60mAh<br />Talking time: about 4hrs<br />Music time: about 4hrs<br />Standby time: about 120 hrs<br />Charging time: about 2 hrs<br />Input voltage: 5V/&gt;100mA<br />Output power: 6mW+6mW<br />Working environment: -10 to 50<br />Color: Black<br />Function:Bluetooth 4.1,Voice prompt,handsfree,anti-sweat, microphone,volume controller,skip track,hifi bass</p>
<p>Package Included: <br />1 x CCK KS Parkour sports earphones <br />1 x USB charging cable <br />3 x Soft ear cap <br />1 x Headset storage package <br />1 x User manual <br />1 X Retail Box</p>","<p>Specification:<br />Brand: CCK<br />Model:KS PARKOUR VERSION<br />Bluetooth version: V4.1<br />Frequency range: 20Hz-20KHz<br />Working range: up to 33feet(free space)<br />Support protocols: A2DP,AVRCP,HSP,HFP<br />Battery Capacity: 60mAh<br />Talking time: about 4hrs<br />Music time: about 4hrs<br />Standby time: about 120 hrs<br />Charging time: about 2 hrs<br />Input voltage: 5V/&gt;100mA<br />Output power: 6mW+6mW<br />Working environment: -10 to 50<br />Color: Black<br />Function:Bluetooth 4.1,Voice prompt,handsfree,anti-sweat, microphone,volume controller,skip track,hifi bass</p>
<p>Package Included: <br />1 x CCK KS Parkour sports earphones <br />1 x USB charging cable <br />3 x Soft ear cap <br />1 x Headset storage package <br />1 x User manual <br />1 X Retail Box</p>
Compatible with #5705Mobile Phones
Type #5935In Ear"
Electronics,Headphones & Headsets,KS-PLUS,KSPLUS,Enable,"CCK KS-Plus Over-ear Wireless Bluetooth Headphones , Blue",0,0,cck,1000,80,80,80,80,80,"<p>Specifications: <br />Model: KS Plus <br />Bluetooth version: V4.1 <br />Frequency range: 20Hz-20KHz <br />Working range: up to 10m <br />Support protocols: A2DP,AVRCP,HSP,HFP <br />Battery Capacity: 60mAh*2<br />Talking time: about 8hrs <br />Music time: about 8hrs <br />Standby time: 120 hrs <br />Charging time: about 2 hrs <br />Input voltage: 5V/100mA <br />Output power: 6mW+6mW <br />Working environment: -10-50</p>
<p>Package include: <br />1 x CCK KS Plus Sports earphones <br />1 x USB charging cable <br />3 x Soft ear cap <br />3 x Earhook <br />1 x Headset storage package <br />1 x User manual <br />1 X Retail Box</p>","<p>Specifications: <br />Model: KS Plus <br />Bluetooth version: V4.1 <br />Frequency range: 20Hz-20KHz <br />Working range: up to 10m <br />Support protocols: A2DP,AVRCP,HSP,HFP <br />Battery Capacity: 60mAh*2<br />Talking time: about 8hrs <br />Music time: about 8hrs <br />Standby time: 120 hrs <br />Charging time: about 2 hrs <br />Input voltage: 5V/100mA <br />Output power: 6mW+6mW <br />Working environment: -10-50</p>
<p>Package include: <br />1 x CCK KS Plus Sports earphones <br />1 x USB charging cable <br />3 x Soft ear cap <br />3 x Earhook <br />1 x Headset storage package <br />1 x User manual <br />1 X Retail Box</p>
Compatible with #5705Mobile Phones
Type #5935In Ear"
Electronics,Smart Watches,L28S,L28S,Enable,L28S Smart Wristband Bluetooth Watch Calories,0,0,Bluedio,1000,99,99,99,99,99,"L28S Smart Wristband Bluetooth Watch Calories
Type:Smart Watch","L28S Smart Wristband Bluetooth Watch Calories
Type:Smart Watch"
Electronics,Smart Watches,L2S,L2S,Enable,"Smart Watch Stainless Steel Band For Android & iOS , Silver - L2s",0,0,Other,1000,350,350,350,350,350,"<br><p><span>
<br>        </span></p>
<br>
<br><p><span>
<br> </span></p>
<br>
<br><p><span>
<br>    </span></p>
<br>
<br><p><span>
<br>  </span></p>
<br>
<br><p><span>
<br>     </span></p>
<br>
<br><p><span>
<br>        </span></p>
<br>
<br><p><span>
<br>   </span></p>
<br>
<br><p><span>
<br>     </span></p>
<br>
<br><p><span>
<br> </span></p>
<br>
<br><p><span>
<br>     </span></p>
<br>
<br><p><span>
<br>   </span></p>
<br>
<br><p><span>
<br></span></p>
<br>
<br><p><span>
<br>   </span></p>
<br>
<br><p><span>
<br></span></p>
<br>
<br><p><span>
<br>    </span></p>
<br>
<br><p><span>
<br>      </span></p>
<br>
<br><p><span>
<br>           </span></p>
<br>
<br><p><span>
<br>    </span></p>
<br>
<br><p><span>
<br>    </span></p>
<br>
<br><p><span>
<br></span></p>
<br>
<br><p><span>
<br>  </span></p>
<br>
<br><p><span>
<br>          </span></p>
<br>
<br><p><span>
<br>          
<br> </span></p>
<br>
<br><p><span>
<br>   </span></p>
<br>
<br><p><span>
<br>        </span></p>
<br>
<br><p><span>
<br>  </span></p>
<br>
<br><p><span>
<br>            </span></p>
<br>
<br><p><span>
<br>            </span></p>
<br>
<br><p><span>
<br>    </span></p>
<br>
<br><p><span>
<br>    <span></span></span></p>
<br>
<br>","<br><p><span>
<br>        </span></p>
<br>
<br><p><span>
<br> </span></p>
<br>
<br><p><span>
<br>    </span></p>
<br>
<br><p><span>
<br>  </span></p>
<br>
<br><p><span>
<br>     </span></p>
<br>
<br><p><span>
<br>        </span></p>
<br>
<br><p><span>
<br>   </span></p>
<br>
<br><p><span>
<br>     </span></p>
<br>
<br><p><span>
<br> </span></p>
<br>
<br><p><span>
<br>     </span></p>
<br>
<br><p><span>
<br>   </span></p>
<br>
<br><p><span>
<br></span></p>
<br>
<br><p><span>
<br>   </span></p>
<br>
<br><p><span>
<br></span></p>
<br>
<br><p><span>
<br>    </span></p>
<br>
<br><p><span>
<br>      </span></p>
<br>
<br><p><span>
<br>           </span></p>
<br>
<br><p><span>
<br>    </span></p>
<br>
<br><p><span>
<br>    </span></p>
<br>
<br><p><span>
<br></span></p>
<br>
<br><p><span>
<br>  </span></p>
<br>
<br><p><span>
<br>          </span></p>
<br>
<br><p><span>
<br>          
<br> </span></p>
<br>
<br><p><span>
<br>   </span></p>
<br>
<br><p><span>
<br>        </span></p>
<br>
<br><p><span>
<br>  </span></p>
<br>
<br><p><span>
<br>            </span></p>
<br>
<br><p><span>
<br>            </span></p>
<br>
<br><p><span>
<br>    </span></p>
<br>
<br><p><span>
<br>    <span></span></span></p>
<br>
<br>
Color: Silver
RAM Size: 
Operating System: Android
SIM card support: No
With Camera: 
Band Material: Stainless Steel
Compatible Operating Systems : Android & iOS"
Electronics,Smart Watches,L6G,L6G,Enable,"Smart Watch Silicone Band For Android & iOS , Gold - L6g",0,0,Other,1000,299,299,299,299,299,"<br>
<br>
<br><br><p><span>
<br>        </span></p>
<br>
<br><p><span>
<br> </span></p>
<br>
<br><p><span>
<br>         </span></p>
<br>
<br><p><span>
<br>  </span></p>
<br>
<br><p><span>
<br>  </span></p>
<br>
<br><p><span>
<br>           
<br> </span></p>
<br>
<br><p><span>
<br>     </span></p>
<br>
<br><p><span>
<br>        </span></p>
<br>
<br><p><span>
<br>   </span></p>
<br>
<br><p><span>
<br>     </span></p>
<br>
<br><p><span>
<br> </span></p>
<br>
<br><p><span>
<br>     </span></p>
<br>
<br><p><span>
<br>   </span></p>
<br>
<br><p><span>
<br></span></p>
<br>
<br><p><span>
<br></span></p>
<br>
<br><p><span>
<br>    </span></p>
<br>
<br><p><span>
<br>      </span></p>
<br>
<br><p><span>
<br>           </span></p>
<br>
<br><p><span>
<br>    </span></p>
<br>
<br><p><span>
<br>    </span></p>
<br>
<br><p><span>
<br></span></p>
<br>
<br><p><span>
<br>  </span></p>
<br>
<br><p><span>
<br>          </span></p>
<br>
<br><p><span>
<br>          
<br> </span></p>
<br>
<br><p><span>
<br>   </span></p>
<br>
<br><p><span>
<br>        </span></p>
<br>
<br><p><span>
<br>  </span></p>
<br>
<br><p><span>
<br>            </span></p>
<br>
<br><p><span>
<br>            </span></p>
<br>
<br><p><span>
<br>    </span></p>
<br>
<br><p><span>
<br>    <span></span></span></p>
<br>
<br>","<br>
<br>
<br><br><p><span>
<br>        </span></p>
<br>
<br><p><span>
<br> </span></p>
<br>
<br><p><span>
<br>         </span></p>
<br>
<br><p><span>
<br>  </span></p>
<br>
<br><p><span>
<br>  </span></p>
<br>
<br><p><span>
<br>           
<br> </span></p>
<br>
<br><p><span>
<br>     </span></p>
<br>
<br><p><span>
<br>        </span></p>
<br>
<br><p><span>
<br>   </span></p>
<br>
<br><p><span>
<br>     </span></p>
<br>
<br><p><span>
<br> </span></p>
<br>
<br><p><span>
<br>     </span></p>
<br>
<br><p><span>
<br>   </span></p>
<br>
<br><p><span>
<br></span></p>
<br>
<br><p><span>
<br></span></p>
<br>
<br><p><span>
<br>    </span></p>
<br>
<br><p><span>
<br>      </span></p>
<br>
<br><p><span>
<br>           </span></p>
<br>
<br><p><span>
<br>    </span></p>
<br>
<br><p><span>
<br>    </span></p>
<br>
<br><p><span>
<br></span></p>
<br>
<br><p><span>
<br>  </span></p>
<br>
<br><p><span>
<br>          </span></p>
<br>
<br><p><span>
<br>          
<br> </span></p>
<br>
<br><p><span>
<br>   </span></p>
<br>
<br><p><span>
<br>        </span></p>
<br>
<br><p><span>
<br>  </span></p>
<br>
<br><p><span>
<br>            </span></p>
<br>
<br><p><span>
<br>            </span></p>
<br>
<br><p><span>
<br>    </span></p>
<br>
<br><p><span>
<br>    <span></span></span></p>
<br>
<br>
Color: Gold
RAM Size: 
Operating System: Android
SIM card support: Yes
With Camera: 
Band Material: Silicone
Compatible Operating Systems : Android & iOS"
Electronics,Smart Watches,L6S,L6S,Enable,"Smart Watch Silicone Band For Android & iOS , Silver - L6s",0,0,Other,1000,225,225,225,225,225,"<br><p><span>
<br>        </span></p>
<br>
<br><p><span>
<br> </span></p>
<br>
<br><p><span>
<br>         </span></p>
<br>
<br><p><span>
<br>  </span></p>
<br>
<br><p><span>
<br>  </span></p>
<br>
<br><p><span>
<br>           
<br> </span></p>
<br>
<br><p><span>
<br>     </span></p>
<br>
<br><p><span>
<br>        </span></p>
<br>
<br><p><span>
<br>   </span></p>
<br>
<br><p><span>
<br>     </span></p>
<br>
<br><p><span>
<br> </span></p>
<br>
<br><p><span>
<br>     </span></p>
<br>
<br><p><span>
<br>   </span></p>
<br>
<br><p><span>
<br></span></p>
<br>
<br><p><span>
<br></span></p>
<br>
<br><p><span>
<br>    </span></p>
<br>
<br><p><span>
<br>      </span></p>
<br>
<br><p><span>
<br>           </span></p>
<br>
<br><p><span>
<br>    </span></p>
<br>
<br><p><span>
<br>    </span></p>
<br>
<br><p><span>
<br></span></p>
<br>
<br><p><span>
<br>  </span></p>
<br>
<br><p><span>
<br>          </span></p>
<br>
<br><p><span>
<br>          
<br> </span></p>
<br>
<br><p><span>
<br>   </span></p>
<br>
<br><p><span>
<br>        </span></p>
<br>
<br><p><span>
<br>  </span></p>
<br>
<br><p><span>
<br>            </span></p>
<br>
<br><p><span>
<br>            </span></p>
<br>
<br><p><span>
<br>    </span></p>
<br>
<br><p><span>
<br>    <span></span></span></p>
<br>
<br>","<br><p><span>
<br>        </span></p>
<br>
<br><p><span>
<br> </span></p>
<br>
<br><p><span>
<br>         </span></p>
<br>
<br><p><span>
<br>  </span></p>
<br>
<br><p><span>
<br>  </span></p>
<br>
<br><p><span>
<br>           
<br> </span></p>
<br>
<br><p><span>
<br>     </span></p>
<br>
<br><p><span>
<br>        </span></p>
<br>
<br><p><span>
<br>   </span></p>
<br>
<br><p><span>
<br>     </span></p>
<br>
<br><p><span>
<br> </span></p>
<br>
<br><p><span>
<br>     </span></p>
<br>
<br><p><span>
<br>   </span></p>
<br>
<br><p><span>
<br></span></p>
<br>
<br><p><span>
<br></span></p>
<br>
<br><p><span>
<br>    </span></p>
<br>
<br><p><span>
<br>      </span></p>
<br>
<br><p><span>
<br>           </span></p>
<br>
<br><p><span>
<br>    </span></p>
<br>
<br><p><span>
<br>    </span></p>
<br>
<br><p><span>
<br></span></p>
<br>
<br><p><span>
<br>  </span></p>
<br>
<br><p><span>
<br>          </span></p>
<br>
<br><p><span>
<br>          
<br> </span></p>
<br>
<br><p><span>
<br>   </span></p>
<br>
<br><p><span>
<br>        </span></p>
<br>
<br><p><span>
<br>  </span></p>
<br>
<br><p><span>
<br>            </span></p>
<br>
<br><p><span>
<br>            </span></p>
<br>
<br><p><span>
<br>    </span></p>
<br>
<br><p><span>
<br>    <span></span></span></p>
<br>
<br>
Color: Silver
RAM Size: 
Operating System: Android
SIM card support: Yes
With Camera: 
Band Material: Silicone
Compatible Operating Systems : Android & iOS"
Electronics,Headphones & Headsets,M2 Q08F,M2Q08F,Enable,Bluedio M2 Stereo Bluetooth Wireless Headset in Ear Sport Running Headphone Q08F,0,0,Other,1000,88,88,88,88,88,"<strong style=""padding: 0px; margin: 0px; font-family: Arial, Helvetica, sans-serif; font-size: 14px; line-height: 21px;"">M2 Specifications:&nbsp;</strong><br style=""padding: 0px; margin: 0px; font-family: Arial, Helvetica, sans-serif; font-size: 14px; line-height: 21px;""><span style=""font-family: Arial, Helvetica, sans-serif; font-size: 14px; line-height: 21px;"">Brand Name: Bluedio&nbsp;</span><br style=""padding: 0px; margin: 0px; font-family: Arial, Helvetica, sans-serif; font-size: 14px; line-height: 21px;""><span style=""font-family: Arial, Helvetica, sans-serif; font-size: 14px; line-height: 21px;"">Model Number: M2 &nbsp;</span><br style=""padding: 0px; margin: 0px; font-family: Arial, Helvetica, sans-serif; font-size: 14px; line-height: 21px;""><span style=""font-family: Arial, Helvetica, sans-serif; font-size: 14px; line-height: 21px;"">Bluetooth Version: Bluetooth 4.1; Class 2.</span><br style=""padding: 0px; margin: 0px; font-family: Arial, Helvetica, sans-serif; font-size: 14px; line-height: 21px;""><span style=""font-family: Arial, Helvetica, sans-serif; font-size: 14px; line-height: 21px;"">Supports HSP, HFP, A2DP, AVRCP protocol.&nbsp;</span><br style=""padding: 0px; margin: 0px; font-family: Arial, Helvetica, sans-serif; font-size: 14px; line-height: 21px;""><span style=""font-family: Arial, Helvetica, sans-serif; font-size: 14px; line-height: 21px;"">Operation range: Up to 10 meters&nbsp;</span><br style=""padding: 0px; margin: 0px; font-family: Arial, Helvetica, sans-serif; font-size: 14px; line-height: 21px;""><span style=""font-family: Arial, Helvetica, sans-serif; font-size: 14px; line-height: 21px;"">Transmission Frequency Range: 2.4GHz ~ 2.48GHz</span><br style=""padding: 0px; margin: 0px; font-family: Arial, Helvetica, sans-serif; font-size: 14px; line-height: 21px;""><span style=""font-family: Arial, Helvetica, sans-serif; font-size: 14px; line-height: 21px;"">Frequency Response: 20Hz~20KHz &nbsp;</span><br style=""padding: 0px; margin: 0px; font-family: Arial, Helvetica, sans-serif; font-size: 14px; line-height: 21px;""><span style=""font-family: Arial, Helvetica, sans-serif; font-size: 14px; line-height: 21px;"">High-quality 3.7V / 60mAh Rechargeable Li-ion battery</span><br style=""padding: 0px; margin: 0px; font-family: Arial, Helvetica, sans-serif; font-size: 14px; line-height: 21px;""><span style=""font-family: Arial, Helvetica, sans-serif; font-size: 14px; line-height: 21px;"">Music Playing Time: 7 hours (The Music Volume will affect the time)</span><br style=""padding: 0px; margin: 0px; font-family: Arial, Helvetica, sans-serif; font-size: 14px; line-height: 21px;""><span style=""font-family: Arial, Helvetica, sans-serif; font-size: 14px; line-height: 21px;"">Talk Time: 7 hours</span><br style=""padding: 0px; margin: 0px; font-family: Arial, Helvetica, sans-serif; font-size: 14px; line-height: 21px;""><span style=""font-family: Arial, Helvetica, sans-serif; font-size: 14px; line-height: 21px;"">Standby Time: 160 hours</span><br style=""padding: 0px; margin: 0px; font-family: Arial, Helvetica, sans-serif; font-size: 14px; line-height: 21px;""><span style=""font-family: Arial, Helvetica, sans-serif; font-size: 14px; line-height: 21px;"">Charge Time: 2 hours&nbsp;</span><br style=""padding: 0px; margin: 0px; font-family: Arial, Helvetica, sans-serif; font-size: 14px; line-height: 21px;""><span style=""font-family: Arial, Helvetica, sans-serif; font-size: 14px; line-height: 21px;"">Charge Port: Micro USB</span><br style=""padding: 0px; margin: 0px; font-family: Arial, Helvetica, sans-serif; font-size: 14px; line-height: 21px;""><span style=""font-family: Arial, Helvetica, sans-serif; font-size: 14px; line-height: 21px;"">The Cable length: 65cm&nbsp;</span><br style=""padding: 0px; margin: 0px; font-family: Arial, Helvetica, sans-serif; font-size: 14px; line-height: 21px;""><span style=""font-family: Arial, Helvetica, sans-serif; font-size: 14px; line-height: 21px;"">Color: Black</span><br style=""padding: 0px; margin: 0px; font-family: Arial, Helvetica, sans-serif; font-size: 14px; line-height: 21px;""><span style=""font-family: Arial, Helvetica, sans-serif; font-size: 14px; line-height: 21px;"">Main item weight: 14g / 0.5oz&nbsp;</span><br style=""padding: 0px; margin: 0px; font-family: Arial, Helvetica, sans-serif; font-size: 14px; line-height: 21px;""><span style=""font-family: Arial, Helvetica, sans-serif; font-size: 14px; line-height: 21px;"">Package size: 20.0 * 10.0 * 4.5cm / 7.87 * 3.74 * 1.7in&nbsp;</span><br style=""padding: 0px; margin: 0px; font-family: Arial, Helvetica, sans-serif; font-size: 14px; line-height: 21px;""><span style=""font-family: Arial, Helvetica, sans-serif; font-size: 14px; line-height: 21px;"">Package weight: 105g / 3.7oz</span>","<strong style=""padding: 0px; margin: 0px; font-family: Arial, Helvetica, sans-serif; font-size: 14px; line-height: 21px;"">M2 Specifications:&nbsp;</strong><br style=""padding: 0px; margin: 0px; font-family: Arial, Helvetica, sans-serif; font-size: 14px; line-height: 21px;""><span style=""font-family: Arial, Helvetica, sans-serif; font-size: 14px; line-height: 21px;"">Brand Name: Bluedio&nbsp;</span><br style=""padding: 0px; margin: 0px; font-family: Arial, Helvetica, sans-serif; font-size: 14px; line-height: 21px;""><span style=""font-family: Arial, Helvetica, sans-serif; font-size: 14px; line-height: 21px;"">Model Number: M2 &nbsp;</span><br style=""padding: 0px; margin: 0px; font-family: Arial, Helvetica, sans-serif; font-size: 14px; line-height: 21px;""><span style=""font-family: Arial, Helvetica, sans-serif; font-size: 14px; line-height: 21px;"">Bluetooth Version: Bluetooth 4.1; Class 2.</span><br style=""padding: 0px; margin: 0px; font-family: Arial, Helvetica, sans-serif; font-size: 14px; line-height: 21px;""><span style=""font-family: Arial, Helvetica, sans-serif; font-size: 14px; line-height: 21px;"">Supports HSP, HFP, A2DP, AVRCP protocol.&nbsp;</span><br style=""padding: 0px; margin: 0px; font-family: Arial, Helvetica, sans-serif; font-size: 14px; line-height: 21px;""><span style=""font-family: Arial, Helvetica, sans-serif; font-size: 14px; line-height: 21px;"">Operation range: Up to 10 meters&nbsp;</span><br style=""padding: 0px; margin: 0px; font-family: Arial, Helvetica, sans-serif; font-size: 14px; line-height: 21px;""><span style=""font-family: Arial, Helvetica, sans-serif; font-size: 14px; line-height: 21px;"">Transmission Frequency Range: 2.4GHz ~ 2.48GHz</span><br style=""padding: 0px; margin: 0px; font-family: Arial, Helvetica, sans-serif; font-size: 14px; line-height: 21px;""><span style=""font-family: Arial, Helvetica, sans-serif; font-size: 14px; line-height: 21px;"">Frequency Response: 20Hz~20KHz &nbsp;</span><br style=""padding: 0px; margin: 0px; font-family: Arial, Helvetica, sans-serif; font-size: 14px; line-height: 21px;""><span style=""font-family: Arial, Helvetica, sans-serif; font-size: 14px; line-height: 21px;"">High-quality 3.7V / 60mAh Rechargeable Li-ion battery</span><br style=""padding: 0px; margin: 0px; font-family: Arial, Helvetica, sans-serif; font-size: 14px; line-height: 21px;""><span style=""font-family: Arial, Helvetica, sans-serif; font-size: 14px; line-height: 21px;"">Music Playing Time: 7 hours (The Music Volume will affect the time)</span><br style=""padding: 0px; margin: 0px; font-family: Arial, Helvetica, sans-serif; font-size: 14px; line-height: 21px;""><span style=""font-family: Arial, Helvetica, sans-serif; font-size: 14px; line-height: 21px;"">Talk Time: 7 hours</span><br style=""padding: 0px; margin: 0px; font-family: Arial, Helvetica, sans-serif; font-size: 14px; line-height: 21px;""><span style=""font-family: Arial, Helvetica, sans-serif; font-size: 14px; line-height: 21px;"">Standby Time: 160 hours</span><br style=""padding: 0px; margin: 0px; font-family: Arial, Helvetica, sans-serif; font-size: 14px; line-height: 21px;""><span style=""font-family: Arial, Helvetica, sans-serif; font-size: 14px; line-height: 21px;"">Charge Time: 2 hours&nbsp;</span><br style=""padding: 0px; margin: 0px; font-family: Arial, Helvetica, sans-serif; font-size: 14px; line-height: 21px;""><span style=""font-family: Arial, Helvetica, sans-serif; font-size: 14px; line-height: 21px;"">Charge Port: Micro USB</span><br style=""padding: 0px; margin: 0px; font-family: Arial, Helvetica, sans-serif; font-size: 14px; line-height: 21px;""><span style=""font-family: Arial, Helvetica, sans-serif; font-size: 14px; line-height: 21px;"">The Cable length: 65cm&nbsp;</span><br style=""padding: 0px; margin: 0px; font-family: Arial, Helvetica, sans-serif; font-size: 14px; line-height: 21px;""><span style=""font-family: Arial, Helvetica, sans-serif; font-size: 14px; line-height: 21px;"">Color: Black</span><br style=""padding: 0px; margin: 0px; font-family: Arial, Helvetica, sans-serif; font-size: 14px; line-height: 21px;""><span style=""font-family: Arial, Helvetica, sans-serif; font-size: 14px; line-height: 21px;"">Main item weight: 14g / 0.5oz&nbsp;</span><br style=""padding: 0px; margin: 0px; font-family: Arial, Helvetica, sans-serif; font-size: 14px; line-height: 21px;""><span style=""font-family: Arial, Helvetica, sans-serif; font-size: 14px; line-height: 21px;"">Package size: 20.0 * 10.0 * 4.5cm / 7.87 * 3.74 * 1.7in&nbsp;</span><br style=""padding: 0px; margin: 0px; font-family: Arial, Helvetica, sans-serif; font-size: 14px; line-height: 21px;""><span style=""font-family: Arial, Helvetica, sans-serif; font-size: 14px; line-height: 21px;"">Package weight: 105g / 3.7oz</span>
Color:Black
Model Number: M2
Connectivity:Wireless
Compatible with: Mobile Phones
Type: In Ear"
Electronics,Smart Watches,M26,M26,Enable,"Rwatch Smart Watch Rubber Band For Android & iOS , Black - M26",0,0,R-Watch,1000,90,90,90,90,90,"<div><font color=""#515151"" face=""Tahoma""><span style=""font-size: 12px;""> RWATCH M26       1.4 </span></font></div><div><font color=""#515151"" face=""Tahoma""><span style=""font-size: 12px;"">       </span></font></div><div><font color=""#515151"" face=""Tahoma""><span style=""font-size: 12px;"">  </span></font></div><div><font color=""#515151"" face=""Tahoma""><span style=""font-size: 12px;"">   &nbsp;    </span></font></div><div><font color=""#515151"" face=""Tahoma""><span style=""font-size: 12px;"">      4.0 &nbsp; 3.0</span></font></div><div><font color=""#515151"" face=""Tahoma""><span style=""font-size: 12px;"">       &nbsp;</span></font></div><div><font color=""#515151"" face=""Tahoma""><span style=""font-size: 12px;"">    </span></font></div><div><font color=""#515151"" face=""Tahoma""><span style=""font-size: 12px;"">      &nbsp;</span></font></div><div><font color=""#515151"" face=""Tahoma""><span style=""font-size: 12px;"">        </span></font></div><div><font color=""#515151"" face=""Tahoma""><span style=""font-size: 12px;"">      </span></font></div><div><font color=""#515151"" face=""Tahoma""><span style=""font-size: 12px;"">           </span></font></div><div><font color=""#515151"" face=""Tahoma""><span style=""font-size: 12px;"">      IP67</span></font></div><div><font color=""#515151"" face=""Tahoma""><span style=""font-size: 12px;"">      230MAH&nbsp;</span></font></div><div><font color=""#515151"" face=""Tahoma""><span style=""font-size: 12px;"">   180  (7 )</span></font></div><div><font color=""#515151"" face=""Tahoma""><span style=""font-size: 12px;"">   </span></font></div><div style=""color: rgb(81, 81, 81); font-family: Tahoma; font-size: 12px;""><br></div>","<div><font color=""#515151"" face=""Tahoma""><span style=""font-size: 12px;""> RWATCH M26       1.4 </span></font></div><div><font color=""#515151"" face=""Tahoma""><span style=""font-size: 12px;"">       </span></font></div><div><font color=""#515151"" face=""Tahoma""><span style=""font-size: 12px;"">  </span></font></div><div><font color=""#515151"" face=""Tahoma""><span style=""font-size: 12px;"">   &nbsp;    </span></font></div><div><font color=""#515151"" face=""Tahoma""><span style=""font-size: 12px;"">      4.0 &nbsp; 3.0</span></font></div><div><font color=""#515151"" face=""Tahoma""><span style=""font-size: 12px;"">       &nbsp;</span></font></div><div><font color=""#515151"" face=""Tahoma""><span style=""font-size: 12px;"">    </span></font></div><div><font color=""#515151"" face=""Tahoma""><span style=""font-size: 12px;"">      &nbsp;</span></font></div><div><font color=""#515151"" face=""Tahoma""><span style=""font-size: 12px;"">        </span></font></div><div><font color=""#515151"" face=""Tahoma""><span style=""font-size: 12px;"">      </span></font></div><div><font color=""#515151"" face=""Tahoma""><span style=""font-size: 12px;"">           </span></font></div><div><font color=""#515151"" face=""Tahoma""><span style=""font-size: 12px;"">      IP67</span></font></div><div><font color=""#515151"" face=""Tahoma""><span style=""font-size: 12px;"">      230MAH&nbsp;</span></font></div><div><font color=""#515151"" face=""Tahoma""><span style=""font-size: 12px;"">   180  (7 )</span></font></div><div><font color=""#515151"" face=""Tahoma""><span style=""font-size: 12px;"">   </span></font></div><div style=""color: rgb(81, 81, 81); font-family: Tahoma; font-size: 12px;""><br></div>
Color: Black
RAM Size: 
Operating System: Android
SIM card support: 
With Camera: 
Band Material: Rubber
Compatible Operating Systems : Android & iOS"
Electronics,Headphones & Headsets,M70,M70,Enable,plantronics M70 Bluetooth Headset,0,0,Plantronics,1000,119,119,119,119,119,"The Plantronics M70 Bluetooth® headset is so lightweight and comfortable you may forget you’re wearing it. During set up, you simply follow the voice prompts to select English, Spanish, or French for the audible status alerts on talk time, battery<br>level, connection, and more. You can also control music tracks and volume without touching your smartphone.<br>If you forget it in the car or at the office, the M70 knows to enter its DeepSleep® hibernation mode to conserve the battery. Using the M70 is so easy that you can finally free your<br>cheek from your smartphone.<br><br><b>specifications</b><br><ul><li>Talk Time: Up to 11 hours*</li><li>Standby Time: Up to 16 days*</li><li>DeepSleep Standby Mode: Up to 180 days*</li><li>Weight: 8 grams</li><li>Multipoint Technology: Pair and maintain connections with two phones and</li><li>answer calls from either phone</li><li>Wideband for HD Audio: Enhances clarity when used with wideband-ready</li><li>phones and networks</li><li>Bluetooth Version: Bluetooth v3.0</li><li>Bluetooth Profiles: Advanced Audio Distribution Profile (A2DP), Audio Video</li><li>Remote Control Profile (AVRCP), Hands-Free (HFP) Profile</li><li>1.6 and Headset (HSP) Profile 1.2</li><li>Charge Connector: Micro USB</li><li>Battery Type: Rechargeable, non-replaceable lithium ion polymer</li><li>Charge Time: (Maximum) 2 hours for full charge</li></ul><br>","The Plantronics M70 Bluetooth® headset is so lightweight and comfortable you may forget you’re wearing it. During set up, you simply follow the voice prompts to select English, Spanish, or French for the audible status alerts on talk time, battery<br>level, connection, and more. You can also control music tracks and volume without touching your smartphone.<br>If you forget it in the car or at the office, the M70 knows to enter its DeepSleep® hibernation mode to conserve the battery. Using the M70 is so easy that you can finally free your<br>cheek from your smartphone.<br><br><b>specifications</b><br><ul><li>Talk Time: Up to 11 hours*</li><li>Standby Time: Up to 16 days*</li><li>DeepSleep Standby Mode: Up to 180 days*</li><li>Weight: 8 grams</li><li>Multipoint Technology: Pair and maintain connections with two phones and</li><li>answer calls from either phone</li><li>Wideband for HD Audio: Enhances clarity when used with wideband-ready</li><li>phones and networks</li><li>Bluetooth Version: Bluetooth v3.0</li><li>Bluetooth Profiles: Advanced Audio Distribution Profile (A2DP), Audio Video</li><li>Remote Control Profile (AVRCP), Hands-Free (HFP) Profile</li><li>1.6 and Headset (HSP) Profile 1.2</li><li>Charge Connector: Micro USB</li><li>Battery Type: Rechargeable, non-replaceable lithium ion polymer</li><li>Charge Time: (Maximum) 2 hours for full charge</li></ul><br>
Compatible with: Mobile Phones
Type: In Ear"
Electronics,Headphones & Headsets,ML2,ML2,Enable,Plantronics ML2 Bluetooth Headset,0,0,Plantronics,1000,80,80,80,80,80,"<div class=""row"" style=""margin: 0px; padding: 0px; border: 0px; border-image-source: initial; border-image-slice: initial; border-image-width: initial; border-image-outset: initial; border-image-repeat: initial; vertical-align: baseline; background-color: rgb(255, 255, 255);""><div class=""medium-7 columns"" style=""margin: 0px; padding: 0px; border: 0px; border-image-source: initial; border-image-slice: initial; border-image-width: initial; border-image-outset: initial; border-image-repeat: initial; vertical-align: baseline;""><p style=""margin: 0px; padding: 5px 0px; border: 0px; border-image-source: initial; border-image-slice: initial; border-image-width: initial; border-image-outset: initial; border-image-repeat: initial; vertical-align: baseline; word-wrap: break-word;""><span style=""font-size: 13.2px; line-height: 17.16px; color: rgb(51, 51, 51); font-family: Arial, Tahoma, Verdana, Helvetica, sans-serif;"">Simple and easy to use with the Plantronics ML2 Bluetooth headset. Free your hands from your phone.</span><span style=""font-size: 13.2px; line-height: 17.16px; color: rgb(51, 51, 51); font-family: Arial, Tahoma, Verdana, Helvetica, sans-serif;"">&nbsp;</span></p><p style=""margin: 0px; padding: 5px 0px; border: 0px; border-image-source: initial; border-image-slice: initial; border-image-width: initial; border-image-outset: initial; border-image-repeat: initial; vertical-align: baseline; word-wrap: break-word;""><font color=""#333333"" face=""Arial, Tahoma, Verdana, Helvetica, sans-serif""><span style=""font-size: 13.2px; line-height: 17.16px;"">Made for</span></font></p><p style=""margin: 0px; padding: 5px 0px; border: 0px; border-image-source: initial; border-image-slice: initial; border-image-width: initial; border-image-outset: initial; border-image-repeat: initial; vertical-align: baseline; word-wrap: break-word;""><font color=""#333333"" face=""Arial, Tahoma, Verdana, Helvetica, sans-serif""><span style=""font-size: 13.2px; line-height: 17.16px;"">New users looking for reliable sound that make hands-free calling as easy as possible</span></font><span style=""font-size: 13.2px; line-height: 17.16px; color: rgb(51, 51, 51); font-family: Arial, Tahoma, Verdana, Helvetica, sans-serif;"">&nbsp;</span></p><p style=""margin: 0px; padding: 5px 0px; border: 0px; border-image-source: initial; border-image-slice: initial; border-image-width: initial; border-image-outset: initial; border-image-repeat: initial; vertical-align: baseline; word-wrap: break-word;""><font color=""#333333"" face=""Arial, Tahoma, Verdana, Helvetica, sans-serif""><span style=""font-size: 13.2px; line-height: 17.16px;"">Main Benefits:</span></font></p><p style=""margin: 0px; padding: 5px 0px; border: 0px; border-image-source: initial; border-image-slice: initial; border-image-width: initial; border-image-outset: initial; border-image-repeat: initial; vertical-align: baseline; word-wrap: break-word;""><font color=""#333333"" face=""Arial, Tahoma, Verdana, Helvetica, sans-serif""><span style=""font-size: 13.2px; line-height: 17.16px;"">Reduces noise and echo</span></font></p><p style=""margin: 0px; padding: 5px 0px; border: 0px; border-image-source: initial; border-image-slice: initial; border-image-width: initial; border-image-outset: initial; border-image-repeat: initial; vertical-align: baseline; word-wrap: break-word;""><font color=""#333333"" face=""Arial, Tahoma, Verdana, Helvetica, sans-serif""><span style=""font-size: 13.2px; line-height: 17.16px;"">Pairs with two phones</span></font></p><p style=""margin: 0px; padding: 5px 0px; border: 0px; border-image-source: initial; border-image-slice: initial; border-image-width: initial; border-image-outset: initial; border-image-repeat: initial; vertical-align: baseline; word-wrap: break-word;""><font color=""#333333"" face=""Arial, Tahoma, Verdana, Helvetica, sans-serif""><span style=""font-size: 13.2px; line-height: 17.16px;"">Fits either ear comfortably</span></font></p><p style=""margin: 0px; padding: 5px 0px; border: 0px; border-image-source: initial; border-image-slice: initial; border-image-width: initial; border-image-outset: initial; border-image-repeat: initial; vertical-align: baseline; word-wrap: break-word;""><font color=""#333333"" face=""Arial, Tahoma, Verdana, Helvetica, sans-serif""><span style=""font-size: 13.2px; line-height: 17.16px;"">Optional earloop</span></font></p><p style=""margin: 0px; padding: 5px 0px; border: 0px; border-image-source: initial; border-image-slice: initial; border-image-width: initial; border-image-outset: initial; border-image-repeat: initial; vertical-align: baseline; word-wrap: break-word;""><font color=""#333333"" face=""Arial, Tahoma, Verdana, Helvetica, sans-serif""><span style=""font-size: 13.2px; line-height: 17.16px;"">Voice dialing* (*Smartphone dependent)</span></font></p><p style=""margin: 0px; padding: 5px 0px; border: 0px; border-image-source: initial; border-image-slice: initial; border-image-width: initial; border-image-outset: initial; border-image-repeat: initial; vertical-align: baseline; word-wrap: break-word;""><font color=""#333333"" face=""Arial, Tahoma, Verdana, Helvetica, sans-serif""><span style=""font-size: 13.2px; line-height: 17.16px;"">ml2 product show</span></font></p><p style=""margin: 0px; padding: 5px 0px; border: 0px; border-image-source: initial; border-image-slice: initial; border-image-width: initial; border-image-outset: initial; border-image-repeat: initial; vertical-align: baseline; word-wrap: break-word;""><font color=""#333333"" face=""Arial, Tahoma, Verdana, Helvetica, sans-serif""><span style=""font-size: 13.2px; line-height: 17.16px;"">Easy Set-up and Clear Calls</span></font></p><p style=""margin: 0px; padding: 5px 0px; border: 0px; border-image-source: initial; border-image-slice: initial; border-image-width: initial; border-image-outset: initial; border-image-repeat: initial; vertical-align: baseline; word-wrap: break-word;""><font color=""#333333"" face=""Arial, Tahoma, Verdana, Helvetica, sans-serif""><span style=""font-size: 13.2px; line-height: 17.16px;"">ML2 enables people to make hands free calls whether multitasking on or off the road. It has a compact product design and Plantronics’ hallmark all day comfort. The headset can be worn with or without the optional earloop and the comfortable eartip can be worn on either ear. It also offers multipoint, redial, voice dialing through the phones voice engine, call answer/end/reject.</span></font></p></div></div>","<div class=""row"" style=""margin: 0px; padding: 0px; border: 0px; border-image-source: initial; border-image-slice: initial; border-image-width: initial; border-image-outset: initial; border-image-repeat: initial; vertical-align: baseline; background-color: rgb(255, 255, 255);""><div class=""medium-7 columns"" style=""margin: 0px; padding: 0px; border: 0px; border-image-source: initial; border-image-slice: initial; border-image-width: initial; border-image-outset: initial; border-image-repeat: initial; vertical-align: baseline;""><p style=""margin: 0px; padding: 5px 0px; border: 0px; border-image-source: initial; border-image-slice: initial; border-image-width: initial; border-image-outset: initial; border-image-repeat: initial; vertical-align: baseline; word-wrap: break-word;""><span style=""font-size: 13.2px; line-height: 17.16px; color: rgb(51, 51, 51); font-family: Arial, Tahoma, Verdana, Helvetica, sans-serif;"">Simple and easy to use with the Plantronics ML2 Bluetooth headset. Free your hands from your phone.</span><span style=""font-size: 13.2px; line-height: 17.16px; color: rgb(51, 51, 51); font-family: Arial, Tahoma, Verdana, Helvetica, sans-serif;"">&nbsp;</span></p><p style=""margin: 0px; padding: 5px 0px; border: 0px; border-image-source: initial; border-image-slice: initial; border-image-width: initial; border-image-outset: initial; border-image-repeat: initial; vertical-align: baseline; word-wrap: break-word;""><font color=""#333333"" face=""Arial, Tahoma, Verdana, Helvetica, sans-serif""><span style=""font-size: 13.2px; line-height: 17.16px;"">Made for</span></font></p><p style=""margin: 0px; padding: 5px 0px; border: 0px; border-image-source: initial; border-image-slice: initial; border-image-width: initial; border-image-outset: initial; border-image-repeat: initial; vertical-align: baseline; word-wrap: break-word;""><font color=""#333333"" face=""Arial, Tahoma, Verdana, Helvetica, sans-serif""><span style=""font-size: 13.2px; line-height: 17.16px;"">New users looking for reliable sound that make hands-free calling as easy as possible</span></font><span style=""font-size: 13.2px; line-height: 17.16px; color: rgb(51, 51, 51); font-family: Arial, Tahoma, Verdana, Helvetica, sans-serif;"">&nbsp;</span></p><p style=""margin: 0px; padding: 5px 0px; border: 0px; border-image-source: initial; border-image-slice: initial; border-image-width: initial; border-image-outset: initial; border-image-repeat: initial; vertical-align: baseline; word-wrap: break-word;""><font color=""#333333"" face=""Arial, Tahoma, Verdana, Helvetica, sans-serif""><span style=""font-size: 13.2px; line-height: 17.16px;"">Main Benefits:</span></font></p><p style=""margin: 0px; padding: 5px 0px; border: 0px; border-image-source: initial; border-image-slice: initial; border-image-width: initial; border-image-outset: initial; border-image-repeat: initial; vertical-align: baseline; word-wrap: break-word;""><font color=""#333333"" face=""Arial, Tahoma, Verdana, Helvetica, sans-serif""><span style=""font-size: 13.2px; line-height: 17.16px;"">Reduces noise and echo</span></font></p><p style=""margin: 0px; padding: 5px 0px; border: 0px; border-image-source: initial; border-image-slice: initial; border-image-width: initial; border-image-outset: initial; border-image-repeat: initial; vertical-align: baseline; word-wrap: break-word;""><font color=""#333333"" face=""Arial, Tahoma, Verdana, Helvetica, sans-serif""><span style=""font-size: 13.2px; line-height: 17.16px;"">Pairs with two phones</span></font></p><p style=""margin: 0px; padding: 5px 0px; border: 0px; border-image-source: initial; border-image-slice: initial; border-image-width: initial; border-image-outset: initial; border-image-repeat: initial; vertical-align: baseline; word-wrap: break-word;""><font color=""#333333"" face=""Arial, Tahoma, Verdana, Helvetica, sans-serif""><span style=""font-size: 13.2px; line-height: 17.16px;"">Fits either ear comfortably</span></font></p><p style=""margin: 0px; padding: 5px 0px; border: 0px; border-image-source: initial; border-image-slice: initial; border-image-width: initial; border-image-outset: initial; border-image-repeat: initial; vertical-align: baseline; word-wrap: break-word;""><font color=""#333333"" face=""Arial, Tahoma, Verdana, Helvetica, sans-serif""><span style=""font-size: 13.2px; line-height: 17.16px;"">Optional earloop</span></font></p><p style=""margin: 0px; padding: 5px 0px; border: 0px; border-image-source: initial; border-image-slice: initial; border-image-width: initial; border-image-outset: initial; border-image-repeat: initial; vertical-align: baseline; word-wrap: break-word;""><font color=""#333333"" face=""Arial, Tahoma, Verdana, Helvetica, sans-serif""><span style=""font-size: 13.2px; line-height: 17.16px;"">Voice dialing* (*Smartphone dependent)</span></font></p><p style=""margin: 0px; padding: 5px 0px; border: 0px; border-image-source: initial; border-image-slice: initial; border-image-width: initial; border-image-outset: initial; border-image-repeat: initial; vertical-align: baseline; word-wrap: break-word;""><font color=""#333333"" face=""Arial, Tahoma, Verdana, Helvetica, sans-serif""><span style=""font-size: 13.2px; line-height: 17.16px;"">ml2 product show</span></font></p><p style=""margin: 0px; padding: 5px 0px; border: 0px; border-image-source: initial; border-image-slice: initial; border-image-width: initial; border-image-outset: initial; border-image-repeat: initial; vertical-align: baseline; word-wrap: break-word;""><font color=""#333333"" face=""Arial, Tahoma, Verdana, Helvetica, sans-serif""><span style=""font-size: 13.2px; line-height: 17.16px;"">Easy Set-up and Clear Calls</span></font></p><p style=""margin: 0px; padding: 5px 0px; border: 0px; border-image-source: initial; border-image-slice: initial; border-image-width: initial; border-image-outset: initial; border-image-repeat: initial; vertical-align: baseline; word-wrap: break-word;""><font color=""#333333"" face=""Arial, Tahoma, Verdana, Helvetica, sans-serif""><span style=""font-size: 13.2px; line-height: 17.16px;"">ML2 enables people to make hands free calls whether multitasking on or off the road. It has a compact product design and Plantronics’ hallmark all day comfort. The headset can be worn with or without the optional earloop and the comfortable eartip can be worn on either ear. It also offers multipoint, redial, voice dialing through the phones voice engine, call answer/end/reject.</span></font></p></div></div>
Compatible with: Mobile Phones
Type: In Ear"
Electronics,Smart Watches,MTK2501,MTK2501,Enable,"Smart Watch Leather Band For Android & iOS,Black - MTK2501",0,0,Other,1000,299,299,299,299,299,"Zeblaze Rover Toughened OGS Panel Smart Watch MTK2501 Bluetooth 4.0 with Premium Leather Strap &nbsp;- &nbsp;BLACK. its Not only with gorgeous appearance - Toughened OGS panel, 8.8mm ultrathin case and premium leather band, but also built-in high precision clip - MTK2501 (108MHz) which is able to compatible with both Android and iOS system, let you experience powerful functions.<ul class=""generatedBullets""><li>&nbsp;Brand : Other</li><li>Color : Black</li><li>RAM Size : 128 MB</li><li>Operating System : Other</li><li>With Camera : </li><li>Band Material : Leather</li><li>Compatible Operating Systems  : Android &amp; iOS</li><li>Model Number : MTK2501</li></ul>","Zeblaze Rover Toughened OGS Panel Smart Watch MTK2501 Bluetooth 4.0 with Premium Leather Strap &nbsp;- &nbsp;BLACK. its Not only with gorgeous appearance - Toughened OGS panel, 8.8mm ultrathin case and premium leather band, but also built-in high precision clip - MTK2501 (108MHz) which is able to compatible with both Android and iOS system, let you experience powerful functions.<ul class=""generatedBullets""><li>&nbsp;Brand : Other</li><li>Color : Black</li><li>RAM Size : 128 MB</li><li>Operating System : Other</li><li>With Camera : </li><li>Band Material : Leather</li><li>Compatible Operating Systems  : Android &amp; iOS</li><li>Model Number : MTK2501</li></ul>
Color: Black
RAM Size: 128
Operating System: Other
SIM card support: 
With Camera: 
Band Material: Leather
Compatible Operating Systems : Android & iOS"
Electronics,Smart Watches,MVSA0265,MVSA0265,Enable,Genius for Unisex - Digital Silicone Band Watch - MVSA0265,0,0,Bluedio,1000,12,12,12,12,12,"Genius for Unisex - Digital Silicone Band Watch - MVSA0265
Type:Smart Watch","Genius for Unisex - Digital Silicone Band Watch - MVSA0265
Type:Smart Watch"
Electronics,Headphones & Headsets,MX555,MX555,Enable,Olven bluetooth headset with memory black color,0,0,Olven,1000,149,149,149,149,149,-Bluetooth distance10M &nbsp; &nbsp; &nbsp; &nbsp; &nbsp; &nbsp; &nbsp; &nbsp; &nbsp; &nbsp; &nbsp; &nbsp; &nbsp; &nbsp; &nbsp; &nbsp; &nbsp; &nbsp; &nbsp; &nbsp; &nbsp; &nbsp; &nbsp; &nbsp; &nbsp; &nbsp; &nbsp; &nbsp; &nbsp; &nbsp; &nbsp; &nbsp; &nbsp;,-Bluetooth distance10M &nbsp; &nbsp; &nbsp; &nbsp; &nbsp; &nbsp; &nbsp; &nbsp; &nbsp; &nbsp; &nbsp; &nbsp; &nbsp; &nbsp; &nbsp; &nbsp; &nbsp; &nbsp; &nbsp; &nbsp; &nbsp; &nbsp; &nbsp; &nbsp; &nbsp; &nbsp; &nbsp; &nbsp; &nbsp; &nbsp; &nbsp; &nbsp; &nbsp;
Electronics,Speakers,MY500,MY500,Enable,Margoun bluetooth portable speaker MY500 Black,0,0,Margoun,1000,68,68,68,68,68,Margoun bluetooth portable speaker MY500 Black,"Margoun bluetooth portable speaker MY500 Black
Color: Black
Port Type: Wireless
Speaker Type: Bluetooth Speakers
Connectivity Technology: Wireless
Compatible with: Multi"
Electronics,Headphones & Headsets,N2-DP001,N2DP001,Enable,Bluedio N2 Sports Wireless Bluetooth Stereo Earbuds Headset/DP001/,0,0,Bluedio,1000,89,89,89,89,89,"<p style=""margin: 0px; padding: 5px 0px;"">With Bluetooth 4.1 A2DP Wireless Stereo Headset Sport Earphone headphone. The advanced Bluetooth 4.0 technology(8 times the bandwidth compare over the Bluetooth 2.1 standard). Which can can work well with iPhone 5s/5c/5/4s/4/3/2; iPad series/iPod/ iTouch; Samsung Galaxy S4/S3/S2/Note2/Note3/Galaxy/Nokia/HTC/aTT/Toshiaba/Sony all Smart phone and All Tablet/PC/Laptop.</p><p style=""margin: 0px; padding: 5px 0px;""><span style=""margin: 0px; padding: 0px;"">With the best Audio Performance</span><br style=""margin: 0px; padding: 0px;"">Stereo - Bluetooth 4.1 - Wireless 30 feet distance - Sport - In the ear. Lightweight, comfortable earbuds - quality sound on the go. Media on the move. Subway commute, Coffee shop lounging, Taking a walk, Whatever your scenery, enjoy it more while listening to your own tunes - all without the hassle of connecting with a wire.</p><p style=""margin: 0px; padding: 5px 0px;""><span style=""margin: 0px; padding: 0px;"">Cutting-edge sound</span><br style=""margin: 0px; padding: 0px;"">Featuring the state-of-the-art Bluetooth 4.1 standard (8 times the bandwidth over the 2.1 standard) , these earbuds produce clear, full sound. The snug-fitting ear tips block out peripheral noise letting you enjoy your media - free of distractions. Simply take control.</p><p style=""margin: 0px; padding: 5px 0px;"">We put the most used functions (adjust volume, skip tracks, power, and phone functions) in easy reach and even included a power meter on IOS 5 and over. With up to 5 hours of play time between charges, don't worry about charging often, but when you do, the clip-on charger does the job with ease. Sportier audio.</p><p style=""margin: 0px; padding: 5px 0px;""><span style=""margin: 0px; padding: 0px;"">Bluetooth sporting headset</span><br style=""margin: 0px; padding: 0px;"">Allows clear communication; Enables use as a headset. Music and phone controls ensure ease of use, digital noise cancellation technology</p><p style=""margin: 0px; padding: 5px 0px;""><span style=""margin: 0px; padding: 0px;"">Product Features:</span></p><p style=""margin: 0px; padding: 5px 0px;""><span style=""margin: 0px; padding: 0px;"">Sweat and moisture-proof</span>&nbsp;<br style=""margin: 0px; padding: 0px;"">Effectively prevent sweat and rain interfere with headset operation. Make every drop of sweat dancing with music.</p><p style=""margin: 0px; padding: 5px 0px;""><span style=""margin: 0px; padding: 0px;"">Reproduced true sound</span>&nbsp;<br style=""margin: 0px; padding: 0px;"">Crafted with 10mm dynamic driver, and CCAW voice coil created surprising full-bodied timbre, clear and bright, better transient response, restore true sound of your favorite singer.</p><p style=""margin: 0px; padding: 5px 0px;""><span style=""margin: 0px; padding: 0px;"">6th generation CVC noise reduction</span>&nbsp;<br style=""margin: 0px; padding: 0px;"">Significantly improves receive path voice signal by sophisticated algorithm technology and altering the spectral shape of the receive path signal</p><p style=""margin: 0px; padding: 5px 0px;""><span style=""margin: 0px; padding: 0px;"">YES or NO</span>&nbsp;<br style=""margin: 0px; padding: 0px;"">Voice command say Yes or NO decide whether to pick a call, free your hands to do what you want. If you are busying, say Yes to pick a call,say No to reject a call.</p><ul style=""margin: 0px; padding: 0px;""><li style=""margin: 0px; padding: 0px;"">Voice prompts</li><li style=""margin: 0px; padding: 0px;"">EQ, Multi-point</li><li style=""margin: 0px; padding: 0px;"">Call waiting, 180hrs standby, Real stereo</li><li style=""margin: 0px; padding: 0px;"">Last call redial, Noise reduction</li><li style=""margin: 0px; padding: 0px;"">Voice control</li></ul>","<p style=""margin: 0px; padding: 5px 0px;"">With Bluetooth 4.1 A2DP Wireless Stereo Headset Sport Earphone headphone. The advanced Bluetooth 4.0 technology(8 times the bandwidth compare over the Bluetooth 2.1 standard). Which can can work well with iPhone 5s/5c/5/4s/4/3/2; iPad series/iPod/ iTouch; Samsung Galaxy S4/S3/S2/Note2/Note3/Galaxy/Nokia/HTC/aTT/Toshiaba/Sony all Smart phone and All Tablet/PC/Laptop.</p><p style=""margin: 0px; padding: 5px 0px;""><span style=""margin: 0px; padding: 0px;"">With the best Audio Performance</span><br style=""margin: 0px; padding: 0px;"">Stereo - Bluetooth 4.1 - Wireless 30 feet distance - Sport - In the ear. Lightweight, comfortable earbuds - quality sound on the go. Media on the move. Subway commute, Coffee shop lounging, Taking a walk, Whatever your scenery, enjoy it more while listening to your own tunes - all without the hassle of connecting with a wire.</p><p style=""margin: 0px; padding: 5px 0px;""><span style=""margin: 0px; padding: 0px;"">Cutting-edge sound</span><br style=""margin: 0px; padding: 0px;"">Featuring the state-of-the-art Bluetooth 4.1 standard (8 times the bandwidth over the 2.1 standard) , these earbuds produce clear, full sound. The snug-fitting ear tips block out peripheral noise letting you enjoy your media - free of distractions. Simply take control.</p><p style=""margin: 0px; padding: 5px 0px;"">We put the most used functions (adjust volume, skip tracks, power, and phone functions) in easy reach and even included a power meter on IOS 5 and over. With up to 5 hours of play time between charges, don't worry about charging often, but when you do, the clip-on charger does the job with ease. Sportier audio.</p><p style=""margin: 0px; padding: 5px 0px;""><span style=""margin: 0px; padding: 0px;"">Bluetooth sporting headset</span><br style=""margin: 0px; padding: 0px;"">Allows clear communication; Enables use as a headset. Music and phone controls ensure ease of use, digital noise cancellation technology</p><p style=""margin: 0px; padding: 5px 0px;""><span style=""margin: 0px; padding: 0px;"">Product Features:</span></p><p style=""margin: 0px; padding: 5px 0px;""><span style=""margin: 0px; padding: 0px;"">Sweat and moisture-proof</span>&nbsp;<br style=""margin: 0px; padding: 0px;"">Effectively prevent sweat and rain interfere with headset operation. Make every drop of sweat dancing with music.</p><p style=""margin: 0px; padding: 5px 0px;""><span style=""margin: 0px; padding: 0px;"">Reproduced true sound</span>&nbsp;<br style=""margin: 0px; padding: 0px;"">Crafted with 10mm dynamic driver, and CCAW voice coil created surprising full-bodied timbre, clear and bright, better transient response, restore true sound of your favorite singer.</p><p style=""margin: 0px; padding: 5px 0px;""><span style=""margin: 0px; padding: 0px;"">6th generation CVC noise reduction</span>&nbsp;<br style=""margin: 0px; padding: 0px;"">Significantly improves receive path voice signal by sophisticated algorithm technology and altering the spectral shape of the receive path signal</p><p style=""margin: 0px; padding: 5px 0px;""><span style=""margin: 0px; padding: 0px;"">YES or NO</span>&nbsp;<br style=""margin: 0px; padding: 0px;"">Voice command say Yes or NO decide whether to pick a call, free your hands to do what you want. If you are busying, say Yes to pick a call,say No to reject a call.</p><ul style=""margin: 0px; padding: 0px;""><li style=""margin: 0px; padding: 0px;"">Voice prompts</li><li style=""margin: 0px; padding: 0px;"">EQ, Multi-point</li><li style=""margin: 0px; padding: 0px;"">Call waiting, 180hrs standby, Real stereo</li><li style=""margin: 0px; padding: 0px;"">Last call redial, Noise reduction</li><li style=""margin: 0px; padding: 0px;"">Voice control</li></ul>
Color:Black
Model Number: N2
Connectivity:Wireless
Compatible with: Mobile Phones
Type: In Ear"
Electronics,Headphones & Headsets,NIA,NIA,Enable,NIA Wireless Bluetooth Stereo SD FM Headphone Headset with Mic for PC MP3 MP4 Player-Orange,0,0,NIA,1000,65,65,65,65,65,"<span><span>FEATURES</span><span><span><span>:</span><br>&nbsp;</span></span></span><span><span></span><br></span><ol><li><span>Rechargeable battery, convenient and practical<span>.</span></span></li><li>3.5mm audio input general port, and can be used for other audio equipments.<span>&nbsp;</span><br></li><li>Play TF card stored in MP3 /WMA /WAV files<span>.</span></li><li><span></span>Sound cavity design, ensure high fidelity CD quality effect.<span></span></li><li><span></span><span>MP3 Music Player</span></li></ol>","<span><span>FEATURES</span><span><span><span>:</span><br>&nbsp;</span></span></span><span><span></span><br></span><ol><li><span>Rechargeable battery, convenient and practical<span>.</span></span></li><li>3.5mm audio input general port, and can be used for other audio equipments.<span>&nbsp;</span><br></li><li>Play TF card stored in MP3 /WMA /WAV files<span>.</span></li><li><span></span>Sound cavity design, ensure high fidelity CD quality effect.<span></span></li><li><span></span><span>MP3 Music Player</span></li></ol>
Compatible with #5705All
Type #5935Over Ear"
Electronics,Mobile Accessories,PA1583 BLACK,PA1583BLACK,Enable,180 Degree Fisheye Macro Lens Magnetic Mount for iPhone 5S 5 Galaxy S4 S3 Note 3 HTC 2 in 1 [PA1583 Black],0,0,Other,1000,19,19,19,19,19,"<strong>Features:</strong><br>Portable and detachable, you can take photo with your devices at any time.<br>Work on most type of mobile phones whose lens are not bigger than 13mm in diameter (13mm).<br>Includes flat adhesive metal ring that is fixed around the original lens.<br>Includes lens cap to avoid damage.<br>Magnetic hanger for convenient storage.<br>Unscrew to use it as a separate macro lens.<br>High Clarity: Made of high-class glass.<br>Strong: Made of top-grade Aluminum.<br><br><strong>Note: </strong>The Flash Light will be blocked when the lens is in use.<br><br><strong>Specifications:</strong><br>Fish Eye Lens: 180°<br>Macro Lens: 10X<br>Material: Aluminum   Glass   PC<br>Color: Black<br>Fisheye Lens Dimensions (main body): 25 * 15.22mm/ 1.0 * 0.6in (D * T)<br>Macro Lens Dimensions (main body): 20 * 7.55mm/ 0.8 * 0.3ih (D * T)<br>Magnetic Ring Dimensions: 13mm/ 0.5in (OD); 9.5mm/ 0.4in (ID)<br>Item Weight: 9.5g/ 0.33oz (without accessories)<br>Package Size: 16.5 * 9 * 5.5cm/ 6.5 * 3.5 * 2.2in<br>Package Weight: 35g/ 1.2oz<br><br><strong>Package list:</strong><br>1 * Fisheye macro lens<br>1 * Magnetic hanger<br>1 * Lens cap<br>3 * Magnetic rings","<strong>Features:</strong><br>Portable and detachable, you can take photo with your devices at any time.<br>Work on most type of mobile phones whose lens are not bigger than 13mm in diameter (13mm).<br>Includes flat adhesive metal ring that is fixed around the original lens.<br>Includes lens cap to avoid damage.<br>Magnetic hanger for convenient storage.<br>Unscrew to use it as a separate macro lens.<br>High Clarity: Made of high-class glass.<br>Strong: Made of top-grade Aluminum.<br><br><strong>Note: </strong>The Flash Light will be blocked when the lens is in use.<br><br><strong>Specifications:</strong><br>Fish Eye Lens: 180°<br>Macro Lens: 10X<br>Material: Aluminum   Glass   PC<br>Color: Black<br>Fisheye Lens Dimensions (main body): 25 * 15.22mm/ 1.0 * 0.6in (D * T)<br>Macro Lens Dimensions (main body): 20 * 7.55mm/ 0.8 * 0.3ih (D * T)<br>Magnetic Ring Dimensions: 13mm/ 0.5in (OD); 9.5mm/ 0.4in (ID)<br>Item Weight: 9.5g/ 0.33oz (without accessories)<br>Package Size: 16.5 * 9 * 5.5cm/ 6.5 * 3.5 * 2.2in<br>Package Weight: 35g/ 1.2oz<br><br><strong>Package list:</strong><br>1 * Fisheye macro lens<br>1 * Magnetic hanger<br>1 * Lens cap<br>3 * Magnetic rings
Mobile Accessory Type: Mobile Phone Lens
Compatible with: Multi"
Electronics,Mobile Accessories,PG-901,PG901,Enable,Ipega Wireless Bluetooth Game Pad Controller Joystick for iPhone/ iPad /Androd,0,0,iPega,1000,129,129,129,129,129,"<p align=""left"" style=""font-family: 'Times New Roman'; font-size: medium; background-color: rgb(247, 243, 255);""><font face=""Arial""><strong>Features</strong></font></p><div align=""left"" style=""font-family: 'Times New Roman'; font-size: medium; background-color: rgb(247, 243, 255);""><font size=""2"" face=""Arial""><font face=""Times""><font size=""3""><p dir=""ltr"" align=""left"">&nbsp;Model: PG-9017<br>- Quantity: 1<br>- Color: white<br>- Material: Mixed plastic housing<br>- Compatible Models: iPad / <span style=""color:#cc0000;font-weight:bold"">iPhone</span> / Smartphone / Android / iOS Tablet PC<br>- Features:<br>- This product is a new design wireless Bluetooth controller and supports different Android/ iOS / PC and other games<br>- It can be <span style=""color:#cc0000;font-weight:bold"">used</span> when connected with the Bluetooth mobile phone without any drivers<br>- Built-in lithium battery, after charging can be sustainable long-term use, safe and stable<br>- The phone can be placed on the telescopic holder, convenient for playing games<br>- Bluetooth 3.0 wireless transmission can be 6~8 meters wide range of control from the operation<br>- User-friendly software designed to enter the power saving mode with no connection state<br>- Compatible with iPod / <span style=""color:#cc0000;font-weight:bold"">iPhone</span> / iPad as well as the vast majority of android tablet PCs<br>- Game Support Description:<br>- Note: The compatibility problem exist on the part of the game of Android 4.0 system; It is recommended to use the stable version of the system<br>- Supports the vast majority of the simulator as well as racing and tower defense type of game under the android system. Such as:</p><blockquote dir=""ltr"" style=""margin-right: 0px;""><p dir=""ltr"" align=""left"" style=""margin-right: 0px;"">Gunman Clive<br>Helium Boy<br>League of Evil<br>League of Evil 2<br>Temple Run<br>Super Lemonade Factory<br>Blast Ball<br>Gold Runner<br>Kung Fu Rabbit<br>Super Mega Worm<br>Plum Crazy<br>Hungry Maste<br>r Cyborg Livestock<br>Stardash<br>Super Drill Panic<br>GoatUp<br>Bob's Action Racing<br>Box Cat<br>Haunted Hallway<br>Jungool<br>Influx<br>Decades</p></blockquote><p dir=""ltr"" align=""left"" style=""margin-right: 0px;""><br>&nbsp;Supports the vast majority of the game with a virtual keyboard under iOS system. ( Such as Gunman Clive, Helium Boy, League of Evil League of Evil 2, Muffin Knight Free Stardash, Temple the Run, etc.)<br><br></p></font></font></font></div><p align=""left"" style=""font-family: 'Times New Roman'; font-size: medium; background-color: rgb(247, 243, 255);""><font face=""Arial""><strong>Package Includes<br></strong></font></p><div align=""left"" style=""font-family: 'Times New Roman'; font-size: medium; background-color: rgb(247, 243, 255);""><ul><li><font face=""Arial"">1 x Controller</font></li><li><font face=""Arial"">1 x USB Cable (85cm)</font></li><li><font face=""Arial"">1 x English User Manual<br></font></li></ul></div><p align=""center"" style=""font-family: 'Times New Roman'; font-size: medium; text-align: -webkit-center; background-color: rgb(247, 243, 255);""><br></p>","<p align=""left"" style=""font-family: 'Times New Roman'; font-size: medium; background-color: rgb(247, 243, 255);""><font face=""Arial""><strong>Features</strong></font></p><div align=""left"" style=""font-family: 'Times New Roman'; font-size: medium; background-color: rgb(247, 243, 255);""><font size=""2"" face=""Arial""><font face=""Times""><font size=""3""><p dir=""ltr"" align=""left"">&nbsp;Model: PG-9017<br>- Quantity: 1<br>- Color: white<br>- Material: Mixed plastic housing<br>- Compatible Models: iPad / <span style=""color:#cc0000;font-weight:bold"">iPhone</span> / Smartphone / Android / iOS Tablet PC<br>- Features:<br>- This product is a new design wireless Bluetooth controller and supports different Android/ iOS / PC and other games<br>- It can be <span style=""color:#cc0000;font-weight:bold"">used</span> when connected with the Bluetooth mobile phone without any drivers<br>- Built-in lithium battery, after charging can be sustainable long-term use, safe and stable<br>- The phone can be placed on the telescopic holder, convenient for playing games<br>- Bluetooth 3.0 wireless transmission can be 6~8 meters wide range of control from the operation<br>- User-friendly software designed to enter the power saving mode with no connection state<br>- Compatible with iPod / <span style=""color:#cc0000;font-weight:bold"">iPhone</span> / iPad as well as the vast majority of android tablet PCs<br>- Game Support Description:<br>- Note: The compatibility problem exist on the part of the game of Android 4.0 system; It is recommended to use the stable version of the system<br>- Supports the vast majority of the simulator as well as racing and tower defense type of game under the android system. Such as:</p><blockquote dir=""ltr"" style=""margin-right: 0px;""><p dir=""ltr"" align=""left"" style=""margin-right: 0px;"">Gunman Clive<br>Helium Boy<br>League of Evil<br>League of Evil 2<br>Temple Run<br>Super Lemonade Factory<br>Blast Ball<br>Gold Runner<br>Kung Fu Rabbit<br>Super Mega Worm<br>Plum Crazy<br>Hungry Maste<br>r Cyborg Livestock<br>Stardash<br>Super Drill Panic<br>GoatUp<br>Bob's Action Racing<br>Box Cat<br>Haunted Hallway<br>Jungool<br>Influx<br>Decades</p></blockquote><p dir=""ltr"" align=""left"" style=""margin-right: 0px;""><br>&nbsp;Supports the vast majority of the game with a virtual keyboard under iOS system. ( Such as Gunman Clive, Helium Boy, League of Evil League of Evil 2, Muffin Knight Free Stardash, Temple the Run, etc.)<br><br></p></font></font></font></div><p align=""left"" style=""font-family: 'Times New Roman'; font-size: medium; background-color: rgb(247, 243, 255);""><font face=""Arial""><strong>Package Includes<br></strong></font></p><div align=""left"" style=""font-family: 'Times New Roman'; font-size: medium; background-color: rgb(247, 243, 255);""><ul><li><font face=""Arial"">1 x Controller</font></li><li><font face=""Arial"">1 x USB Cable (85cm)</font></li><li><font face=""Arial"">1 x English User Manual<br></font></li></ul></div><p align=""center"" style=""font-family: 'Times New Roman'; font-size: medium; text-align: -webkit-center; background-color: rgb(247, 243, 255);""><br></p>
Mobile Accessory Type: Kit
Compatible with:Apple"
Electronics,Mobile Accessories,PG-LS001,PGLS001,Enable,IPEGA PG-LS001 Bluetooth Gamepad Controller for iOS iPhone iPad Android Smartphones Tablets,0,0,Bluedio,1000,129,129,129,129,129,"IPEGA PG-LS001 Bluetooth Gamepad Controller for iOS iPhone iPad Android Smartphones Tablets
Type:Mobile Accessories","IPEGA PG-LS001 Bluetooth Gamepad Controller for iOS iPhone iPad Android Smartphones Tablets
Type:Mobile Accessories"
Electronics,Headphones & Headsets,Q 57,Q57,Enable,Bluedio Turbine Hurricane H Wireless Bluetooth 4.1 Stereo Headphone Headset white color,0,0,Bluedio,1000,129,129,129,129,129,"<div><font face=""Arial, Verdana""><span style=""font-size: 13.3333330154419px;"">After extensive research, Bluedio has found that current headphones on the market have lots of common defects, such as serious noise, flat sound, stuffy appearance, etc. For these reasons, after 3 years of R&amp;D, Bluedio have come up with the Bluedio Turbine Hurricane H Headset.</span></font></div><div><font face=""Arial, Verdana""><span style=""font-size: 13.3333330154419px;""></span></font></div><div><font face=""Arial, Verdana""><span style=""font-size: 13.3333330154419px;"">Iconic powerful bass resonance</span></font></div><div><font face=""Arial, Verdana""><span style=""font-size: 13.3333330154419px;"">57mm ultra-large dynamic drivers, turbine style housing, and Bluedio&#39;s iconic surging low-frequency shock let you feel deep bass resonance for superior sound quality.</span></font></div><div><font face=""Arial, Verdana""><span style=""font-size: 13.3333330154419px;""></span></font></div><div><font face=""Arial, Verdana""><span style=""font-size: 13.3333330154419px;"">Ultra-long operation and carefree calling from Bluetooth 4.1</span></font></div><div><font face=""Arial, Verdana""><span style=""font-size: 13.3333330154419px;"">With the robust 72 MHTz and 16/32 bits high speed CPU of Bluetooth 4.1 operating system, the Bluedio Turbine Hurricane H boasts a long usage time of 40 hours of music, 45 hours talk time, and 1625 hours (approximately 67 days) standby time. Acoustic echo cancellation and noise reduction reduce ambient noise while speaking.</span></font></div><div><font face=""Arial, Verdana""><span style=""font-size: 13.3333330154419px;""></span></font></div><div><font face=""Arial, Verdana""><span style=""font-size: 13.3333330154419px;"">The Bluedio Turbine Hurricane H Headset is compatible with iOS, Android, and Windows.</span></font></div><div><font face=""Arial, Verdana""><span style=""font-size: 13.3333330154419px;""></span></font></div><div><font face=""Arial, Verdana""><span style=""font-size: 13.3333330154419px;"">Customized function</span></font></div><div><font face=""Arial, Verdana""><span style=""font-size: 13.3333330154419px;"">Audio Sharing allows you to connect to another H headset via an audio cable, and share music with your friends (* it is recommended that headphones with impedance of 32 or higher be used). Simultaneously connect two Bluetooth devices, connect with your phone and tablet seamlessly, and listen to music as you please!</span></font></div><div><font face=""Arial, Verdana""><span style=""font-size: 13.3333330154419px;""></span></font></div><div><font face=""Arial, Verdana""><span style=""font-size: 13.3333330154419px;"">Convenience</span></font></div><div><font face=""Arial, Verdana""><span style=""font-size: 13.3333330154419px;"">Just plug in with an audio cable, you can listen to your favorite music tracks.&nbsp;</span></font></div><div><font face=""Arial, Verdana""><span style=""font-size: 13.3333330154419px;"">(Headset button function only used for bluetooth connection, cable connection button function is invalid)</span></font></div><div><font face=""Arial, Verdana""><span style=""font-size: 13.3333330154419px;""><br></span></font></div><div><font face=""Arial, Verdana""><span style=""font-size: 13.3333330154419px;"">The Hurricane H also has voice prompts in 4 languages (English, French, Spanish, and Chinese).</span></font></div><div><font face=""Arial, Verdana""><span style=""font-size: 13.3333330154419px;""></span></font></div><div><font face=""Arial, Verdana""><span style=""font-size: 13.3333330154419px;"">Comfort</span></font></div><div><font face=""Arial, Verdana""><span style=""font-size: 13.3333330154419px;"">Custom fit supra-aural soft earmuffs and artificial protein leather of earmuffs simulated to human skin texture ensure long-lasting comfort.</span></font></div><div><font face=""Arial, Verdana""><span style=""font-size: 13.3333330154419px;""></span></font></div><div><font face=""Arial, Verdana""><span style=""font-size: 13.3333330154419px;"">Specification:</span></font></div><div><font face=""Arial, Verdana""><span style=""font-size: 13.3333330154419px;"">Drivers: 57mm speaker X 2</span></font></div><div><font face=""Arial, Verdana""><span style=""font-size: 13.3333330154419px;"">Transducer type: Dynamic</span></font></div><div><font face=""Arial, Verdana""><span style=""font-size: 13.3333330154419px;"">Bluetooth version: V4.1</span></font></div>","<div><font face=""Arial, Verdana""><span style=""font-size: 13.3333330154419px;"">After extensive research, Bluedio has found that current headphones on the market have lots of common defects, such as serious noise, flat sound, stuffy appearance, etc. For these reasons, after 3 years of R&amp;D, Bluedio have come up with the Bluedio Turbine Hurricane H Headset.</span></font></div><div><font face=""Arial, Verdana""><span style=""font-size: 13.3333330154419px;""></span></font></div><div><font face=""Arial, Verdana""><span style=""font-size: 13.3333330154419px;"">Iconic powerful bass resonance</span></font></div><div><font face=""Arial, Verdana""><span style=""font-size: 13.3333330154419px;"">57mm ultra-large dynamic drivers, turbine style housing, and Bluedio&#39;s iconic surging low-frequency shock let you feel deep bass resonance for superior sound quality.</span></font></div><div><font face=""Arial, Verdana""><span style=""font-size: 13.3333330154419px;""></span></font></div><div><font face=""Arial, Verdana""><span style=""font-size: 13.3333330154419px;"">Ultra-long operation and carefree calling from Bluetooth 4.1</span></font></div><div><font face=""Arial, Verdana""><span style=""font-size: 13.3333330154419px;"">With the robust 72 MHTz and 16/32 bits high speed CPU of Bluetooth 4.1 operating system, the Bluedio Turbine Hurricane H boasts a long usage time of 40 hours of music, 45 hours talk time, and 1625 hours (approximately 67 days) standby time. Acoustic echo cancellation and noise reduction reduce ambient noise while speaking.</span></font></div><div><font face=""Arial, Verdana""><span style=""font-size: 13.3333330154419px;""></span></font></div><div><font face=""Arial, Verdana""><span style=""font-size: 13.3333330154419px;"">The Bluedio Turbine Hurricane H Headset is compatible with iOS, Android, and Windows.</span></font></div><div><font face=""Arial, Verdana""><span style=""font-size: 13.3333330154419px;""></span></font></div><div><font face=""Arial, Verdana""><span style=""font-size: 13.3333330154419px;"">Customized function</span></font></div><div><font face=""Arial, Verdana""><span style=""font-size: 13.3333330154419px;"">Audio Sharing allows you to connect to another H headset via an audio cable, and share music with your friends (* it is recommended that headphones with impedance of 32 or higher be used). Simultaneously connect two Bluetooth devices, connect with your phone and tablet seamlessly, and listen to music as you please!</span></font></div><div><font face=""Arial, Verdana""><span style=""font-size: 13.3333330154419px;""></span></font></div><div><font face=""Arial, Verdana""><span style=""font-size: 13.3333330154419px;"">Convenience</span></font></div><div><font face=""Arial, Verdana""><span style=""font-size: 13.3333330154419px;"">Just plug in with an audio cable, you can listen to your favorite music tracks.&nbsp;</span></font></div><div><font face=""Arial, Verdana""><span style=""font-size: 13.3333330154419px;"">(Headset button function only used for bluetooth connection, cable connection button function is invalid)</span></font></div><div><font face=""Arial, Verdana""><span style=""font-size: 13.3333330154419px;""><br></span></font></div><div><font face=""Arial, Verdana""><span style=""font-size: 13.3333330154419px;"">The Hurricane H also has voice prompts in 4 languages (English, French, Spanish, and Chinese).</span></font></div><div><font face=""Arial, Verdana""><span style=""font-size: 13.3333330154419px;""></span></font></div><div><font face=""Arial, Verdana""><span style=""font-size: 13.3333330154419px;"">Comfort</span></font></div><div><font face=""Arial, Verdana""><span style=""font-size: 13.3333330154419px;"">Custom fit supra-aural soft earmuffs and artificial protein leather of earmuffs simulated to human skin texture ensure long-lasting comfort.</span></font></div><div><font face=""Arial, Verdana""><span style=""font-size: 13.3333330154419px;""></span></font></div><div><font face=""Arial, Verdana""><span style=""font-size: 13.3333330154419px;"">Specification:</span></font></div><div><font face=""Arial, Verdana""><span style=""font-size: 13.3333330154419px;"">Drivers: 57mm speaker X 2</span></font></div><div><font face=""Arial, Verdana""><span style=""font-size: 13.3333330154419px;"">Transducer type: Dynamic</span></font></div><div><font face=""Arial, Verdana""><span style=""font-size: 13.3333330154419px;"">Bluetooth version: V4.1</span></font></div>
Compatible with #5705All
Type: Over Ear"
Electronics,Headphones & Headsets,Q55,Q55,Enable,"Headphone Headset Mic Earphones by Zipper, Black",0,0,Zipper,1000,40,40,40,40,40,<ul><br><li>Zip the cable up to the length that suits you</li><br><li>Comfortable custom fit - 2 sizes of silicone ear tips included</li><br><li>Zip up to store - no more tangling wires!</li><br><li>Length – 130 cm</li><br><li>Frequency – 20-20KHz</li><br><li>Quality sound with a funky zip style.</li><br><li>Box contains: 1 zip earphone</li><br></ul>,"<ul><br><li>Zip the cable up to the length that suits you</li><br><li>Comfortable custom fit - 2 sizes of silicone ear tips included</li><br><li>Zip up to store - no more tangling wires!</li><br><li>Length – 130 cm</li><br><li>Frequency – 20-20KHz</li><br><li>Quality sound with a funky zip style.</li><br><li>Box contains: 1 zip earphone</li><br></ul>
Compatible with #5705MP3 Players
Type #5935On Ear"
Electronics,Mobile Accessories,Q8,Q8,Enable,NIA Q8 On Ear Wireless Bluetooth Headset Micro SD Player FM All in one Headphone Black,0,0,Bluedio,1000,59,59,59,59,59,"NIA Q8 On Ear Wireless Bluetooth Headset Micro SD Player FM All in one Headphone Black
Type:Mobile Accessories","NIA Q8 On Ear Wireless Bluetooth Headset Micro SD Player FM All in one Headphone Black
Type:Mobile Accessories"
Electronics,Headphones & Headsets,Q8-851S-ESE,Q8851SESE,Enable,"Wireless Headphone NIA 851S FM Radio Micro SD Player Bluetooth Headset,Green [ESE]",0,0,NIA,1000,59,59,59,59,59,"ENJOY MUSIC:ENJOY MUSIC WIRELESSLY FROM STEREO BLUETOOTH ENABLED MUSIC PLAYER AND MOBILE PHONES.WITH THE BUILT-IN QUALITY MP3 DECODING CHIP, YOU CAN ENJOY MP3 FORMAT MUSIC STORED IN THE MINIMEMORY CARD, WIRELESS MUSIC ENJOYMENT IS MUCH MORE WONDERFUL. THE BUILT-IN FM STEREO RADIO CANSTORE 20 CHANNELS PROGRAM ENRICHING YOUR ENJOYMENT.USE CONNECTOR:PLUG ONE END OF THE ACCESSORY CABLE INTO AUDIO INPUT INTERFACE OF THE EARPHONE, AND CONNECT THEOTHER END WITH THE 3.5MM EARPHONE JACK OF THE MUSIC PLAYER, OR EARPHONE JACK ON THE PC. THUS, YOUWILL GET AN EARPHONE WITH EXCELLENT PERFORMANCE.SPECIFICATION:BLUETOOTH VERSION:V2.1 EDRTRANSMISSION DISTANCE:10M(32.8FT)COMPATIBLE BLUETOOTH PROFILES:A2DP,AVRCP,HSP,HFPSPECKER DIAMETER: 40MMSPECKER IMPEDANCE: 32OHMSPECKER SENSIBILITY: 108DB /- 3DBFREQUENCY RESPONSE: 20-20000HZRADIO:FREQUENCY RANGE: 87-108MHZPACKAGE INCLUDED:1X HEADSET1X USB CABLE","ENJOY MUSIC:ENJOY MUSIC WIRELESSLY FROM STEREO BLUETOOTH ENABLED MUSIC PLAYER AND MOBILE PHONES.WITH THE BUILT-IN QUALITY MP3 DECODING CHIP, YOU CAN ENJOY MP3 FORMAT MUSIC STORED IN THE MINIMEMORY CARD, WIRELESS MUSIC ENJOYMENT IS MUCH MORE WONDERFUL. THE BUILT-IN FM STEREO RADIO CANSTORE 20 CHANNELS PROGRAM ENRICHING YOUR ENJOYMENT.USE CONNECTOR:PLUG ONE END OF THE ACCESSORY CABLE INTO AUDIO INPUT INTERFACE OF THE EARPHONE, AND CONNECT THEOTHER END WITH THE 3.5MM EARPHONE JACK OF THE MUSIC PLAYER, OR EARPHONE JACK ON THE PC. THUS, YOUWILL GET AN EARPHONE WITH EXCELLENT PERFORMANCE.SPECIFICATION:BLUETOOTH VERSION:V2.1 EDRTRANSMISSION DISTANCE:10M(32.8FT)COMPATIBLE BLUETOOTH PROFILES:A2DP,AVRCP,HSP,HFPSPECKER DIAMETER: 40MMSPECKER IMPEDANCE: 32OHMSPECKER SENSIBILITY: 108DB /- 3DBFREQUENCY RESPONSE: 20-20000HZRADIO:FREQUENCY RANGE: 87-108MHZPACKAGE INCLUDED:1X HEADSET1X USB CABLE
Color:Green
Model Number: Q8-851S
Connectivity:Wireless
Compatible with: Mobile Phones
Type: On Ear"
Electronics,Headphones & Headsets,Q8-851S-ESE-03,Q8851SESE03,Enable,"Wireless Bluetooth Headset Micro SD Stereo Music Player FM NIA Q8 Headphone,orange [ESE-03]",0,0,NIA,1000,65,65,65,65,65,"<span style=""color: rgb(51, 51, 51); font-family: opensans, &quot;Helvetica Neue&quot;, Helvetica, Helvetica, Arial, sans-serif; font-size: 14px; background-color: rgb(255, 255, 255);"">ENJOY MUSIC:</span><br style=""box-sizing: border-box; color: rgb(51, 51, 51); font-family: opensans, &quot;Helvetica Neue&quot;, Helvetica, Helvetica, Arial, sans-serif; font-size: 14px; background-color: rgb(255, 255, 255);""><span style=""color: rgb(51, 51, 51); font-family: opensans, &quot;Helvetica Neue&quot;, Helvetica, Helvetica, Arial, sans-serif; font-size: 14px; background-color: rgb(255, 255, 255);"">ENJOY MUSIC WIRELESSLY FROM STEREO BLUETOOTH ENABLED MUSIC PLAYER AND MOBILE PHONES.</span><br style=""box-sizing: border-box; color: rgb(51, 51, 51); font-family: opensans, &quot;Helvetica Neue&quot;, Helvetica, Helvetica, Arial, sans-serif; font-size: 14px; background-color: rgb(255, 255, 255);""><span style=""color: rgb(51, 51, 51); font-family: opensans, &quot;Helvetica Neue&quot;, Helvetica, Helvetica, Arial, sans-serif; font-size: 14px; background-color: rgb(255, 255, 255);"">WITH THE BUILT-IN QUALITY MP3 DECODING CHIP, YOU CAN ENJOY MP3 FORMAT MUSIC STORED IN THE MINI</span><br style=""box-sizing: border-box; color: rgb(51, 51, 51); font-family: opensans, &quot;Helvetica Neue&quot;, Helvetica, Helvetica, Arial, sans-serif; font-size: 14px; background-color: rgb(255, 255, 255);""><span style=""color: rgb(51, 51, 51); font-family: opensans, &quot;Helvetica Neue&quot;, Helvetica, Helvetica, Arial, sans-serif; font-size: 14px; background-color: rgb(255, 255, 255);"">MEMORY CARD, WIRELESS MUSIC ENJOYMENT IS MUCH MORE WONDERFUL. THE BUILT-IN FM STEREO RADIO CAN</span><br style=""box-sizing: border-box; color: rgb(51, 51, 51); font-family: opensans, &quot;Helvetica Neue&quot;, Helvetica, Helvetica, Arial, sans-serif; font-size: 14px; background-color: rgb(255, 255, 255);""><span style=""color: rgb(51, 51, 51); font-family: opensans, &quot;Helvetica Neue&quot;, Helvetica, Helvetica, Arial, sans-serif; font-size: 14px; background-color: rgb(255, 255, 255);"">STORE 20 CHANNELS PROGRAM ENRICHING YOUR ENJOYMENT.</span><br style=""box-sizing: border-box; color: rgb(51, 51, 51); font-family: opensans, &quot;Helvetica Neue&quot;, Helvetica, Helvetica, Arial, sans-serif; font-size: 14px; background-color: rgb(255, 255, 255);""><span style=""color: rgb(51, 51, 51); font-family: opensans, &quot;Helvetica Neue&quot;, Helvetica, Helvetica, Arial, sans-serif; font-size: 14px; background-color: rgb(255, 255, 255);"">USE CONNECTOR:</span><br style=""box-sizing: border-box; color: rgb(51, 51, 51); font-family: opensans, &quot;Helvetica Neue&quot;, Helvetica, Helvetica, Arial, sans-serif; font-size: 14px; background-color: rgb(255, 255, 255);""><span style=""color: rgb(51, 51, 51); font-family: opensans, &quot;Helvetica Neue&quot;, Helvetica, Helvetica, Arial, sans-serif; font-size: 14px; background-color: rgb(255, 255, 255);"">PLUG ONE END OF THE ACCESSORY CABLE INTO AUDIO INPUT INTERFACE OF THE EARPHONE, AND CONNECT THE</span><br style=""box-sizing: border-box; color: rgb(51, 51, 51); font-family: opensans, &quot;Helvetica Neue&quot;, Helvetica, Helvetica, Arial, sans-serif; font-size: 14px; background-color: rgb(255, 255, 255);""><span style=""color: rgb(51, 51, 51); font-family: opensans, &quot;Helvetica Neue&quot;, Helvetica, Helvetica, Arial, sans-serif; font-size: 14px; background-color: rgb(255, 255, 255);"">OTHER END WITH THE 3.5MM EARPHONE JACK OF THE MUSIC PLAYER, OR EARPHONE JACK ON THE PC. THUS, YOu</span><br style=""box-sizing: border-box; color: rgb(51, 51, 51); font-family: opensans, &quot;Helvetica Neue&quot;, Helvetica, Helvetica, Arial, sans-serif; font-size: 14px; background-color: rgb(255, 255, 255);""><span style=""color: rgb(51, 51, 51); font-family: opensans, &quot;Helvetica Neue&quot;, Helvetica, Helvetica, Arial, sans-serif; font-size: 14px; background-color: rgb(255, 255, 255);"">WILL GET AN EARPHONE WITH EXCELLENT PERFORMANCE.</span><br style=""box-sizing: border-box; color: rgb(51, 51, 51); font-family: opensans, &quot;Helvetica Neue&quot;, Helvetica, Helvetica, Arial, sans-serif; font-size: 14px; background-color: rgb(255, 255, 255);""><span style=""color: rgb(51, 51, 51); font-family: opensans, &quot;Helvetica Neue&quot;, Helvetica, Helvetica, Arial, sans-serif; font-size: 14px; background-color: rgb(255, 255, 255);"">SPECIFICATION:</span><br style=""box-sizing: border-box; color: rgb(51, 51, 51); font-family: opensans, &quot;Helvetica Neue&quot;, Helvetica, Helvetica, Arial, sans-serif; font-size: 14px; background-color: rgb(255, 255, 255);""><span style=""color: rgb(51, 51, 51); font-family: opensans, &quot;Helvetica Neue&quot;, Helvetica, Helvetica, Arial, sans-serif; font-size: 14px; background-color: rgb(255, 255, 255);"">BLUETOOTH VERSION:V2.1 EDR</span><br style=""box-sizing: border-box; color: rgb(51, 51, 51); font-family: opensans, &quot;Helvetica Neue&quot;, Helvetica, Helvetica, Arial, sans-serif; font-size: 14px; background-color: rgb(255, 255, 255);""><span style=""color: rgb(51, 51, 51); font-family: opensans, &quot;Helvetica Neue&quot;, Helvetica, Helvetica, Arial, sans-serif; font-size: 14px; background-color: rgb(255, 255, 255);"">TRANSMISSION DISTANCE:10M(32.8FT)</span><br style=""box-sizing: border-box; color: rgb(51, 51, 51); font-family: opensans, &quot;Helvetica Neue&quot;, Helvetica, Helvetica, Arial, sans-serif; font-size: 14px; background-color: rgb(255, 255, 255);""><span style=""color: rgb(51, 51, 51); font-family: opensans, &quot;Helvetica Neue&quot;, Helvetica, Helvetica, Arial, sans-serif; font-size: 14px; background-color: rgb(255, 255, 255);"">COMPATIBLE BLUETOOTH PROFILES: A2DP,AVRCP,HSP,HFP</span><br style=""box-sizing: border-box; color: rgb(51, 51, 51); font-family: opensans, &quot;Helvetica Neue&quot;, Helvetica, Helvetica, Arial, sans-serif; font-size: 14px; background-color: rgb(255, 255, 255);""><span style=""color: rgb(51, 51, 51); font-family: opensans, &quot;Helvetica Neue&quot;, Helvetica, Helvetica, Arial, sans-serif; font-size: 14px; background-color: rgb(255, 255, 255);"">SPEAKER DIAMETER: 40MM</span><br style=""box-sizing: border-box; color: rgb(51, 51, 51); font-family: opensans, &quot;Helvetica Neue&quot;, Helvetica, Helvetica, Arial, sans-serif; font-size: 14px; background-color: rgb(255, 255, 255);""><span style=""color: rgb(51, 51, 51); font-family: opensans, &quot;Helvetica Neue&quot;, Helvetica, Helvetica, Arial, sans-serif; font-size: 14px; background-color: rgb(255, 255, 255);"">SPEAKER IMPEDANCE: 32OHM</span><br style=""box-sizing: border-box; color: rgb(51, 51, 51); font-family: opensans, &quot;Helvetica Neue&quot;, Helvetica, Helvetica, Arial, sans-serif; font-size: 14px; background-color: rgb(255, 255, 255);""><span style=""color: rgb(51, 51, 51); font-family: opensans, &quot;Helvetica Neue&quot;, Helvetica, Helvetica, Arial, sans-serif; font-size: 14px; background-color: rgb(255, 255, 255);"">SPEAKER SENSIBILITY: 108DB /- 3DB</span><br style=""box-sizing: border-box; color: rgb(51, 51, 51); font-family: opensans, &quot;Helvetica Neue&quot;, Helvetica, Helvetica, Arial, sans-serif; font-size: 14px; background-color: rgb(255, 255, 255);""><span style=""color: rgb(51, 51, 51); font-family: opensans, &quot;Helvetica Neue&quot;, Helvetica, Helvetica, Arial, sans-serif; font-size: 14px; background-color: rgb(255, 255, 255);"">FREQUENCY RESPONSE: 20-20000HZ</span><br style=""box-sizing: border-box; color: rgb(51, 51, 51); font-family: opensans, &quot;Helvetica Neue&quot;, Helvetica, Helvetica, Arial, sans-serif; font-size: 14px; background-color: rgb(255, 255, 255);""><span style=""color: rgb(51, 51, 51); font-family: opensans, &quot;Helvetica Neue&quot;, Helvetica, Helvetica, Arial, sans-serif; font-size: 14px; background-color: rgb(255, 255, 255);"">RADIO:FREQUENCY RANGE: 87-108MHZ</span><br style=""box-sizing: border-box; color: rgb(51, 51, 51); font-family: opensans, &quot;Helvetica Neue&quot;, Helvetica, Helvetica, Arial, sans-serif; font-size: 14px; background-color: rgb(255, 255, 255);""><span style=""color: rgb(51, 51, 51); font-family: opensans, &quot;Helvetica Neue&quot;, Helvetica, Helvetica, Arial, sans-serif; font-size: 14px; background-color: rgb(255, 255, 255);"">PACKAGE INCLUDED:</span><br style=""box-sizing: border-box; color: rgb(51, 51, 51); font-family: opensans, &quot;Helvetica Neue&quot;, Helvetica, Helvetica, Arial, sans-serif; font-size: 14px; background-color: rgb(255, 255, 255);""><span style=""color: rgb(51, 51, 51); font-family: opensans, &quot;Helvetica Neue&quot;, Helvetica, Helvetica, Arial, sans-serif; font-size: 14px; background-color: rgb(255, 255, 255);"">1X HEADSET</span><br style=""box-sizing: border-box; color: rgb(51, 51, 51); font-family: opensans, &quot;Helvetica Neue&quot;, Helvetica, Helvetica, Arial, sans-serif; font-size: 14px; background-color: rgb(255, 255, 255);""><span style=""color: rgb(51, 51, 51); font-family: opensans, &quot;Helvetica Neue&quot;, Helvetica, Helvetica, Arial, sans-serif; font-size: 14px; background-color: rgb(255, 255, 255);"">1X USB CABLE</span>","<span style=""color: rgb(51, 51, 51); font-family: opensans, &quot;Helvetica Neue&quot;, Helvetica, Helvetica, Arial, sans-serif; font-size: 14px; background-color: rgb(255, 255, 255);"">ENJOY MUSIC:</span><br style=""box-sizing: border-box; color: rgb(51, 51, 51); font-family: opensans, &quot;Helvetica Neue&quot;, Helvetica, Helvetica, Arial, sans-serif; font-size: 14px; background-color: rgb(255, 255, 255);""><span style=""color: rgb(51, 51, 51); font-family: opensans, &quot;Helvetica Neue&quot;, Helvetica, Helvetica, Arial, sans-serif; font-size: 14px; background-color: rgb(255, 255, 255);"">ENJOY MUSIC WIRELESSLY FROM STEREO BLUETOOTH ENABLED MUSIC PLAYER AND MOBILE PHONES.</span><br style=""box-sizing: border-box; color: rgb(51, 51, 51); font-family: opensans, &quot;Helvetica Neue&quot;, Helvetica, Helvetica, Arial, sans-serif; font-size: 14px; background-color: rgb(255, 255, 255);""><span style=""color: rgb(51, 51, 51); font-family: opensans, &quot;Helvetica Neue&quot;, Helvetica, Helvetica, Arial, sans-serif; font-size: 14px; background-color: rgb(255, 255, 255);"">WITH THE BUILT-IN QUALITY MP3 DECODING CHIP, YOU CAN ENJOY MP3 FORMAT MUSIC STORED IN THE MINI</span><br style=""box-sizing: border-box; color: rgb(51, 51, 51); font-family: opensans, &quot;Helvetica Neue&quot;, Helvetica, Helvetica, Arial, sans-serif; font-size: 14px; background-color: rgb(255, 255, 255);""><span style=""color: rgb(51, 51, 51); font-family: opensans, &quot;Helvetica Neue&quot;, Helvetica, Helvetica, Arial, sans-serif; font-size: 14px; background-color: rgb(255, 255, 255);"">MEMORY CARD, WIRELESS MUSIC ENJOYMENT IS MUCH MORE WONDERFUL. THE BUILT-IN FM STEREO RADIO CAN</span><br style=""box-sizing: border-box; color: rgb(51, 51, 51); font-family: opensans, &quot;Helvetica Neue&quot;, Helvetica, Helvetica, Arial, sans-serif; font-size: 14px; background-color: rgb(255, 255, 255);""><span style=""color: rgb(51, 51, 51); font-family: opensans, &quot;Helvetica Neue&quot;, Helvetica, Helvetica, Arial, sans-serif; font-size: 14px; background-color: rgb(255, 255, 255);"">STORE 20 CHANNELS PROGRAM ENRICHING YOUR ENJOYMENT.</span><br style=""box-sizing: border-box; color: rgb(51, 51, 51); font-family: opensans, &quot;Helvetica Neue&quot;, Helvetica, Helvetica, Arial, sans-serif; font-size: 14px; background-color: rgb(255, 255, 255);""><span style=""color: rgb(51, 51, 51); font-family: opensans, &quot;Helvetica Neue&quot;, Helvetica, Helvetica, Arial, sans-serif; font-size: 14px; background-color: rgb(255, 255, 255);"">USE CONNECTOR:</span><br style=""box-sizing: border-box; color: rgb(51, 51, 51); font-family: opensans, &quot;Helvetica Neue&quot;, Helvetica, Helvetica, Arial, sans-serif; font-size: 14px; background-color: rgb(255, 255, 255);""><span style=""color: rgb(51, 51, 51); font-family: opensans, &quot;Helvetica Neue&quot;, Helvetica, Helvetica, Arial, sans-serif; font-size: 14px; background-color: rgb(255, 255, 255);"">PLUG ONE END OF THE ACCESSORY CABLE INTO AUDIO INPUT INTERFACE OF THE EARPHONE, AND CONNECT THE</span><br style=""box-sizing: border-box; color: rgb(51, 51, 51); font-family: opensans, &quot;Helvetica Neue&quot;, Helvetica, Helvetica, Arial, sans-serif; font-size: 14px; background-color: rgb(255, 255, 255);""><span style=""color: rgb(51, 51, 51); font-family: opensans, &quot;Helvetica Neue&quot;, Helvetica, Helvetica, Arial, sans-serif; font-size: 14px; background-color: rgb(255, 255, 255);"">OTHER END WITH THE 3.5MM EARPHONE JACK OF THE MUSIC PLAYER, OR EARPHONE JACK ON THE PC. THUS, YOu</span><br style=""box-sizing: border-box; color: rgb(51, 51, 51); font-family: opensans, &quot;Helvetica Neue&quot;, Helvetica, Helvetica, Arial, sans-serif; font-size: 14px; background-color: rgb(255, 255, 255);""><span style=""color: rgb(51, 51, 51); font-family: opensans, &quot;Helvetica Neue&quot;, Helvetica, Helvetica, Arial, sans-serif; font-size: 14px; background-color: rgb(255, 255, 255);"">WILL GET AN EARPHONE WITH EXCELLENT PERFORMANCE.</span><br style=""box-sizing: border-box; color: rgb(51, 51, 51); font-family: opensans, &quot;Helvetica Neue&quot;, Helvetica, Helvetica, Arial, sans-serif; font-size: 14px; background-color: rgb(255, 255, 255);""><span style=""color: rgb(51, 51, 51); font-family: opensans, &quot;Helvetica Neue&quot;, Helvetica, Helvetica, Arial, sans-serif; font-size: 14px; background-color: rgb(255, 255, 255);"">SPECIFICATION:</span><br style=""box-sizing: border-box; color: rgb(51, 51, 51); font-family: opensans, &quot;Helvetica Neue&quot;, Helvetica, Helvetica, Arial, sans-serif; font-size: 14px; background-color: rgb(255, 255, 255);""><span style=""color: rgb(51, 51, 51); font-family: opensans, &quot;Helvetica Neue&quot;, Helvetica, Helvetica, Arial, sans-serif; font-size: 14px; background-color: rgb(255, 255, 255);"">BLUETOOTH VERSION:V2.1 EDR</span><br style=""box-sizing: border-box; color: rgb(51, 51, 51); font-family: opensans, &quot;Helvetica Neue&quot;, Helvetica, Helvetica, Arial, sans-serif; font-size: 14px; background-color: rgb(255, 255, 255);""><span style=""color: rgb(51, 51, 51); font-family: opensans, &quot;Helvetica Neue&quot;, Helvetica, Helvetica, Arial, sans-serif; font-size: 14px; background-color: rgb(255, 255, 255);"">TRANSMISSION DISTANCE:10M(32.8FT)</span><br style=""box-sizing: border-box; color: rgb(51, 51, 51); font-family: opensans, &quot;Helvetica Neue&quot;, Helvetica, Helvetica, Arial, sans-serif; font-size: 14px; background-color: rgb(255, 255, 255);""><span style=""color: rgb(51, 51, 51); font-family: opensans, &quot;Helvetica Neue&quot;, Helvetica, Helvetica, Arial, sans-serif; font-size: 14px; background-color: rgb(255, 255, 255);"">COMPATIBLE BLUETOOTH PROFILES: A2DP,AVRCP,HSP,HFP</span><br style=""box-sizing: border-box; color: rgb(51, 51, 51); font-family: opensans, &quot;Helvetica Neue&quot;, Helvetica, Helvetica, Arial, sans-serif; font-size: 14px; background-color: rgb(255, 255, 255);""><span style=""color: rgb(51, 51, 51); font-family: opensans, &quot;Helvetica Neue&quot;, Helvetica, Helvetica, Arial, sans-serif; font-size: 14px; background-color: rgb(255, 255, 255);"">SPEAKER DIAMETER: 40MM</span><br style=""box-sizing: border-box; color: rgb(51, 51, 51); font-family: opensans, &quot;Helvetica Neue&quot;, Helvetica, Helvetica, Arial, sans-serif; font-size: 14px; background-color: rgb(255, 255, 255);""><span style=""color: rgb(51, 51, 51); font-family: opensans, &quot;Helvetica Neue&quot;, Helvetica, Helvetica, Arial, sans-serif; font-size: 14px; background-color: rgb(255, 255, 255);"">SPEAKER IMPEDANCE: 32OHM</span><br style=""box-sizing: border-box; color: rgb(51, 51, 51); font-family: opensans, &quot;Helvetica Neue&quot;, Helvetica, Helvetica, Arial, sans-serif; font-size: 14px; background-color: rgb(255, 255, 255);""><span style=""color: rgb(51, 51, 51); font-family: opensans, &quot;Helvetica Neue&quot;, Helvetica, Helvetica, Arial, sans-serif; font-size: 14px; background-color: rgb(255, 255, 255);"">SPEAKER SENSIBILITY: 108DB /- 3DB</span><br style=""box-sizing: border-box; color: rgb(51, 51, 51); font-family: opensans, &quot;Helvetica Neue&quot;, Helvetica, Helvetica, Arial, sans-serif; font-size: 14px; background-color: rgb(255, 255, 255);""><span style=""color: rgb(51, 51, 51); font-family: opensans, &quot;Helvetica Neue&quot;, Helvetica, Helvetica, Arial, sans-serif; font-size: 14px; background-color: rgb(255, 255, 255);"">FREQUENCY RESPONSE: 20-20000HZ</span><br style=""box-sizing: border-box; color: rgb(51, 51, 51); font-family: opensans, &quot;Helvetica Neue&quot;, Helvetica, Helvetica, Arial, sans-serif; font-size: 14px; background-color: rgb(255, 255, 255);""><span style=""color: rgb(51, 51, 51); font-family: opensans, &quot;Helvetica Neue&quot;, Helvetica, Helvetica, Arial, sans-serif; font-size: 14px; background-color: rgb(255, 255, 255);"">RADIO:FREQUENCY RANGE: 87-108MHZ</span><br style=""box-sizing: border-box; color: rgb(51, 51, 51); font-family: opensans, &quot;Helvetica Neue&quot;, Helvetica, Helvetica, Arial, sans-serif; font-size: 14px; background-color: rgb(255, 255, 255);""><span style=""color: rgb(51, 51, 51); font-family: opensans, &quot;Helvetica Neue&quot;, Helvetica, Helvetica, Arial, sans-serif; font-size: 14px; background-color: rgb(255, 255, 255);"">PACKAGE INCLUDED:</span><br style=""box-sizing: border-box; color: rgb(51, 51, 51); font-family: opensans, &quot;Helvetica Neue&quot;, Helvetica, Helvetica, Arial, sans-serif; font-size: 14px; background-color: rgb(255, 255, 255);""><span style=""color: rgb(51, 51, 51); font-family: opensans, &quot;Helvetica Neue&quot;, Helvetica, Helvetica, Arial, sans-serif; font-size: 14px; background-color: rgb(255, 255, 255);"">1X HEADSET</span><br style=""box-sizing: border-box; color: rgb(51, 51, 51); font-family: opensans, &quot;Helvetica Neue&quot;, Helvetica, Helvetica, Arial, sans-serif; font-size: 14px; background-color: rgb(255, 255, 255);""><span style=""color: rgb(51, 51, 51); font-family: opensans, &quot;Helvetica Neue&quot;, Helvetica, Helvetica, Arial, sans-serif; font-size: 14px; background-color: rgb(255, 255, 255);"">1X USB CABLE</span>
Compatible with: Mobile Phones
Type: On Ear"
Electronics,Headphones & Headsets,Q8-851S-TLB-N2,Q8851STLBN2,Enable,Wireless Bluetooth Stereo NIA Headphone Headset with Mic/FM Radio/TF SD Slot Black [TLB-N2],0,0,NIA,1000,65,65,65,65,65,"<div>Features:</div><div>Stereo music + call answering</div><div>Wireless enjoy stereo music playing and set aside to answer the call automatically converted.</div><div>Suitable for Cellphone, iPod, iPad, Tablet PC, Notebook and PC.</div><div>Work with All the bluetooth Smartphone. Such As iPhone 4 4S 5 5S 5C 6 Plus 6S Plus S, Samsung Galaxy S3 S4 S5 S6 Edge, Note 2 3, LG, HTC, Motorola, Nokia and Sony, etc.</div><div><br></div><div>Item Specification:</div><div>Charge time:2 hrs</div><div>Bluetooth version: Buletooth 3.0 + EDR, wireless transmitter standard of class II</div><div>Frequency coverage: 2.402-2.480GHz ISM band</div><div>Channel: 79 channels of 1MHz, B/W</div><div>Sensitivity: -80dbm</div><div>Bluetooth range: up to 10m</div><div>Transmit speed: 57-723Kbps</div><div>Stereo compression ratio: 44.1/48kHz</div><div>Contact terms: Point-to-Point</div><div>Charge power : PC USB, 5V</div><div>Charge power: Input 110/220V 50/60 Hz 150mA</div><div><br></div><div>Package Content:</div><div>1 x Sports Bluetooth Headset</div><div>1 x USB Cable</div>","<div>Features:</div><div>Stereo music + call answering</div><div>Wireless enjoy stereo music playing and set aside to answer the call automatically converted.</div><div>Suitable for Cellphone, iPod, iPad, Tablet PC, Notebook and PC.</div><div>Work with All the bluetooth Smartphone. Such As iPhone 4 4S 5 5S 5C 6 Plus 6S Plus S, Samsung Galaxy S3 S4 S5 S6 Edge, Note 2 3, LG, HTC, Motorola, Nokia and Sony, etc.</div><div><br></div><div>Item Specification:</div><div>Charge time:2 hrs</div><div>Bluetooth version: Buletooth 3.0 + EDR, wireless transmitter standard of class II</div><div>Frequency coverage: 2.402-2.480GHz ISM band</div><div>Channel: 79 channels of 1MHz, B/W</div><div>Sensitivity: -80dbm</div><div>Bluetooth range: up to 10m</div><div>Transmit speed: 57-723Kbps</div><div>Stereo compression ratio: 44.1/48kHz</div><div>Contact terms: Point-to-Point</div><div>Charge power : PC USB, 5V</div><div>Charge power: Input 110/220V 50/60 Hz 150mA</div><div><br></div><div>Package Content:</div><div>1 x Sports Bluetooth Headset</div><div>1 x USB Cable</div>
Compatible with: Mobile Phones
Type: On Ear"
Electronics,Headphones & Headsets,Q8-851S-TLB-N5,Q8851STLBN5,Enable,Wireless Bluetooth Stereo NIA Headphone Headset with Mic/FM Radio/TF SD Slot Orange [TLB-N5],0,0,NIA,1000,59,59,59,59,59,"<div><br></div><div>Features:</div><div>Stereo music + call answering</div><div>Wireless enjoy stereo music playing and set aside to answer the call automatically converted.</div><div>Suitable for Cellphone, iPod, iPad, Tablet PC, Notebook and PC.</div><div>Work with All the bluetooth Smartphone. Such As iPhone 4 4S 5 5S 5C 6 Plus 6S Plus S, Samsung Galaxy S3 S4 S5 S6 Edge, Note 2 3, LG, HTC, Motorola, Nokia and Sony, etc.</div><div><br></div><div>Item Specification:</div><div>Charge time:2 hrs</div><div>Bluetooth version: Buletooth 3.0 + EDR, wireless transmitter standard of class II</div><div>Frequency coverage: 2.402-2.480GHz ISM band</div><div>Channel: 79 channels of 1MHz, B/W</div><div>Sensitivity: -80dbm</div><div>Bluetooth range: up to 10m</div><div>Transmit speed: 57-723Kbps</div><div>Stereo compression ratio: 44.1/48kHz</div><div>Contact terms: Point-to-Point</div><div>Charge power : PC USB, 5V</div><div>Charge power: Input 110/220V 50/60 Hz 150mA</div><div><br></div><div>Package Content:</div><div>1 x Sports Bluetooth Headset</div><div>1 x USB Cable</div>","<div><br></div><div>Features:</div><div>Stereo music + call answering</div><div>Wireless enjoy stereo music playing and set aside to answer the call automatically converted.</div><div>Suitable for Cellphone, iPod, iPad, Tablet PC, Notebook and PC.</div><div>Work with All the bluetooth Smartphone. Such As iPhone 4 4S 5 5S 5C 6 Plus 6S Plus S, Samsung Galaxy S3 S4 S5 S6 Edge, Note 2 3, LG, HTC, Motorola, Nokia and Sony, etc.</div><div><br></div><div>Item Specification:</div><div>Charge time:2 hrs</div><div>Bluetooth version: Buletooth 3.0 + EDR, wireless transmitter standard of class II</div><div>Frequency coverage: 2.402-2.480GHz ISM band</div><div>Channel: 79 channels of 1MHz, B/W</div><div>Sensitivity: -80dbm</div><div>Bluetooth range: up to 10m</div><div>Transmit speed: 57-723Kbps</div><div>Stereo compression ratio: 44.1/48kHz</div><div>Contact terms: Point-to-Point</div><div>Charge power : PC USB, 5V</div><div>Charge power: Input 110/220V 50/60 Hz 150mA</div><div><br></div><div>Package Content:</div><div>1 x Sports Bluetooth Headset</div><div>1 x USB Cable</div>
Compatible with: Mobile Phones
Type: On Ear"
Electronics,Headphones & Headsets,Q8-851S-TLB-N6,Q8851STLBN6,Enable,Wireless Bluetooth Stereo NIA Headphone Headset with Mic/FM Radio/TF SD Slot Pink [TLB-N6],0,0,NIA,1000,65,65,65,65,65,"<div><br></div><div>Features:</div><div>Stereo music + call answering</div><div>Wireless enjoy stereo music playing and set aside to answer the call automatically converted.</div><div>Suitable for Cellphone, iPod, iPad, Tablet PC, Notebook and PC.</div><div>Work with All the bluetooth Smartphone. Such As iPhone 4 4S 5 5S 5C 6 Plus 6S Plus S, Samsung Galaxy S3 S4 S5 S6 Edge, Note 2 3, LG, HTC, Motorola, Nokia and Sony, etc.</div><div><br></div><div>Item Specification:</div><div>Charge time:2 hrs</div><div>Bluetooth version: Buletooth 3.0 + EDR, wireless transmitter standard of class II</div><div>Frequency coverage: 2.402-2.480GHz ISM band</div><div>Channel: 79 channels of 1MHz, B/W</div><div>Sensitivity: -80dbm</div><div>Bluetooth range: up to 10m</div><div>Transmit speed: 57-723Kbps</div><div>Stereo compression ratio: 44.1/48kHz</div><div>Contact terms: Point-to-Point</div><div>Charge power : PC USB, 5V</div><div>Charge power: Input 110/220V 50/60 Hz 150mA</div><div><br></div><div>Package Content:</div><div>1 x Sports Bluetooth Headset</div><div>1 x USB Cable</div>","<div><br></div><div>Features:</div><div>Stereo music + call answering</div><div>Wireless enjoy stereo music playing and set aside to answer the call automatically converted.</div><div>Suitable for Cellphone, iPod, iPad, Tablet PC, Notebook and PC.</div><div>Work with All the bluetooth Smartphone. Such As iPhone 4 4S 5 5S 5C 6 Plus 6S Plus S, Samsung Galaxy S3 S4 S5 S6 Edge, Note 2 3, LG, HTC, Motorola, Nokia and Sony, etc.</div><div><br></div><div>Item Specification:</div><div>Charge time:2 hrs</div><div>Bluetooth version: Buletooth 3.0 + EDR, wireless transmitter standard of class II</div><div>Frequency coverage: 2.402-2.480GHz ISM band</div><div>Channel: 79 channels of 1MHz, B/W</div><div>Sensitivity: -80dbm</div><div>Bluetooth range: up to 10m</div><div>Transmit speed: 57-723Kbps</div><div>Stereo compression ratio: 44.1/48kHz</div><div>Contact terms: Point-to-Point</div><div>Charge power : PC USB, 5V</div><div>Charge power: Input 110/220V 50/60 Hz 150mA</div><div><br></div><div>Package Content:</div><div>1 x Sports Bluetooth Headset</div><div>1 x USB Cable</div>
Compatible with: Mobile Phones
Type: On Ear"
Electronics,Headphones & Headsets,S25,S25,Enable,Earphones For Apple iPhone 5 6S 6 Plus Ipad Ipod Tablet Headphone Earpods Earbuds Handsfree With Mic,0,0,Other,1000,10,10,10,10,10,"<span>Product Information</span><span>Stylish and sensational, this in-ear headphones take your music listening experience to a whole level. Sporting an</span><span>ergonomic design, these headphones fit more comfortably in your ears, letting you enjoy music for long hours</span><span>without any hassle. Equipped with a 3.5 mm connector, these in-ear headphones are compatible with iPod, iPhone,</span><span>and iPad models. Coming with an mic , answer/end button, the headset let you answer calls without removing the phone</span><span>from your pocket. What&#39;s more, with the included storage case, you can conveniently store and carry these&nbsp;</span><span>headphones wherever you go.</span><span><br></span><span>Compatible With:</span><span><br></span><span>· iPhone 3G/3G iPhone 4S, iPhone 4</span><span><br></span><span>· iPhone 5C, iPhone 5S, iPhone 5</span><span><br></span><span>· iPhone 6 Plus, iPhone 6.</span><span><br></span><span>· iPod touch 5th and iPod touch 4th generation</span><span><br></span><span>· iPod touch 3rd and 2nd generation.</span><span><br></span><span>· iPod classic 120GB - 160GB.</span><span><br></span><span>· iPod nano 7th generation.</span><span><br></span><span>· iPod nano 6th generation and iPod nano 5th</span><span><br></span><span>· iPod nano 4th generation.</span><span><br></span><span>· iPod shuffle 4th generation.</span><span><br></span><span>· iPad 1st generation</span><span><br></span><span>· iPad 2 2nd generation</span><span><br></span><span>· iPad 3rd generation</span><span><br></span><span>· iPad 4th generation.</span><span><br></span><span>· iPad Air, iPad Air 2</span><span><br></span><span>· iPad mini, iPad mini 2, iPad mini 3.</span><span><br></span><span>&nbsp;</span><span>&nbsp;Package include:</span><span>&nbsp;</span><span>&nbsp;1* 3.5mm &nbsp;Headset.</span>","<span>Product Information</span><span>Stylish and sensational, this in-ear headphones take your music listening experience to a whole level. Sporting an</span><span>ergonomic design, these headphones fit more comfortably in your ears, letting you enjoy music for long hours</span><span>without any hassle. Equipped with a 3.5 mm connector, these in-ear headphones are compatible with iPod, iPhone,</span><span>and iPad models. Coming with an mic , answer/end button, the headset let you answer calls without removing the phone</span><span>from your pocket. What&#39;s more, with the included storage case, you can conveniently store and carry these&nbsp;</span><span>headphones wherever you go.</span><span><br></span><span>Compatible With:</span><span><br></span><span>· iPhone 3G/3G iPhone 4S, iPhone 4</span><span><br></span><span>· iPhone 5C, iPhone 5S, iPhone 5</span><span><br></span><span>· iPhone 6 Plus, iPhone 6.</span><span><br></span><span>· iPod touch 5th and iPod touch 4th generation</span><span><br></span><span>· iPod touch 3rd and 2nd generation.</span><span><br></span><span>· iPod classic 120GB - 160GB.</span><span><br></span><span>· iPod nano 7th generation.</span><span><br></span><span>· iPod nano 6th generation and iPod nano 5th</span><span><br></span><span>· iPod nano 4th generation.</span><span><br></span><span>· iPod shuffle 4th generation.</span><span><br></span><span>· iPad 1st generation</span><span><br></span><span>· iPad 2 2nd generation</span><span><br></span><span>· iPad 3rd generation</span><span><br></span><span>· iPad 4th generation.</span><span><br></span><span>· iPad Air, iPad Air 2</span><span><br></span><span>· iPad mini, iPad mini 2, iPad mini 3.</span><span><br></span><span>&nbsp;</span><span>&nbsp;Package include:</span><span>&nbsp;</span><span>&nbsp;1* 3.5mm &nbsp;Headset.</span>
Compatible with #5705All
Type #5935In Ear"
Electronics,Smart Watches,S28,S28,Enable,"Smartwatch With SIM Card, Bluetooth, SMS, Call, Silver",0,0,ZGPax,1000,125,125,125,125,125,    <ul><li>    </li><li>           </li><li>    8 </li><li>        </li><li>              </li><li>   .</li><li>  </li><li>        </li><li>   </li><li> </li><li>  </li><li>  </li></ul>        ,"    <ul><li>    </li><li>           </li><li>    8 </li><li>        </li><li>              </li><li>   .</li><li>  </li><li>        </li><li>   </li><li> </li><li>  </li><li>  </li></ul>        
Color: Black
RAM Size: 
Operating System: Android
SIM card support: Yes
With Camera: 
Band Material: Rubber
Compatible Operating Systems : Android"
Electronics,Headphones & Headsets,S740T,S740T,Enable,LG StereoBluetooth Headset with Memory Card Reader – Black/Red (S740T),0,0,LG,1000,53,53,53,53,53,"<p><span><span> </span></span><span>Bluetooth 4.0</span></p><p><span>·<span></span></span><span>Support Agreement : HSP V1.2, HFP V1.6, A2DP V1.2, AVRCP1.4</span></p><p><span>·<span></span></span><span>Operations Distance 10m</span></p><p><span>·<span></span></span><span>Range of Frequency 2.4G to 2.4835 GHz ISM Band</span></p><p><span>·<span></span></span><span>Support 2 Mobiles Phones at the same time</span></p><p><span>·<span></span></span><span>Support APTX Audio Codec Solution</span></p><p><span>·<span></span></span><span>PC Interface USB 2.0</span></p><p><span>·<span></span></span><span>Music Format MP3/WMA</span></p><p><span>·<span></span></span><span>TF Card Support – 32GB</span></p><p><span>·<span></span></span><span>Rechargeable Lithium Battery 200mAh</span></p><p><span>·<span></span></span><span>Music Play Time 5 Hours</span></p>","<p><span><span> </span></span><span>Bluetooth 4.0</span></p><p><span>·<span></span></span><span>Support Agreement : HSP V1.2, HFP V1.6, A2DP V1.2, AVRCP1.4</span></p><p><span>·<span></span></span><span>Operations Distance 10m</span></p><p><span>·<span></span></span><span>Range of Frequency 2.4G to 2.4835 GHz ISM Band</span></p><p><span>·<span></span></span><span>Support 2 Mobiles Phones at the same time</span></p><p><span>·<span></span></span><span>Support APTX Audio Codec Solution</span></p><p><span>·<span></span></span><span>PC Interface USB 2.0</span></p><p><span>·<span></span></span><span>Music Format MP3/WMA</span></p><p><span>·<span></span></span><span>TF Card Support – 32GB</span></p><p><span>·<span></span></span><span>Rechargeable Lithium Battery 200mAh</span></p><p><span>·<span></span></span><span>Music Play Time 5 Hours</span></p>
Compatible with #5705Mobile Phones
Type #5935In Ear"
Electronics,Headphones & Headsets,S99,S99,Enable,Olven bluetooth headset with memory red color,0,0,Olven,1000,99,99,99,99,99,-Bluetooth distance10M &nbsp; &nbsp; &nbsp; &nbsp; &nbsp; &nbsp; &nbsp; &nbsp; &nbsp; &nbsp; &nbsp; &nbsp; &nbsp; &nbsp; &nbsp; &nbsp; &nbsp; &nbsp; &nbsp; &nbsp; &nbsp; &nbsp; &nbsp; &nbsp; &nbsp; &nbsp; &nbsp; &nbsp; &nbsp; &nbsp; &nbsp; &nbsp; &nbsp;,-Bluetooth distance10M &nbsp; &nbsp; &nbsp; &nbsp; &nbsp; &nbsp; &nbsp; &nbsp; &nbsp; &nbsp; &nbsp; &nbsp; &nbsp; &nbsp; &nbsp; &nbsp; &nbsp; &nbsp; &nbsp; &nbsp; &nbsp; &nbsp; &nbsp; &nbsp; &nbsp; &nbsp; &nbsp; &nbsp; &nbsp; &nbsp; &nbsp; &nbsp; &nbsp;
Electronics,Smart Watches,SMA - BAND,SMABAND,Enable,"Bluetooth Smart Wristband SMA-BAND Dynamic Heart Rate Monitor, Weatherproof, Android and iOS - PURPLE",0,0,SMA,1000,122,122,122,122,122,"<p style=""font-family: Arial, Verdana; font-size: 13.3333px;""><b>Features:</b></p><p style=""font-family: Arial, Verdana; font-size: 13.3333px;""><br></p><ul style=""font-family: Arial, Verdana; font-size: 13.3333px;""><li>Heart rate monitoring: With a sensor, dynamic monitoring and detection accuracy</li><li>IP65 waterproof grade: You can wear it&nbsp;to&nbsp;wash your hands or face (not suitable for swimming or showering)</li><li>Activity tracker, sleeping monitoring, call and message notification, sedentary monitoring</li><li>Lift wrist, screen auto bright</li><li>Colorful breathing RGB light</li><li>Nordic&nbsp;51822 chip</li><li>Supporting Android 4.3 / iOS 7.0 and above system</li><li>Functions: Alarm Clock,Call reminder,Measurement of heart rate,Pedometer,Sleep management,SMS Reminding</li><li>Color : PURPLE</li></ul><p style=""font-family: Arial, Verdana; font-size: 13.3333px;"">&nbsp;</p><p style=""font-family: Arial, Verdana; font-size: 13.3333px;""><b>Specifications:</b></p><p style=""font-family: Arial, Verdana; font-size: 13.3333px;""><br></p><ul style=""font-family: Arial, Verdana; font-size: 13.3333px;""><li>Bluetooth 4.0</li><li>Type of battery: Li-polymer Battery</li><li>Battery Capacity: 90 mA</li><li>Standby time: 240 Hours</li><li>Charging time: About 3 hours</li></ul><p style=""font-family: Arial, Verdana; font-size: 13.3333px;"">&nbsp;</p><p style=""font-family: Arial, Verdana; font-size: 13.3333px;""><b>Dial and Band:</b></p><p style=""font-family: Arial, Verdana; font-size: 13.3333px;""><br></p><ul style=""font-family: Arial, Verdana; font-size: 13.3333px;""><li>Shape of the dial: Rectangle</li><li>Case material: TPU</li><li>Band material: Rubber</li><li>Dial size: 4 x 1.8 x 1.0 cm</li><li>Band size: 20 x 1.8 cm</li><li>Product weight: 0.025 kg</li><li>Package weight: 0.120 kg</li><li>Product size (L x W x H): 23.00 x 1.80 x 1.00 cm</li><li>Package size (L x W x H): 13.00 x 6.50 x 6.50 cm</li></ul><p style=""font-family: Arial, Verdana; font-size: 13.3333px;"">&nbsp;</p><p style=""font-family: Arial, Verdana; font-size: 13.3333px;""><b>Package Contents:</b></p><p style=""font-family: Arial, Verdana; font-size: 13.3333px;""><br></p><ul style=""font-family: Arial, Verdana; font-size: 13.3333px;""><li>1 x SMA-BAND Smart Wristband.</li><li>1 x USB Charging Cable.</li><li>1 x English User Manual.</li><li>Package size (L x W x H): 13.00 x 6.50 x 6.50 cm.</li></ul>","<p style=""font-family: Arial, Verdana; font-size: 13.3333px;""><b>Features:</b></p><p style=""font-family: Arial, Verdana; font-size: 13.3333px;""><br></p><ul style=""font-family: Arial, Verdana; font-size: 13.3333px;""><li>Heart rate monitoring: With a sensor, dynamic monitoring and detection accuracy</li><li>IP65 waterproof grade: You can wear it&nbsp;to&nbsp;wash your hands or face (not suitable for swimming or showering)</li><li>Activity tracker, sleeping monitoring, call and message notification, sedentary monitoring</li><li>Lift wrist, screen auto bright</li><li>Colorful breathing RGB light</li><li>Nordic&nbsp;51822 chip</li><li>Supporting Android 4.3 / iOS 7.0 and above system</li><li>Functions: Alarm Clock,Call reminder,Measurement of heart rate,Pedometer,Sleep management,SMS Reminding</li><li>Color : PURPLE</li></ul><p style=""font-family: Arial, Verdana; font-size: 13.3333px;"">&nbsp;</p><p style=""font-family: Arial, Verdana; font-size: 13.3333px;""><b>Specifications:</b></p><p style=""font-family: Arial, Verdana; font-size: 13.3333px;""><br></p><ul style=""font-family: Arial, Verdana; font-size: 13.3333px;""><li>Bluetooth 4.0</li><li>Type of battery: Li-polymer Battery</li><li>Battery Capacity: 90 mA</li><li>Standby time: 240 Hours</li><li>Charging time: About 3 hours</li></ul><p style=""font-family: Arial, Verdana; font-size: 13.3333px;"">&nbsp;</p><p style=""font-family: Arial, Verdana; font-size: 13.3333px;""><b>Dial and Band:</b></p><p style=""font-family: Arial, Verdana; font-size: 13.3333px;""><br></p><ul style=""font-family: Arial, Verdana; font-size: 13.3333px;""><li>Shape of the dial: Rectangle</li><li>Case material: TPU</li><li>Band material: Rubber</li><li>Dial size: 4 x 1.8 x 1.0 cm</li><li>Band size: 20 x 1.8 cm</li><li>Product weight: 0.025 kg</li><li>Package weight: 0.120 kg</li><li>Product size (L x W x H): 23.00 x 1.80 x 1.00 cm</li><li>Package size (L x W x H): 13.00 x 6.50 x 6.50 cm</li></ul><p style=""font-family: Arial, Verdana; font-size: 13.3333px;"">&nbsp;</p><p style=""font-family: Arial, Verdana; font-size: 13.3333px;""><b>Package Contents:</b></p><p style=""font-family: Arial, Verdana; font-size: 13.3333px;""><br></p><ul style=""font-family: Arial, Verdana; font-size: 13.3333px;""><li>1 x SMA-BAND Smart Wristband.</li><li>1 x USB Charging Cable.</li><li>1 x English User Manual.</li><li>Package size (L x W x H): 13.00 x 6.50 x 6.50 cm.</li></ul>
Color: Purple
RAM Size: 
Operating System: Other
SIM card support: No
With Camera: 
Band Material: Rubber
Compatible Operating Systems : Android & iOS"
Electronics,Speakers,SP-V6L,SPV6L,Enable,"Zebra Bear Shape Speaker , Pink - Sp-V6L",0,0,Zebra,1000,250,250,250,250,250,Speaker with Wireless MicrophoneBrand: ZebraModel Number: SP-V6LAllekebaia voltage: 220 volt 45 WattEntrance USB / SD / FMDimensions: 295x273x405 mm,"Speaker with Wireless MicrophoneBrand: ZebraModel Number: SP-V6LAllekebaia voltage: 220 volt 45 WattEntrance USB / SD / FMDimensions: 295x273x405 mm
Color: Black
Port Type: Wireless
Speaker Type: Karaoke Speakers
Connectivity Technology: Wireless
Compatible with: All"
Electronics,Speakers,SP-V8L,SPV8L,Enable,"Zebra Bear Shape Speaker , Black - Sp-V6L",0,0,Zebra,1000,250,250,250,250,250,Speaker with Wireless Microphone<br />Brand: Zebra<br />Model Number: SP-V6L<br />Allekebaia voltage: 220 volt 45 Watt<br />Entrance USB / SD / FM<br />Dimensions: 295x273x405 mm,"Speaker with Wireless Microphone<br />Brand: Zebra<br />Model Number: SP-V6L<br />Allekebaia voltage: 220 volt 45 Watt<br />Entrance USB / SD / FM<br />Dimensions: 295x273x405 mm
Color: Black
Port Type: Wireless
Speaker Type: Karaoke Speakers
Connectivity Technology: Wireless
Compatible with: All"
Electronics,Headphones & Headsets,T 3,T3,Enable,"Bluedio T 3 Bluetooth Stereo Headphones,3D sound ,SD card slot",0,0,Bluedio,1000,235,235,235,235,235,"<div>Zn alloy body to ensure quality and texture</div><div>T3 Plus is beautifully crafted with excellent Zn alloy material which features high performance. The exquisitely built Zn alloy frame and body ensures it sturdy enough to be unbreakable and durable.&nbsp;</div><div><br></div><div>57mm titanizing diaphragm for quick response</div><div>T3 Plus adopts the all titanizing 57mm diaphragm to enhance the resolution, lower the THD(Total Harmonic Distortion) and make the sound more dynamic, swift and fierce, which ensures you hear even the slightest details and enjoy every wonderful moment.</div><div><br></div><div>Totally new 3D sound effect</div><div>T3 Plus is the first headphones of Turbine Series to adopt 3D sound effect, which means you will have a totally lively and stirring experience. Simply turn on the 3D sound to immerse yourself in the stereo surround sound effect and to let your ears enjoy the stirring rock concert.</div><div><br></div><div>Micro SD card playback</div><div>T3 Plus supports Micro SD card slot extension (maximum 32GB). Just insert a Micro SD card loaded with your favorite songs, no need of mobile phones or other auxiliary devices, you can directly enjoy music. Besides, you can transfer files through the USB connector anytime and anywhere, which means you no longer have to repeat one song at wonderful moments.</div><div><br></div><div>Memory foam earmuffs to ensure long-wearing comfort</div><div>The ear cups of T3 Plus are padded with memory foam which is rich in protein. It is very soft and ventilated. All we want to do is to bring you comfort, to protect your ears and give you a new feeling of wearing.</div><div><br></div><div>Line-in and line-out playback</div><div>T3 Plus supports input with the 3.5mm audio cable, you can still enjoy your favorite music even if the battery runs out. It can also connect to other headphones so that you can share your favorite music with your friends.</div><div><br></div><div>Foldable design, more convenient and portable</div><div>We specially strengthen the telescopic arm to ensure that it can bear over 5 thousand times stretching and bending. The foldable design makes it very convenient and portable.&nbsp;</div>","<div>Zn alloy body to ensure quality and texture</div><div>T3 Plus is beautifully crafted with excellent Zn alloy material which features high performance. The exquisitely built Zn alloy frame and body ensures it sturdy enough to be unbreakable and durable.&nbsp;</div><div><br></div><div>57mm titanizing diaphragm for quick response</div><div>T3 Plus adopts the all titanizing 57mm diaphragm to enhance the resolution, lower the THD(Total Harmonic Distortion) and make the sound more dynamic, swift and fierce, which ensures you hear even the slightest details and enjoy every wonderful moment.</div><div><br></div><div>Totally new 3D sound effect</div><div>T3 Plus is the first headphones of Turbine Series to adopt 3D sound effect, which means you will have a totally lively and stirring experience. Simply turn on the 3D sound to immerse yourself in the stereo surround sound effect and to let your ears enjoy the stirring rock concert.</div><div><br></div><div>Micro SD card playback</div><div>T3 Plus supports Micro SD card slot extension (maximum 32GB). Just insert a Micro SD card loaded with your favorite songs, no need of mobile phones or other auxiliary devices, you can directly enjoy music. Besides, you can transfer files through the USB connector anytime and anywhere, which means you no longer have to repeat one song at wonderful moments.</div><div><br></div><div>Memory foam earmuffs to ensure long-wearing comfort</div><div>The ear cups of T3 Plus are padded with memory foam which is rich in protein. It is very soft and ventilated. All we want to do is to bring you comfort, to protect your ears and give you a new feeling of wearing.</div><div><br></div><div>Line-in and line-out playback</div><div>T3 Plus supports input with the 3.5mm audio cable, you can still enjoy your favorite music even if the battery runs out. It can also connect to other headphones so that you can share your favorite music with your friends.</div><div><br></div><div>Foldable design, more convenient and portable</div><div>We specially strengthen the telescopic arm to ensure that it can bear over 5 thousand times stretching and bending. The foldable design makes it very convenient and portable.&nbsp;</div>
Color:Black
Model Number: T 3
Connectivity:Wireless
Compatible with: All
Type: Over Ear"
Electronics,Mobile Accessories,T2 PLUS,T2PLUS,Enable,Universal for All Smartphones Black Bluedio Strong Bass Turbine T2+ Bluetooth 4.1 Wireless Stereo Earphone Headset,0,0,Bluedio,1000,149,149,149,149,149,"Universal for All Smartphones Black Bluedio Strong Bass Turbine T2+ Bluetooth 4.1 Wireless Stereo Earphone Headset
Type:Mobile Accessories","Universal for All Smartphones Black Bluedio Strong Bass Turbine T2+ Bluetooth 4.1 Wireless Stereo Earphone Headset
Type:Mobile Accessories"
Electronics,Headphones & Headsets,T2S,T2S,Enable,"Headphone, Blue , shooting brake, Bluedio, T2s",0,0,Bluedio,1000,145,145,145,145,145,"








Brand:&nbsp;Bluedio&nbsp;
Model :&nbsp;T2

Wearing type :&nbsp;Headband&nbsp;
Function :Answering phone, MP3 player, Bluetooth, Song switching, Microphone, HiFi
Headset type:&nbsp;Dynamic&nbsp;
Connectivity :&nbsp;Wireless&nbsp;
Connecting interface :&nbsp;Micro USB, 3.5mm&nbsp;&nbsp;
Application :&nbsp;Mobile Phone, Computer, Laptop, &nbsp;Tablet, IPad, IPod, Mp3 Player, Sony Playstation&nbsp;
Plug interface:&nbsp;ANT-IN, Micro USB, Bluetooth&nbsp;
Driver unit:&nbsp;57mm&nbsp;
Sound channel:&nbsp;Two-channel (stereo)&nbsp;
Frequency response :&nbsp;20~20KHz&nbsp;
Impedance :&nbsp;16ohms&nbsp;
Sensitivity :&nbsp;110 dB&nbsp;
Working time:&nbsp;Talking time: About 45 hours, Music playing time: Around 40 hours&nbsp;
Standby time:&nbsp;As long as 1625 hours&nbsp;
Charging time:&nbsp;About 2 hours
Bluetooth:&nbsp;Yes&nbsp;
Bluetooth version:&nbsp;V4.1&nbsp;
Bluetooth protocol:&nbsp;AVRCP, HSP, HFP, A2DP&nbsp;
Product size (L x W x H) :&nbsp;18.60 x 8.50 x 20.00 cm&nbsp;","








Brand:&nbsp;Bluedio&nbsp;
Model :&nbsp;T2

Wearing type :&nbsp;Headband&nbsp;
Function :Answering phone, MP3 player, Bluetooth, Song switching, Microphone, HiFi
Headset type:&nbsp;Dynamic&nbsp;
Connectivity :&nbsp;Wireless&nbsp;
Connecting interface :&nbsp;Micro USB, 3.5mm&nbsp;&nbsp;
Application :&nbsp;Mobile Phone, Computer, Laptop, &nbsp;Tablet, IPad, IPod, Mp3 Player, Sony Playstation&nbsp;
Plug interface:&nbsp;ANT-IN, Micro USB, Bluetooth&nbsp;
Driver unit:&nbsp;57mm&nbsp;
Sound channel:&nbsp;Two-channel (stereo)&nbsp;
Frequency response :&nbsp;20~20KHz&nbsp;
Impedance :&nbsp;16ohms&nbsp;
Sensitivity :&nbsp;110 dB&nbsp;
Working time:&nbsp;Talking time: About 45 hours, Music playing time: Around 40 hours&nbsp;
Standby time:&nbsp;As long as 1625 hours&nbsp;
Charging time:&nbsp;About 2 hours
Bluetooth:&nbsp;Yes&nbsp;
Bluetooth version:&nbsp;V4.1&nbsp;
Bluetooth protocol:&nbsp;AVRCP, HSP, HFP, A2DP&nbsp;
Product size (L x W x H) :&nbsp;18.60 x 8.50 x 20.00 cm&nbsp;
Compatible with #5705All
Type #5935Over Ear"
Electronics,Headphones & Headsets,T2SBCA001,T2SBCA001,Enable,"Bluedio Turbine T2s Wireless Bluetooth Headphones with Mic, 57mm Drivers/Rotary Folding (Black)",0,0,Bluedio,1000,128,128,128,128,128,"<div style=""direction: ltr;""><h2 style=""color: rgb(204, 102, 0); font-size: medium; margin: 0px 0px 0.25em; font-family: verdana, arial, helvetica, sans-serif; background-color: rgb(255, 255, 255);"">Product Description</h2><div class=""disclaim"" style=""margin-top: 3px; font-size: 10px; color: rgb(136, 136, 136); font-family: verdana, arial, helvetica, sans-serif; background-color: rgb(255, 255, 255);"">Color:&nbsp;<strong>Black</strong></div><div class=""content"" style=""margin: 0.5em 0px 0em 25px; color: rgb(51, 51, 51); font-family: verdana, arial, helvetica, sans-serif; font-size: small; background-color: rgb(255, 255, 255);""><h3 class=""productDescriptionSource"" style=""font-size: 1.23em; font-weight: normal; margin: 0.75em 0px 0.375em -15px; clear: left;""></h3><div class=""productDescriptionWrapper"" style=""margin: 0px 0px 1em;""><strong>Specifications</strong>&nbsp;<br>Bluetooth version:&nbsp;<strong>V4.1</strong>&nbsp;<br>Supported Profiles: A2DP, AVRCP, HSP, HFP&nbsp;<br>Drive: 2¡AF 2.24 inches&nbsp;<br>Impedance: 16O&nbsp;<br>Frequency response: 20 Hz -20 KHz&nbsp;<br>Sensitivity: 110 dB&nbsp;<br>THD: &lt;0.1%&nbsp;<br>Operating distance: up to 32 ft (free space)&nbsp;<br>Bluetooth music time: about&nbsp;<strong>40 hours</strong>&nbsp;<br>Bluetooth talk time: about 45 hours&nbsp;<br>Standby time: about 1625 hours&nbsp;<br>Fully charged time: about 2 hours&nbsp;<br><br><strong>In the box</strong>&nbsp;<br>Bluedio T2S headset 1pc&nbsp;<br>Charging cable 1pc&nbsp;<br>F3.5mm Audio cable 1pc&nbsp;<br>User manual 1pc&nbsp;<br><br><strong>Tips for Pairing</strong>&nbsp;<br>1. When the headset is off(if not, power off the headset first), press and hold the MF button, only when the LED remains blue can you release the button. The headset is in pairing mode.&nbsp;<br>2. Switch on the Bluetooth of your mobile phone, add/search devices.&nbsp;<br>3. When ¡°Bluedio¡± appears, select it. (If asked for a pass code: Enter ¡°0000¡±)</div></div></div>","<div style=""direction: ltr;""><h2 style=""color: rgb(204, 102, 0); font-size: medium; margin: 0px 0px 0.25em; font-family: verdana, arial, helvetica, sans-serif; background-color: rgb(255, 255, 255);"">Product Description</h2><div class=""disclaim"" style=""margin-top: 3px; font-size: 10px; color: rgb(136, 136, 136); font-family: verdana, arial, helvetica, sans-serif; background-color: rgb(255, 255, 255);"">Color:&nbsp;<strong>Black</strong></div><div class=""content"" style=""margin: 0.5em 0px 0em 25px; color: rgb(51, 51, 51); font-family: verdana, arial, helvetica, sans-serif; font-size: small; background-color: rgb(255, 255, 255);""><h3 class=""productDescriptionSource"" style=""font-size: 1.23em; font-weight: normal; margin: 0.75em 0px 0.375em -15px; clear: left;""></h3><div class=""productDescriptionWrapper"" style=""margin: 0px 0px 1em;""><strong>Specifications</strong>&nbsp;<br>Bluetooth version:&nbsp;<strong>V4.1</strong>&nbsp;<br>Supported Profiles: A2DP, AVRCP, HSP, HFP&nbsp;<br>Drive: 2¡AF 2.24 inches&nbsp;<br>Impedance: 16O&nbsp;<br>Frequency response: 20 Hz -20 KHz&nbsp;<br>Sensitivity: 110 dB&nbsp;<br>THD: &lt;0.1%&nbsp;<br>Operating distance: up to 32 ft (free space)&nbsp;<br>Bluetooth music time: about&nbsp;<strong>40 hours</strong>&nbsp;<br>Bluetooth talk time: about 45 hours&nbsp;<br>Standby time: about 1625 hours&nbsp;<br>Fully charged time: about 2 hours&nbsp;<br><br><strong>In the box</strong>&nbsp;<br>Bluedio T2S headset 1pc&nbsp;<br>Charging cable 1pc&nbsp;<br>F3.5mm Audio cable 1pc&nbsp;<br>User manual 1pc&nbsp;<br><br><strong>Tips for Pairing</strong>&nbsp;<br>1. When the headset is off(if not, power off the headset first), press and hold the MF button, only when the LED remains blue can you release the button. The headset is in pairing mode.&nbsp;<br>2. Switch on the Bluetooth of your mobile phone, add/search devices.&nbsp;<br>3. When ¡°Bluedio¡± appears, select it. (If asked for a pass code: Enter ¡°0000¡±)</div></div></div>
Compatible with #5705All
Type: On Ear"
Electronics,Headphones & Headsets,T2SWCA00,T2SWCA00,Enable,Bluedio T2s Turbine Bluetooth Wireless Stereo Headphones with Microphone 57mm Drivers Rotary Folding(White),0,0,Bluedio,1000,129,129,129,129,129,"<div>T2S, Turbine 2(Shooting Brake), releases globally in Nov. 2014, a upgraded version of HT(Shooting Brake). It¡¯s been 6 months, our engineers redesign Turbine idea, trying to bring the best music experience for you. Besides the amazing bass as HT(Shooting Brake), T2S is foldable and easy to carry, more comfortable to wear, more metallic in look, and strengthened in headband.</div><div><br></div><div>Specifications&nbsp;</div><div>Bluetooth version: V4.1&nbsp;</div><div>Supported Profiles: A2DP, AVRCP, HSP, HFP&nbsp;</div><div>Drive: 2¡ÁF2.24inches&nbsp;</div><div>Impedance: 16O&nbsp;</div><div>Frequency response: 20 Hz -20KHz&nbsp;</div><div>Sensitivity: 110dB&nbsp;</div><div>THD: &lt;0.1%&nbsp;</div><div>Operating distance: up to 32 ft (free space)&nbsp;</div><div>Bluetooth music time: about 40 hours&nbsp;</div><div>Bluetooth talk time: about 45 hours&nbsp;</div><div>Standby time: about 1625 hours&nbsp;</div><div>Fully charged time: about 2 hours&nbsp;</div><div>Headset size: 7.87"" tall 7.32"" wide&nbsp;</div><div>Package size: 7.87""¡Á6.69""¡Á3.35""&nbsp;</div><div>Headset weight : 7.9oz&nbsp;</div><div>Package weight: 15.49oz&nbsp;</div><div><br></div><div>In the box&nbsp;</div><div>Bluedio T2S headset 1pc&nbsp;</div><div>Charging cable 1pc&nbsp;</div><div>F3.5mm Audio cable 1pc&nbsp;</div><div>User manual 1pc</div>","<div>T2S, Turbine 2(Shooting Brake), releases globally in Nov. 2014, a upgraded version of HT(Shooting Brake). It¡¯s been 6 months, our engineers redesign Turbine idea, trying to bring the best music experience for you. Besides the amazing bass as HT(Shooting Brake), T2S is foldable and easy to carry, more comfortable to wear, more metallic in look, and strengthened in headband.</div><div><br></div><div>Specifications&nbsp;</div><div>Bluetooth version: V4.1&nbsp;</div><div>Supported Profiles: A2DP, AVRCP, HSP, HFP&nbsp;</div><div>Drive: 2¡ÁF2.24inches&nbsp;</div><div>Impedance: 16O&nbsp;</div><div>Frequency response: 20 Hz -20KHz&nbsp;</div><div>Sensitivity: 110dB&nbsp;</div><div>THD: &lt;0.1%&nbsp;</div><div>Operating distance: up to 32 ft (free space)&nbsp;</div><div>Bluetooth music time: about 40 hours&nbsp;</div><div>Bluetooth talk time: about 45 hours&nbsp;</div><div>Standby time: about 1625 hours&nbsp;</div><div>Fully charged time: about 2 hours&nbsp;</div><div>Headset size: 7.87"" tall 7.32"" wide&nbsp;</div><div>Package size: 7.87""¡Á6.69""¡Á3.35""&nbsp;</div><div>Headset weight : 7.9oz&nbsp;</div><div>Package weight: 15.49oz&nbsp;</div><div><br></div><div>In the box&nbsp;</div><div>Bluedio T2S headset 1pc&nbsp;</div><div>Charging cable 1pc&nbsp;</div><div>F3.5mm Audio cable 1pc&nbsp;</div><div>User manual 1pc</div>
Compatible with #5705All
Type: Over Ear"
Electronics,Headphones & Headsets,T2-WH,T2WH,Enable,Bluedio T2-WH Wired Portable Stereo Earphones Headset,0,0,Bluedio,1000,129,129,129,129,129,<div>Specification:<br>Brand: Bluedio <br>Model: T2-WH<br>Compatible Platform: ANDROID Windows Phone iOS<br>Package Type: official standard<br>Sensitivity: 118dB/mW<br>Applicable type of music: rock metal type subwoofer<br>Impedance: 16<br>Frequency Range: 20-20000Hz<br>Color Category: White/Black optional<br>Wearing styles: wearing ear<br>Headphone type: Wired<br>Cable length: 1.5meters<br>Whether the microphone: with wheat / non-wheat<br>Headset service: shop three packs<br>Plug Diameter: 3.5mm<br>Headphone plug type: straight type<br>Headphone output audio: portable audio-visual</div><div><br></div><div>what inside of box<br>1 x&nbsp; Bluedio T2-WH headphone<br>1 x User manual<br>1 x 3.5mm audio cable<br></div>,"<div>Specification:<br>Brand: Bluedio <br>Model: T2-WH<br>Compatible Platform: ANDROID Windows Phone iOS<br>Package Type: official standard<br>Sensitivity: 118dB/mW<br>Applicable type of music: rock metal type subwoofer<br>Impedance: 16<br>Frequency Range: 20-20000Hz<br>Color Category: White/Black optional<br>Wearing styles: wearing ear<br>Headphone type: Wired<br>Cable length: 1.5meters<br>Whether the microphone: with wheat / non-wheat<br>Headset service: shop three packs<br>Plug Diameter: 3.5mm<br>Headphone plug type: straight type<br>Headphone output audio: portable audio-visual</div><div><br></div><div>what inside of box<br>1 x&nbsp; Bluedio T2-WH headphone<br>1 x User manual<br>1 x 3.5mm audio cable<br></div>
Compatible with #5705Mobile Phones
Type: Over Ear"
Electronics,Headphones & Headsets,T3VB,T3VB,Enable,Bluedio T3 Plus Foldable Wireless Bluetooth 4.1 3D Stereo Headset with Micro SD Card Black,0,0,Bluedio,1000,220,220,220,220,220,"<div class=""container columns"">
<div class=""row"">
  <div class=""large-12 medium-12 columns"">
    <p> Bluedio Headset boasts a microSD slot extension. This Bluedio wireless headset features Bluetooth 4.1 technology. Enjoy listening to music anywhere on-the-go with the Bluedio T3 Wireless Headset. This headset features a microSD slot extension up to 32GB. With the 3D sound effects enjoy a lively and stirring experience. The high-quality construction of this headset guarantees longevity. Furthermore, the 57mm titanizing diaphragm enhances the overall performance of this headset. Listen to music or watch your favorite movie on the device, this headset gives you the freedom to do all with its Bluetooth 4.1 technology.</p>
  </div>
</div>

      <div class=""row mart-30"">
        <div class=""large-6 medium-12 text-center right columns"">
          <img src=""https://souqcms.s3.amazonaws.com/spring/images/2017/bluedio/t3-plus-foldable-wireless-bluetooth-4.1-3d-stereo-headset-black/1-t3-plus-foldable-wireless-bluetooth-4.1-3d-stereo-headset-black.jpg"" alt=""Bluedio Earphones""></div>
        <div class=""large-6 medium-12 mart-40 left columns"">
          <h4> Change the Way Music Sounds to You</h4>
          <p> The Bluedio T3 Plus Stereo Headset gives you the capability to listen to your favorite songs a new and unheard like quality. The seamless ear fit and high-quality make ensure longevity. All the more, the 3D sound effects will give you a lively and exciting experience. You can enjoy every beat of the music, a powerful bass, and dynamic sound, thanks to the 57mm titanizing diaphragm.</p>
        </div>
      </div>
      <div class=""row mart-10"">
        <div class=""large-6 medium-12 text-center left columns"">
          <img src=""https://souqcms.s3.amazonaws.com/spring/images/2017/bluedio/t3-plus-foldable-wireless-bluetooth-4.1-3d-stereo-headset-black/2-t3-plus-foldable-wireless-bluetooth-4.1-3d-stereo-headset-black.jpg"" alt=""Bluedio Earphones""></div>
        <div class=""large-6 medium-12 mart-40 right columns"">
          <h4> Designed for You</h4>
          <p> The Bluedio headset fits your ears with a precision that feels like they are tailor-made especially for you. By simply pressing a button you can play or pause music, change tracks, and take calls. The condenser microphone with a sensitivity of -42dB offers clear sounds during phone calls.</p>
        </div>
      </div>
    </div>","<div class=""container columns"">
<div class=""row"">
  <div class=""large-12 medium-12 columns"">
    <p> Bluedio Headset boasts a microSD slot extension. This Bluedio wireless headset features Bluetooth 4.1 technology. Enjoy listening to music anywhere on-the-go with the Bluedio T3 Wireless Headset. This headset features a microSD slot extension up to 32GB. With the 3D sound effects enjoy a lively and stirring experience. The high-quality construction of this headset guarantees longevity. Furthermore, the 57mm titanizing diaphragm enhances the overall performance of this headset. Listen to music or watch your favorite movie on the device, this headset gives you the freedom to do all with its Bluetooth 4.1 technology.</p>
  </div>
</div>

      <div class=""row mart-30"">
        <div class=""large-6 medium-12 text-center right columns"">
          <img src=""https://souqcms.s3.amazonaws.com/spring/images/2017/bluedio/t3-plus-foldable-wireless-bluetooth-4.1-3d-stereo-headset-black/1-t3-plus-foldable-wireless-bluetooth-4.1-3d-stereo-headset-black.jpg"" alt=""Bluedio Earphones""></div>
        <div class=""large-6 medium-12 mart-40 left columns"">
          <h4> Change the Way Music Sounds to You</h4>
          <p> The Bluedio T3 Plus Stereo Headset gives you the capability to listen to your favorite songs a new and unheard like quality. The seamless ear fit and high-quality make ensure longevity. All the more, the 3D sound effects will give you a lively and exciting experience. You can enjoy every beat of the music, a powerful bass, and dynamic sound, thanks to the 57mm titanizing diaphragm.</p>
        </div>
      </div>
      <div class=""row mart-10"">
        <div class=""large-6 medium-12 text-center left columns"">
          <img src=""https://souqcms.s3.amazonaws.com/spring/images/2017/bluedio/t3-plus-foldable-wireless-bluetooth-4.1-3d-stereo-headset-black/2-t3-plus-foldable-wireless-bluetooth-4.1-3d-stereo-headset-black.jpg"" alt=""Bluedio Earphones""></div>
        <div class=""large-6 medium-12 mart-40 right columns"">
          <h4> Designed for You</h4>
          <p> The Bluedio headset fits your ears with a precision that feels like they are tailor-made especially for you. By simply pressing a button you can play or pause music, change tracks, and take calls. The condenser microphone with a sensitivity of -42dB offers clear sounds during phone calls.</p>
        </div>
      </div>
    </div>
Compatible with #5705Mobile Phones
Type: Over Ear"
Electronics,Speakers,TAIMI A40,TAIMIA40,Enable,"A40 Speaker by Taimi, 4 Speakers, Multi Color",0,0,Taimi,1000,150,150,150,150,150,<p>Taimi A40 <br />Features:<br />• Four speakers<br />• Contains Lights<br />• Rechargeable<br />• USB port<br />• Bluetooth<br />• Audio port<br />• FM</p>,"<p>Taimi A40 <br />Features:<br />• Four speakers<br />• Contains Lights<br />• Rechargeable<br />• USB port<br />• Bluetooth<br />• Audio port<br />• FM</p>
Color: Multi Color
Port Type: USB
Speaker Type: Bluetooth Speakers
Connectivity Technology: Wired
Compatible with: Multi"
Electronics,Headphones & Headsets,TURBINE HURRICANE H,TURBINEHURRICANEH,Enable,Bluedio Turbine Hurricane H Bluetooth 4.1 Wireless Over the Ear Headset - Silver,0,0,Bluedio,1000,107,107,107,107,107,"<p>Bluedio Turbine Hurricane H Bluetooth 4.1 wireless stereo headset has been created after extensive research. Bluedio has found that current headphones on the market have lots of common defects, such as serious noise, flat sound, stuffy appearance, etc. For these reasons, after 3 years of R&amp;D, Bluedio have come up with the Bluedio Turbine Hurricane H headset.</p>

<p><b>Iconic Powerful Bass Resonance</b></p>

<p>57mm ultra-large dynamic drivers, turbine style housing, and bluedio's iconic surging low-frequency shock let you feel deep bass resonance for superior sound quality.</p>

<p><b>Ultra-Long Operation And Carefree Calling From Bluetooth 4.1</b></p>

<p>With the robust high speed cpu of bluetooth 4.1 operating system, the bluedio turbine hurricane h boasts a long usage time of 40 hours of music, 45 hours talk time, and 1625 hours (approximately 67 days) standby time. Acoustic echo cancellation and noise reduction reduce ambient noise while speaking.</p>

<p><b>Customized Function</b></p>

<p>Audio sharing allows you to connect to another h headset via an audio cable, and share music with your friends (* it is recommended that headphones with impedance of 32 or higher be used). Simultaneously connect two bluetooth devices, connect with your phone and tablet seamlessly, and listen to music as you please!</p>

<p><b>Comfort</b></p>

<p>Custom fit supra-aural soft earmuffs and artificial protein leather of earmuffs simulated to human skin texture ensure long-lasting comfort.</p>

<p><b>Convenience</b></p>

<p>Just plug in with an audio cable (<b>sold separately</b>), and listen to your favorite music tracks. The hurricane h also has voice prompts in 4 languages (english, french, spanish, and chinese).</p>

<p><b>Product Details</b></p>

<ul>
<li>Brand: Bluedio</li>
<li>Model: Turbine Hurricane H</li>
<li>Color: Silver</li>
<li>Type: Over the Ear</li>
<li>Drivers: 57mm speaker X 2</li>
<li>Transducer type: dynamic</li>
<li>Bluetooth version: V4.1</li>
<li>Frequency range: 2.4GHz-2.48GHz</li>
<li>Operating distance: up to 10m (free space)</li>
<li>Bluetooth profiles: A2DPAVRCPHSPHFP</li>
<li>Impedance: 16</li>
<li>Frequency response: 20Hz-20kHz</li>
<li>Sensitivity: 110dB</li>
<li>Distortion:&lt;0.1%(THD)</li>
<li>Music playtime: up to 40 hours</li>
<li>Talk time: up to 45 hours</li>
<li>Standby time: up to 1625 hours</li>
<li>Charging time: about 2 hours</li>
<li>Operational temperature: -10 to 50°C</li>
</ul>
","<p>Bluedio Turbine Hurricane H Bluetooth 4.1 wireless stereo headset has been created after extensive research. Bluedio has found that current headphones on the market have lots of common defects, such as serious noise, flat sound, stuffy appearance, etc. For these reasons, after 3 years of R&amp;D, Bluedio have come up with the Bluedio Turbine Hurricane H headset.</p>

<p><b>Iconic Powerful Bass Resonance</b></p>

<p>57mm ultra-large dynamic drivers, turbine style housing, and bluedio's iconic surging low-frequency shock let you feel deep bass resonance for superior sound quality.</p>

<p><b>Ultra-Long Operation And Carefree Calling From Bluetooth 4.1</b></p>

<p>With the robust high speed cpu of bluetooth 4.1 operating system, the bluedio turbine hurricane h boasts a long usage time of 40 hours of music, 45 hours talk time, and 1625 hours (approximately 67 days) standby time. Acoustic echo cancellation and noise reduction reduce ambient noise while speaking.</p>

<p><b>Customized Function</b></p>

<p>Audio sharing allows you to connect to another h headset via an audio cable, and share music with your friends (* it is recommended that headphones with impedance of 32 or higher be used). Simultaneously connect two bluetooth devices, connect with your phone and tablet seamlessly, and listen to music as you please!</p>

<p><b>Comfort</b></p>

<p>Custom fit supra-aural soft earmuffs and artificial protein leather of earmuffs simulated to human skin texture ensure long-lasting comfort.</p>

<p><b>Convenience</b></p>

<p>Just plug in with an audio cable (<b>sold separately</b>), and listen to your favorite music tracks. The hurricane h also has voice prompts in 4 languages (english, french, spanish, and chinese).</p>

<p><b>Product Details</b></p>

<ul>
<li>Brand: Bluedio</li>
<li>Model: Turbine Hurricane H</li>
<li>Color: Silver</li>
<li>Type: Over the Ear</li>
<li>Drivers: 57mm speaker X 2</li>
<li>Transducer type: dynamic</li>
<li>Bluetooth version: V4.1</li>
<li>Frequency range: 2.4GHz-2.48GHz</li>
<li>Operating distance: up to 10m (free space)</li>
<li>Bluetooth profiles: A2DPAVRCPHSPHFP</li>
<li>Impedance: 16</li>
<li>Frequency response: 20Hz-20kHz</li>
<li>Sensitivity: 110dB</li>
<li>Distortion:&lt;0.1%(THD)</li>
<li>Music playtime: up to 40 hours</li>
<li>Talk time: up to 45 hours</li>
<li>Standby time: up to 1625 hours</li>
<li>Charging time: about 2 hours</li>
<li>Operational temperature: -10 to 50°C</li>
</ul>

Compatible with #5705All
Type: Over Ear"
Electronics,Headphones & Headsets,TURBINE T2,TURBINET2,Enable,Foldable Bluetooth 4.1 Bluedio Turbine T2 Wireless Stereo Sweatproof Headphones Headset Black,0,0,Bluedio,1000,150,150,150,150,150,"Specification:<br>
<br>		Drivers: 57mm speaker X 2<br>
<br>		Transducer type: Dynamic<br>
<br>		Bluetooth version: V4.1<br>
<br>		Frequency range: 2.4GHz-2.48GHz<br>
<br>		Operating distance: up to 10m (free space)<br>
<br>		Bluetooth profiles: A2DPAVRCPHSPHFP<br>
<br>		Impedance: 16<br>
<br>		Frequency response: 20Hz-20kHz<br>
<br>		Sensitivity: 110dB<br>
<br>		Distortion:
<br>		Music playtime: up to 40 hours<br>
<br>		Talk time: up to 45 hours<br>
<br>		Standby time: up to 1625 hours<br>
<br>		Charging time: about 2 hours<br>
<br>		Operational temperature: -10 to 50°C","Specification:<br>
<br>		Drivers: 57mm speaker X 2<br>
<br>		Transducer type: Dynamic<br>
<br>		Bluetooth version: V4.1<br>
<br>		Frequency range: 2.4GHz-2.48GHz<br>
<br>		Operating distance: up to 10m (free space)<br>
<br>		Bluetooth profiles: A2DPAVRCPHSPHFP<br>
<br>		Impedance: 16<br>
<br>		Frequency response: 20Hz-20kHz<br>
<br>		Sensitivity: 110dB<br>
<br>		Distortion:
<br>		Music playtime: up to 40 hours<br>
<br>		Talk time: up to 45 hours<br>
<br>		Standby time: up to 1625 hours<br>
<br>		Charging time: about 2 hours<br>
<br>		Operational temperature: -10 to 50°C
Compatible with #5705Mobile Phones
Type #5935Over Ear"
Electronics,Headphones & Headsets,TWS7,TWS7,Enable,"Dacom TWS7 True wireless Bluetooth Earbuds earphone for Apple iPhone 7,7 plus Headset Double Twins Earphones For Android",0,0,Dacom,1000,220,220,220,220,220,Specifications Brand Dacom Bluetooth Version 4.2 Transmission Range15m Music Playback Time Approx. 4h Battery 65mAh Li-polymer battery Charging Time1.5 hours Color White Product Weight 7g Product Size 53 x 28.8 x 18 mm Package Contents1 x Pair of Bluetooth Headset&nbsp;1 x Power Storage Box2 x Pair of Ear Tips1 x Manual,"Specifications Brand Dacom Bluetooth Version 4.2 Transmission Range15m Music Playback Time Approx. 4h Battery 65mAh Li-polymer battery Charging Time1.5 hours Color White Product Weight 7g Product Size 53 x 28.8 x 18 mm Package Contents1 x Pair of Bluetooth Headset&nbsp;1 x Power Storage Box2 x Pair of Ear Tips1 x Manual
Compatible with #5705All
Type #5935In Ear"
Electronics,Smart Watches,U 8,U8,Enable,U 8 Smart Watch for Android Mobiles,0,0,Other,1000,49,49,49,49,49,"<p>1. Sync your Mobile Phone Directory</p><p>2. Dial-up, answer and reject incoming calls </p><p>3. Display the caller's name and number of the incoming call
</p><p>4. Music control function (play / pause, play next or
previous song) </p><p>5. Vibrator alerts </p><p>6. Date and time / alarm clock / stop watch / display
messages </p><p>7. Reading new messages from SMS, WhatsApp, Facebook,
Hangout </p><p>8. Pedometer step counter, fat analysis, and altimeter
Runtastic PRO </p><p>9. OLED advanced display</p><p>10. Silicone strap </p><p>11. Equipped with a Bluetooth chip TI to enhance the
stability of the signal and energy consumption </p><p>12. Mobile anti-lost and anti-theft protection (vibrate when
the mobile is more than 10 meters from the smart watch) </p><p>























</p><p>13. Lithium rechargeable battery 190 mA.</p>","<p>1. Sync your Mobile Phone Directory</p><p>2. Dial-up, answer and reject incoming calls </p><p>3. Display the caller's name and number of the incoming call
</p><p>4. Music control function (play / pause, play next or
previous song) </p><p>5. Vibrator alerts </p><p>6. Date and time / alarm clock / stop watch / display
messages </p><p>7. Reading new messages from SMS, WhatsApp, Facebook,
Hangout </p><p>8. Pedometer step counter, fat analysis, and altimeter
Runtastic PRO </p><p>9. OLED advanced display</p><p>10. Silicone strap </p><p>11. Equipped with a Bluetooth chip TI to enhance the
stability of the signal and energy consumption </p><p>12. Mobile anti-lost and anti-theft protection (vibrate when
the mobile is more than 10 meters from the smart watch) </p><p>























</p><p>13. Lithium rechargeable battery 190 mA.</p>
Color: 
RAM Size: 
Operating System: 
SIM card support: 
With Camera: 
Band Material: 
Compatible Operating Systems : "
Electronics,Headphones & Headsets,U-2045I,U2045I,Enable,Zippers 1.2M Fancy Headset for Smartphones (U-2045i) - Black,0,0,Other,1000,25,25,25,25,25,"•
  Brand: others<br>
    • Color: Black<br>
    • 1.2M Long<br>
    • 3.5mm Jack<br>
    • Deep Power Pure Bass<br>
    • Zipper Series<br>
    • TPE stylish Cable Resist Tangles<br>
    • Compatible with: All Smartphones<br>","•
  Brand: others<br>
    • Color: Black<br>
    • 1.2M Long<br>
    • 3.5mm Jack<br>
    • Deep Power Pure Bass<br>
    • Zipper Series<br>
    • TPE stylish Cable Resist Tangles<br>
    • Compatible with: All Smartphones<br>
Compatible with: MP3 & MP4 Players
Type: In Ear"
Electronics,Smart Watches,U8 PLUS,U8PLUS,Enable,U8 Bluetooth Smart Wrist Watch - Red,0,0,Other,1000,49,49,49,49,49,"<br/><ul><li>Model: U8 PLUS</li><li>Screen: 1.44"" Capacitive Touch Screen 128*128 Resolution</li><li>Bluetooth Version: Bluetooth 4.0</li><li>CPU: MTK 2501, 108 MHz</li><li>RAM: 32MB</li></ul>","<br/><ul><li>Model: U8 PLUS</li><li>Screen: 1.44"" Capacitive Touch Screen 128*128 Resolution</li><li>Bluetooth Version: Bluetooth 4.0</li><li>CPU: MTK 2501, 108 MHz</li><li>RAM: 32MB</li></ul>
Color: Red
RAM Size: 
Operating System: Android
SIM card support: yes
With Camera: 
Band Material: Silicone
Compatible Operating Systems : Android"
Electronics,Smart Watches,U8 PLUS WHITE,U8PLUSWHITE,Enable,Best Smart Watch U8 Plus White Color,0,0,Other,1000,49,49,49,49,49,"The U8 Bluetooth Smart Wrist Watch lets you stay in step with the time and the world in a new age way. This smart wrist watch features a high resolution, 1.48inch, capacitive touch display that enables you to see what matters at a glance. A high quality, white, plastic strap augments the watch’s matching white, stainless steel case further. The U8 smartwatch pairs with tablets, smartphones, and PCs that operate on Android v2.3 or higher. It is also compatible with iOS operating systems via its Bluetooth v2.0. It enables handsfree calls and gives you instant and discreet access to your mobile’s phonebook, notifications, and more. Those who have paired their Android smart devices with this accessory will also get notifications when they receive messages on WeChat, Twitter, Facebook, Skype, WhatsApp, and other such apps. Android users can also click pictures remotely with this smartwatch. An onboard passometer accurately counts the number of steps you take throughout the day. The timepiece incorporates an altitude meter, stopwatch, and barometer for your convenience.","The U8 Bluetooth Smart Wrist Watch lets you stay in step with the time and the world in a new age way. This smart wrist watch features a high resolution, 1.48inch, capacitive touch display that enables you to see what matters at a glance. A high quality, white, plastic strap augments the watch’s matching white, stainless steel case further. The U8 smartwatch pairs with tablets, smartphones, and PCs that operate on Android v2.3 or higher. It is also compatible with iOS operating systems via its Bluetooth v2.0. It enables handsfree calls and gives you instant and discreet access to your mobile’s phonebook, notifications, and more. Those who have paired their Android smart devices with this accessory will also get notifications when they receive messages on WeChat, Twitter, Facebook, Skype, WhatsApp, and other such apps. Android users can also click pictures remotely with this smartwatch. An onboard passometer accurately counts the number of steps you take throughout the day. The timepiece incorporates an altitude meter, stopwatch, and barometer for your convenience.
Color: White
RAM Size: 2
Operating System: Android
SIM card support: Yes
With Camera: 
Band Material: Silicone
Compatible Operating Systems : Android"
Electronics,Smart Watches,U8-BLUE,U8BLUE,Enable,U8 Bluetooth Smart Wrist Watch - Blue,0,0,Other,1000,45,45,45,45,45,"Description<br><br>The U8 Bluetooth Smart Wrist Watch lets you stay in step with the time and the world in a new ageway. This smart wrist watch features a high resolution, 1.48inch, capacitive touch display that enables you to see what matters at a glance. A high quality, plastic strap augments the watch, The U8 smartwatch pairs with tablets, smartphones, and PCs that operate on Android v2.3 or higher. It is also compatible with iOS operating systems via its Bluetooth v2.0. It enables handsfree calls and gives you instant and discreet access to your mobile’s phonebook, notifications, and more. Those who have paired their Android smart devices with this accessory will also get notifications when they receive messages on WeChat, Twitter, Facebook, Skype,WhatsApp, and other such apps. Android users can also click pictures remotely with this smartwatch. An onboard passometer accurately counts the number of steps you take throughout the day. The timepiece incorporates an altitude meter, stopwatch, and barometer for your convenience.<br><br>Key Features<br>Bluetooth V3.0<br>Music Play Time: about 6 hours<br>Standby Time: about 160 hours<br>Talk Time: about 3 hours<br>230 mAh<br><br>Elegant, Durable Construction<br>This U8 watch is made using superior quality materials that look good and last long. Fine quality plastic is used in the making of its band, which holds a matching, stainless steel case and wraps comfortably around your wrists. Atop the case is the watch’s 1.48inch, capacitive touch display that produces incredible visuals and provides at a glance information.Multiple Functionality This U8 smartwatch provides a ringing reminder whenever you receive a call or when your phone is disconnected from this accessory. The accessory’s anti lost alarm function can be programmed to set off automatically whenever your phone is out of its 10m transmitting range. It even displays the caller ID of the person calling you.<br><br>Features:<br>1- 1.48"" Capacitive Touch Screen TFT LCD<br>2- Time / Date / Week / Battery state display<br>3- Ringing reminder when you receive a call<br>4- Ringing reminder once your mobile phone disconnected<br>5- Display the number or name of incoming calls<br>6- Answer or Dial calls from your wrist<br>7- Stopwatch function<br>8- Support hands-free calls, phone book<br>9- Play the music in your phone (after Bluetooth paring)<br>10- Sync SMS/call history (only for android phone)<br>11- Ring reminder when your Android 2.3 or above smart phone receive a message includin Wechat, Facebook, Twitter, WhatsApp, Skype, and so on (only for android phone)<br>12- Anti-lost alarm function: When cellphone left watch alarm automatically, after a certain distance to avoid lose the phones<br>13- Remote taking photo function: You can control your cellphone to take photo from your wrist (Only for android phone)<br>14- Altitude Meter, Passometer Photograph, Barometer, Vibration<br>","Description<br><br>The U8 Bluetooth Smart Wrist Watch lets you stay in step with the time and the world in a new ageway. This smart wrist watch features a high resolution, 1.48inch, capacitive touch display that enables you to see what matters at a glance. A high quality, plastic strap augments the watch, The U8 smartwatch pairs with tablets, smartphones, and PCs that operate on Android v2.3 or higher. It is also compatible with iOS operating systems via its Bluetooth v2.0. It enables handsfree calls and gives you instant and discreet access to your mobile’s phonebook, notifications, and more. Those who have paired their Android smart devices with this accessory will also get notifications when they receive messages on WeChat, Twitter, Facebook, Skype,WhatsApp, and other such apps. Android users can also click pictures remotely with this smartwatch. An onboard passometer accurately counts the number of steps you take throughout the day. The timepiece incorporates an altitude meter, stopwatch, and barometer for your convenience.<br><br>Key Features<br>Bluetooth V3.0<br>Music Play Time: about 6 hours<br>Standby Time: about 160 hours<br>Talk Time: about 3 hours<br>230 mAh<br><br>Elegant, Durable Construction<br>This U8 watch is made using superior quality materials that look good and last long. Fine quality plastic is used in the making of its band, which holds a matching, stainless steel case and wraps comfortably around your wrists. Atop the case is the watch’s 1.48inch, capacitive touch display that produces incredible visuals and provides at a glance information.Multiple Functionality This U8 smartwatch provides a ringing reminder whenever you receive a call or when your phone is disconnected from this accessory. The accessory’s anti lost alarm function can be programmed to set off automatically whenever your phone is out of its 10m transmitting range. It even displays the caller ID of the person calling you.<br><br>Features:<br>1- 1.48"" Capacitive Touch Screen TFT LCD<br>2- Time / Date / Week / Battery state display<br>3- Ringing reminder when you receive a call<br>4- Ringing reminder once your mobile phone disconnected<br>5- Display the number or name of incoming calls<br>6- Answer or Dial calls from your wrist<br>7- Stopwatch function<br>8- Support hands-free calls, phone book<br>9- Play the music in your phone (after Bluetooth paring)<br>10- Sync SMS/call history (only for android phone)<br>11- Ring reminder when your Android 2.3 or above smart phone receive a message includin Wechat, Facebook, Twitter, WhatsApp, Skype, and so on (only for android phone)<br>12- Anti-lost alarm function: When cellphone left watch alarm automatically, after a certain distance to avoid lose the phones<br>13- Remote taking photo function: You can control your cellphone to take photo from your wrist (Only for android phone)<br>14- Altitude Meter, Passometer Photograph, Barometer, Vibration<br>
Color: Blue
RAM Size: 
Operating System: Other
SIM card support: no
With Camera: 
Band Material: Silicone
Compatible Operating Systems : Android & iOS"
Electronics,Smart Watches,U8L,U8L,Enable,U8L U8 PLUS Smart Watch for iPhone Android Phone Black,0,0,U8,1000,49,49,49,49,49,"<div><font face=""Arial, Verdana""><span style=""font-size: 13.3333px;"">Work with iOS 5.0 above and Android 2.3 smartphone and tablets and PCs (Bluetooth V4.0 Or Above)</span></font></div><div><font face=""Arial, Verdana""><span style=""font-size: 13.3333px;"">1.48 Inch Capacitive Touch Screen TFT LCD</span></font></div><div><font face=""Arial, Verdana""><span style=""font-size: 13.3333px;"">Time Date &nbsp;Week &nbsp;Battery state display</span></font></div><div><font face=""Arial, Verdana""><span style=""font-size: 13.3333px;"">Clock Interface Customization</span></font></div><div><font face=""Arial, Verdana""><span style=""font-size: 13.3333px;"">Caller ID</span></font></div><div><font face=""Arial, Verdana""><span style=""font-size: 13.3333px;"">Dial Answer Reject Calls</span></font></div><div><font face=""Arial, Verdana""><span style=""font-size: 13.3333px;"">Sync SMS Call history</span></font></div><div><font face=""Arial, Verdana""><span style=""font-size: 13.3333px;"">Support for message&nbsp;</span></font></div><div><font face=""Arial, Verdana""><span style=""font-size: 13.3333px;"">Smartphone music control</span></font></div><div><font face=""Arial, Verdana""><span style=""font-size: 13.3333px;"">Smartphone camera control</span></font></div><div><font face=""Arial, Verdana""><span style=""font-size: 13.3333px;"">Anti lost&nbsp;</span></font></div><div><font face=""Arial, Verdana""><span style=""font-size: 13.3333px;"">Pedometer</span></font></div><div><font face=""Arial, Verdana""><span style=""font-size: 13.3333px;"">Alarm Clock</span></font></div><div><font face=""Arial, Verdana""><span style=""font-size: 13.3333px;"">Phone book</span></font></div><div><font face=""Arial, Verdana""><span style=""font-size: 13.3333px;"">Power save</span></font></div><div><font face=""Arial, Verdana""><span style=""font-size: 13.3333px;"">Stopwatch</span></font></div><div><font face=""Arial, Verdana""><span style=""font-size: 13.3333px;"">Vibration</span></font></div>","<div><font face=""Arial, Verdana""><span style=""font-size: 13.3333px;"">Work with iOS 5.0 above and Android 2.3 smartphone and tablets and PCs (Bluetooth V4.0 Or Above)</span></font></div><div><font face=""Arial, Verdana""><span style=""font-size: 13.3333px;"">1.48 Inch Capacitive Touch Screen TFT LCD</span></font></div><div><font face=""Arial, Verdana""><span style=""font-size: 13.3333px;"">Time Date &nbsp;Week &nbsp;Battery state display</span></font></div><div><font face=""Arial, Verdana""><span style=""font-size: 13.3333px;"">Clock Interface Customization</span></font></div><div><font face=""Arial, Verdana""><span style=""font-size: 13.3333px;"">Caller ID</span></font></div><div><font face=""Arial, Verdana""><span style=""font-size: 13.3333px;"">Dial Answer Reject Calls</span></font></div><div><font face=""Arial, Verdana""><span style=""font-size: 13.3333px;"">Sync SMS Call history</span></font></div><div><font face=""Arial, Verdana""><span style=""font-size: 13.3333px;"">Support for message&nbsp;</span></font></div><div><font face=""Arial, Verdana""><span style=""font-size: 13.3333px;"">Smartphone music control</span></font></div><div><font face=""Arial, Verdana""><span style=""font-size: 13.3333px;"">Smartphone camera control</span></font></div><div><font face=""Arial, Verdana""><span style=""font-size: 13.3333px;"">Anti lost&nbsp;</span></font></div><div><font face=""Arial, Verdana""><span style=""font-size: 13.3333px;"">Pedometer</span></font></div><div><font face=""Arial, Verdana""><span style=""font-size: 13.3333px;"">Alarm Clock</span></font></div><div><font face=""Arial, Verdana""><span style=""font-size: 13.3333px;"">Phone book</span></font></div><div><font face=""Arial, Verdana""><span style=""font-size: 13.3333px;"">Power save</span></font></div><div><font face=""Arial, Verdana""><span style=""font-size: 13.3333px;"">Stopwatch</span></font></div><div><font face=""Arial, Verdana""><span style=""font-size: 13.3333px;"">Vibration</span></font></div>
Color:Black
Operating System : Other
SIM card support: No
With Camera #4215
Band Material : Plastic
Compatible Operating Systems: Android & iOS"
Electronics,Smart Watches,U8-WHITE,U8WHITE,Enable,"Discovery Smart Watch Plastic Band For Android & iOS,White - U8-WHITE",0,0,Discovery,1000,49,49,49,49,49,"The U8 Bluetooth Smart Wrist Watch lets you stay in step with the time and the world in a new age way. This smart wrist watch features a high resolution, , capacitive touch display that enables you to see what matters at a glance.stainless steel case further. The U8 smartwatch pairs with tablets, smartphones, and PCs that operate on Android v2.3 or higher. It is also compatible with iOS operating systems via its Bluetooth v2.0. It enables handsfree calls and gives you instant and discreet access to your mobile’s phonebook, notifications, and more. Those who have paired their Android smart devices with this accessory will also get notifications when they receive messages on WeChat, Twitter, Facebook, Skype, WhatsApp, and other such apps. Android users can also click pictures remotely with this smartwatch. An onboard passometer accurately counts the number of steps you take throughout the day. The timepiece incorporates an altitude meter, stopwatch, and barometer for your convenience.
Product Features :
Charging Time: about 1 hour
Music Play Time: about 6 hours
Power Supply: Built-in 230mAh rechargeable battery
Capacitive Touch Screen TFT LCD
Ringing reminder when you receive a call
Ringing reminder once your mobile phone disconnected
Display the number or name of incoming calls
Answer or Dial calls from your wrist
Stopwatch function
Support hands-free calls, phone book
Play the music in your phone (after Bluetooth paring U8 smart watch can used as a pedometer, count walk or running steps, record distance.","The U8 Bluetooth Smart Wrist Watch lets you stay in step with the time and the world in a new age way. This smart wrist watch features a high resolution, , capacitive touch display that enables you to see what matters at a glance.stainless steel case further. The U8 smartwatch pairs with tablets, smartphones, and PCs that operate on Android v2.3 or higher. It is also compatible with iOS operating systems via its Bluetooth v2.0. It enables handsfree calls and gives you instant and discreet access to your mobile’s phonebook, notifications, and more. Those who have paired their Android smart devices with this accessory will also get notifications when they receive messages on WeChat, Twitter, Facebook, Skype, WhatsApp, and other such apps. Android users can also click pictures remotely with this smartwatch. An onboard passometer accurately counts the number of steps you take throughout the day. The timepiece incorporates an altitude meter, stopwatch, and barometer for your convenience.
Product Features :
Charging Time: about 1 hour
Music Play Time: about 6 hours
Power Supply: Built-in 230mAh rechargeable battery
Capacitive Touch Screen TFT LCD
Ringing reminder when you receive a call
Ringing reminder once your mobile phone disconnected
Display the number or name of incoming calls
Answer or Dial calls from your wrist
Stopwatch function
Support hands-free calls, phone book
Play the music in your phone (after Bluetooth paring U8 smart watch can used as a pedometer, count walk or running steps, record distance.
Color: White
RAM Size: 64
Operating System: Android
SIM card support: No
With Camera: 
Band Material: Plastic
Compatible Operating Systems : Android & iOS"
Electronics,Headphones & Headsets,UB,UB,Enable,Bludio UFO Bluetooth Headset 3D Sound color Black,0,0,Bludio,1000,499,499,499,499,499,<br/><ul><li>HIFI 3D Sound Effects</li><li>28 hours listening and 1300 hours standby</li><li>full accessories and luxury hand bag</li><li>product guaranteed</li><li>very light and flexible band</li></ul>,"<br/><ul><li>HIFI 3D Sound Effects</li><li>28 hours listening and 1300 hours standby</li><li>full accessories and luxury hand bag</li><li>product guaranteed</li><li>very light and flexible band</li></ul>
Color:Black
Model Number: UB
Connectivity:Wireless
Compatible with: All Audio Devices
Type: Over Ear"
Electronics,Headphones & Headsets,UFO PLUS,UFOPLUS,Enable,"Bluedio Extra Bass Wireless Bluetooth Headset , PPS12 Drivers , Black , UFO Plus",0,0,Bluedio,1000,799,799,799,799,799,"<p>Features and Specifications:</p>
<p><br />&bull; PPS12 technology, the combination of three drivers especially for trembles and another three drivers for mids and bass, makes sure that you will enjoy all range of frequency to the fullest extent. You can expect crisp, vivid highs from this headphone.<br />&bull; Cavity Design gives isolation from some ambient sounds, enhances the bass response and pushes the airflow of both front and back cavity to achieve resonance. The cavities, along with specially designed vents, which adjust the ventilation, contribute to a full-bodied, vibrant and bouncy bass reproduction.<br />&bull; To protect your ears, Bluedio U Plus adopts over-ear earmuffs and stereo clipping craft. It not only brings you natural and comfortable wearing, but also reduce leaking voice.<br />&bull; The ear cups is designed to be rotated backward for 180 degrees, mainly considering the special requirements of DJ.It also works when you want to stay aware about what`s happening around you.<br />&bull; Built with premium materials, Al-Ti alloy. It owns sturdy, lightweight alloyed frames, yokes and sliders.<br />&bull; Bluetooth version: 4.1<br />&bull; Bluetooth operating range: up to 10 meters<br />&bull; Bluetooth music/talk time: about 25 hours<br />&bull; Standby time: about 1000 hours <br />&bull; Charging time: about 2.5 hours<br />&bull; Headphones weight: 397g</p>","<p>Features and Specifications:</p>
<p><br />&bull; PPS12 technology, the combination of three drivers especially for trembles and another three drivers for mids and bass, makes sure that you will enjoy all range of frequency to the fullest extent. You can expect crisp, vivid highs from this headphone.<br />&bull; Cavity Design gives isolation from some ambient sounds, enhances the bass response and pushes the airflow of both front and back cavity to achieve resonance. The cavities, along with specially designed vents, which adjust the ventilation, contribute to a full-bodied, vibrant and bouncy bass reproduction.<br />&bull; To protect your ears, Bluedio U Plus adopts over-ear earmuffs and stereo clipping craft. It not only brings you natural and comfortable wearing, but also reduce leaking voice.<br />&bull; The ear cups is designed to be rotated backward for 180 degrees, mainly considering the special requirements of DJ.It also works when you want to stay aware about what`s happening around you.<br />&bull; Built with premium materials, Al-Ti alloy. It owns sturdy, lightweight alloyed frames, yokes and sliders.<br />&bull; Bluetooth version: 4.1<br />&bull; Bluetooth operating range: up to 10 meters<br />&bull; Bluetooth music/talk time: about 25 hours<br />&bull; Standby time: about 1000 hours <br />&bull; Charging time: about 2.5 hours<br />&bull; Headphones weight: 397g</p>
Color:Black
Model Number: UFO Plus
Connectivity:Wireless
Compatible with: All
Type: Over Ear"
Electronics,Smart Watches,UMB-GENIUS-PURPLE,UMBGENIUSPURPLE,Enable,Genius Purple Unisex Digital LED Dial Silicone Band Watch - UMB-GENIUS-PURPLE,0,0,Bluedio,1000,16,16,16,16,16,"Genius Purple Unisex Digital LED Dial Silicone Band Watch - UMB-GENIUS-PURPLE
Type:Smart Watch","Genius Purple Unisex Digital LED Dial Silicone Band Watch - UMB-GENIUS-PURPLE
Type:Smart Watch"
Electronics,Headphones & Headsets,URB,URB,Enable,Bludio UFO Bluetooth Headset 3D Sound color Red with Black,0,0,Bluedio,1000,499,499,499,499,499,"<span class=""Apple-tab-span"" style=""white-space:pre"">		</span><br/><ul><li>HIFI 3D Sound Effects</li><li>28 hours listening and 1300 hours standby</li><li>full accessories and luxury hand bag</li><li>product guaranteed</li><li>very light and flexible band</li></ul>","<span class=""Apple-tab-span"" style=""white-space:pre"">		</span><br/><ul><li>HIFI 3D Sound Effects</li><li>28 hours listening and 1300 hours standby</li><li>full accessories and luxury hand bag</li><li>product guaranteed</li><li>very light and flexible band</li></ul>
Color:Red
Model Number: URB
Connectivity:Wireless
Compatible with: All Audio Devices
Type: On Ear"
Electronics,Headphones & Headsets,VF009,VF009,Enable,Bluetooth Stereo Headphone Neckband for Smartphones - Black,0,0,Other,1000,50,50,50,50,50,"<span style=""color: rgb(102, 102, 102); font-family: arial; font-size: small; line-height: 19.5px; background-color: rgb(255, 255, 255);"">Adopts unique ring-necked design</span><br style=""color: rgb(102, 102, 102); font-family: arial; font-size: small; line-height: 19.5px; background-color: rgb(255, 255, 255);""><span style=""color: rgb(102, 102, 102); font-family: arial; font-size: small; line-height: 19.5px; background-color: rgb(255, 255, 255);"">Virbrates to remind you not to miss any incoming calls</span><br style=""color: rgb(102, 102, 102); font-family: arial; font-size: small; line-height: 19.5px; background-color: rgb(255, 255, 255);""><span style=""color: rgb(102, 102, 102); font-family: arial; font-size: small; line-height: 19.5px; background-color: rgb(255, 255, 255);"">Flexible meck strap with memory function</span><br style=""color: rgb(102, 102, 102); font-family: arial; font-size: small; line-height: 19.5px; background-color: rgb(255, 255, 255);""><span style=""color: rgb(102, 102, 102); font-family: arial; font-size: small; line-height: 19.5px; background-color: rgb(255, 255, 255);"">High-fidelity stereo sound effect</span><br style=""color: rgb(102, 102, 102); font-family: arial; font-size: small; line-height: 19.5px; background-color: rgb(255, 255, 255);""><span style=""color: rgb(102, 102, 102); font-family: arial; font-size: small; line-height: 19.5px; background-color: rgb(255, 255, 255);"">Simultaneously connect multiple device to easily switch calls&nbsp;</span><br style=""color: rgb(102, 102, 102); font-family: arial; font-size: small; line-height: 19.5px; background-color: rgb(255, 255, 255);""><span style=""color: rgb(102, 102, 102); font-family: arial; font-size: small; line-height: 19.5px; background-color: rgb(255, 255, 255);"">Intelligent noise reduction, clear calls, eliminate echo</span><br style=""color: rgb(102, 102, 102); font-family: arial; font-size: small; line-height: 19.5px; background-color: rgb(255, 255, 255);""><span style=""color: rgb(102, 102, 102); font-family: arial; font-size: small; line-height: 19.5px; background-color: rgb(255, 255, 255);"">Long standby and long call (6 hours)</span><br style=""color: rgb(102, 102, 102); font-family: arial; font-size: small; line-height: 19.5px; background-color: rgb(255, 255, 255);""><span style=""color: rgb(102, 102, 102); font-family: arial; font-size: small; line-height: 19.5px; background-color: rgb(255, 255, 255);"">Compatible with standard Bluetooth-enabled mobile phone, media device</span>","<span style=""color: rgb(102, 102, 102); font-family: arial; font-size: small; line-height: 19.5px; background-color: rgb(255, 255, 255);"">Adopts unique ring-necked design</span><br style=""color: rgb(102, 102, 102); font-family: arial; font-size: small; line-height: 19.5px; background-color: rgb(255, 255, 255);""><span style=""color: rgb(102, 102, 102); font-family: arial; font-size: small; line-height: 19.5px; background-color: rgb(255, 255, 255);"">Virbrates to remind you not to miss any incoming calls</span><br style=""color: rgb(102, 102, 102); font-family: arial; font-size: small; line-height: 19.5px; background-color: rgb(255, 255, 255);""><span style=""color: rgb(102, 102, 102); font-family: arial; font-size: small; line-height: 19.5px; background-color: rgb(255, 255, 255);"">Flexible meck strap with memory function</span><br style=""color: rgb(102, 102, 102); font-family: arial; font-size: small; line-height: 19.5px; background-color: rgb(255, 255, 255);""><span style=""color: rgb(102, 102, 102); font-family: arial; font-size: small; line-height: 19.5px; background-color: rgb(255, 255, 255);"">High-fidelity stereo sound effect</span><br style=""color: rgb(102, 102, 102); font-family: arial; font-size: small; line-height: 19.5px; background-color: rgb(255, 255, 255);""><span style=""color: rgb(102, 102, 102); font-family: arial; font-size: small; line-height: 19.5px; background-color: rgb(255, 255, 255);"">Simultaneously connect multiple device to easily switch calls&nbsp;</span><br style=""color: rgb(102, 102, 102); font-family: arial; font-size: small; line-height: 19.5px; background-color: rgb(255, 255, 255);""><span style=""color: rgb(102, 102, 102); font-family: arial; font-size: small; line-height: 19.5px; background-color: rgb(255, 255, 255);"">Intelligent noise reduction, clear calls, eliminate echo</span><br style=""color: rgb(102, 102, 102); font-family: arial; font-size: small; line-height: 19.5px; background-color: rgb(255, 255, 255);""><span style=""color: rgb(102, 102, 102); font-family: arial; font-size: small; line-height: 19.5px; background-color: rgb(255, 255, 255);"">Long standby and long call (6 hours)</span><br style=""color: rgb(102, 102, 102); font-family: arial; font-size: small; line-height: 19.5px; background-color: rgb(255, 255, 255);""><span style=""color: rgb(102, 102, 102); font-family: arial; font-size: small; line-height: 19.5px; background-color: rgb(255, 255, 255);"">Compatible with standard Bluetooth-enabled mobile phone, media device</span>
Compatible with #5705Mobile Phones
Type #5935In Ear"
Electronics,Headphones & Headsets,VPB,VPB,Enable,"Bluedio Vinyl Plus Luxury Elegant Classic Wireless Bluetooth Headphones , Black , VPB",0,0,Bluedio,1000,780,780,780,780,780,"<p>Vinyl plus, whose design inspiration comes from the classic and retro vinyl record, is another classic headphones created by Bluedio team. The flexible and streamline appearance design is just like the vinyl CD. It adopts the ultra-big 70mm driver to produce the most natural and original sound and won't let you miss any sound detail. Unique and distinctive, vinyl plus aims to build the highest listening standard and bring you a wonderful experience with high quality sound.</p>
<p><br />Product Features:</p>
<p>&bull; Round ear cups and twisted headphone arms, which resembles needle of an old record player, give the headphone an unique, blingbling , classic and elegant looking<br />&bull; With ultra-big 70mm drivers, the headphone is capable of producing more details.<br />&bull; Has tight bass, warm smooth midrange and high frequencies <br />&bull; The 3D mode works as an amplifier to enhance the sound effects, especially for the bass.<br />&bull; Activating 3D sound will reproduce a richer sound with depth and thickness<br />&bull; Artificial leather earmuffs padded with memory foam which is rich in protein. It is very soft and ventilated. Not only protect your ears, but also guarantees comfortable wearing. Screen printing process to make it look textured; slide shaft with accurate degree (up to 32mm) to satisfy different head forms and to reduce leaking voice</p>
<p>&nbsp;</p>
<p>Product Specifications:</p>
<p>&bull; Bluetooth version: 4.1<br />&bull; Bluetooth profiles: A2DP, AVRCP, HSP, HFP <br />&bull; Bluetooth transmission frequency: 2.4GHz to 2.48GHz <br />&bull; Bluetooth operating range: up to 33 feet (free space) <br />&bull; Frequency response: 15hz-25,000Hz <br />&bull; Bluetooth music/talk time: about 20 hours <br />&bull; Standby time: up to 1100 hours <br />&bull; Charging time: 2 hours for full charge</p>","<p>Vinyl plus, whose design inspiration comes from the classic and retro vinyl record, is another classic headphones created by Bluedio team. The flexible and streamline appearance design is just like the vinyl CD. It adopts the ultra-big 70mm driver to produce the most natural and original sound and won't let you miss any sound detail. Unique and distinctive, vinyl plus aims to build the highest listening standard and bring you a wonderful experience with high quality sound.</p>
<p><br />Product Features:</p>
<p>&bull; Round ear cups and twisted headphone arms, which resembles needle of an old record player, give the headphone an unique, blingbling , classic and elegant looking<br />&bull; With ultra-big 70mm drivers, the headphone is capable of producing more details.<br />&bull; Has tight bass, warm smooth midrange and high frequencies <br />&bull; The 3D mode works as an amplifier to enhance the sound effects, especially for the bass.<br />&bull; Activating 3D sound will reproduce a richer sound with depth and thickness<br />&bull; Artificial leather earmuffs padded with memory foam which is rich in protein. It is very soft and ventilated. Not only protect your ears, but also guarantees comfortable wearing. Screen printing process to make it look textured; slide shaft with accurate degree (up to 32mm) to satisfy different head forms and to reduce leaking voice</p>
<p>&nbsp;</p>
<p>Product Specifications:</p>
<p>&bull; Bluetooth version: 4.1<br />&bull; Bluetooth profiles: A2DP, AVRCP, HSP, HFP <br />&bull; Bluetooth transmission frequency: 2.4GHz to 2.48GHz <br />&bull; Bluetooth operating range: up to 33 feet (free space) <br />&bull; Frequency response: 15hz-25,000Hz <br />&bull; Bluetooth music/talk time: about 20 hours <br />&bull; Standby time: up to 1100 hours <br />&bull; Charging time: 2 hours for full charge</p>
Compatible with #5705All
Type: Over Ear"
Electronics,Headphones & Headsets,VR Z4 3D VR,VRZ43DVR,Enable,BOBO VR Z4 3D VR Glass Box Headset with Headphone,0,0,Bluedio,1000,299,299,299,299,299,"BOBO VR Z4 3D VR Glass Box Headset with Headphone
Type:Headset","BOBO VR Z4 3D VR Glass Box Headset with Headphone
Type:Headset"
Electronics,Smart Watches,VS33-K88H,VS33K88H,Enable,"Other Smart Watch Leather Band For Android & iOS,Black - VS33/K88H",0,0,Other,1000,289,289,289,289,289,"<p class=""MsoNormal""><b><span style=""font-size:12.0pt;line-height:115%;<br>mso-ascii-font-family:Calibri;mso-fareast-font-family:SimSun;mso-hansi-font-family:<br>Calibri;mso-bidi-font-family:Calibri"">Smart Watch VS33/K88H<o:p></o:p></span></b></p><br><br><p class=""MsoNormal""><b><span style=""font-size:12.0pt;line-height:115%;<br>mso-ascii-font-family:Calibri;mso-fareast-font-family:SimSun;mso-hansi-font-family:<br>Calibri;mso-bidi-font-family:Calibri"">MODLE NO. : </span></b><b><span style=""mso-ascii-font-family:Calibri;mso-fareast-font-family:SimSun;mso-hansi-font-family:<br>Calibri;mso-bidi-font-family:Calibri;color:red"">VS33/K88H<o:p></o:p></span></b></p><br><br><p class=""MsoNormal""><b><span style=""font-size:12.0pt;line-height:115%;<br>mso-ascii-font-family:Calibri;mso-fareast-font-family:SimSun;mso-hansi-font-family:<br>Calibri;mso-bidi-font-family:Calibri"">CPU : </span></b><b><span style=""font-size:13.0pt;line-height:115%;mso-ascii-font-family:Calibri;<br>mso-fareast-font-family:SimSun;mso-hansi-font-family:Calibri;mso-bidi-font-family:<br>Calibri;color:#333333"">MTK2502C<o:p></o:p></span></b></p><br><br><p class=""MsoNormal""><b><span style=""font-size:12.0pt;line-height:115%;<br>mso-ascii-font-family:Calibri;mso-fareast-font-family:SimSun;mso-hansi-font-family:<br>Calibri;mso-bidi-font-family:Calibri"">SIZE : </span></b><span style=""font-size:<br>13.0pt;line-height:115%;mso-ascii-font-family:Calibri;mso-fareast-font-family:<br>SimSun;mso-hansi-font-family:Calibri;mso-bidi-font-family:Calibri;color:#333333"">1.33"" 240*240 px<o:p></o:p></span></p><br><br><p class=""MsoNormal""><b><span style=""font-size:12.0pt;line-height:115%;<br>mso-ascii-font-family:Calibri;mso-fareast-font-family:SimSun;mso-hansi-font-family:<br>Calibri;mso-bidi-font-family:Calibri"">TOUCH : </span></b><span style=""font-size:13.0pt;line-height:115%;mso-ascii-font-family:Calibri;<br>mso-fareast-font-family:SimSun;mso-hansi-font-family:Calibri;mso-bidi-font-family:<br>Calibri;color:#333333"">OGS<o:p></o:p></span></p><br><br><p class=""MsoNormal""><b><span style=""font-size:12.0pt;line-height:115%;<br>mso-ascii-font-family:Calibri;mso-fareast-font-family:SimSun;mso-hansi-font-family:<br>Calibri;mso-bidi-font-family:Calibri"">RAM : </span></b><span style=""font-size:<br>13.0pt;line-height:115%;mso-ascii-font-family:Calibri;mso-fareast-font-family:<br>SimSun;mso-hansi-font-family:Calibri;mso-bidi-font-family:Calibri;color:#333333"">64MB</span></p><br><br><p class=""MsoNormal""><b><span style=""font-size:12.0pt;line-height:115%;<br>mso-ascii-font-family:Calibri;mso-fareast-font-family:SimSun;mso-hansi-font-family:<br>Calibri;mso-bidi-font-family:Calibri"">ROM : </span></b><span style=""font-size:<br>13.0pt;line-height:115%;mso-ascii-font-family:Calibri;mso-fareast-font-family:<br>SimSun;mso-hansi-font-family:Calibri;mso-bidi-font-family:Calibri;color:#333333"">128MB<o:p></o:p></span></p><br><br><p class=""MsoNormal""><b><span style=""font-size:12.0pt;line-height:115%;<br>mso-ascii-font-family:Calibri;mso-fareast-font-family:SimSun;mso-hansi-font-family:<br>Calibri;mso-bidi-font-family:Calibri"">BLUETOOTH : </span></b><b><span style=""font-size:13.0pt;line-height:115%;mso-ascii-font-family:Calibri;<br>mso-fareast-font-family:SimSun;mso-hansi-font-family:Calibri;mso-bidi-font-family:<br>Calibri;color:#333333"">4.0<o:p></o:p></span></b></p><br><br><p class=""MsoNormal""><b><span style=""font-size:13.0pt;line-height:115%;<br>mso-ascii-font-family:Calibri;mso-fareast-font-family:SimSun;mso-hansi-font-family:<br>Calibri;mso-bidi-font-family:Calibri;color:#333333"">2G: </span></b><span style=""font-size:13.0pt;line-height:115%;mso-ascii-font-family:Calibri;<br>mso-fareast-font-family:SimSun;mso-hansi-font-family:Calibri;mso-bidi-font-family:<br>Calibri;color:#333333"">No GSM<o:p></o:p></span></p><br><br><p class=""MsoNormal""><b><span style=""font-size:12.0pt;line-height:115%;<br>mso-ascii-font-family:Calibri;mso-fareast-font-family:SimSun;mso-hansi-font-family:<br>Calibri;mso-bidi-font-family:Calibri"">3G : </span></b><span style=""font-size:<br>13.0pt;line-height:115%;mso-ascii-font-family:Calibri;mso-fareast-font-family:<br>SimSun;mso-hansi-font-family:Calibri;mso-bidi-font-family:Calibri;color:#333333"">No 3G<o:p></o:p></span></p><br><br><p class=""MsoNormal""><b><span style=""font-size:12.0pt;line-height:115%;<br>mso-ascii-font-family:Calibri;mso-fareast-font-family:SimSun;mso-hansi-font-family:<br>Calibri;mso-bidi-font-family:Calibri"">CAMERA : </span></b><span style=""font-size:13.0pt;line-height:115%;mso-ascii-font-family:Calibri;<br>mso-fareast-font-family:SimSun;mso-hansi-font-family:Calibri;mso-bidi-font-family:<br>Calibri;color:#333333"">no camera<o:p></o:p></span></p><br><br><p class=""MsoNormal""><b><span style=""font-size:12.0pt;line-height:115%;<br>mso-ascii-font-family:Calibri;mso-fareast-font-family:SimSun;mso-hansi-font-family:<br>Calibri;mso-bidi-font-family:Calibri"">HEART RATE : </span></b><span style=""font-size:13.0pt;line-height:115%;mso-ascii-font-family:Calibri;<br>mso-fareast-font-family:SimSun;mso-hansi-font-family:Calibri;mso-bidi-font-family:<br>Calibri;color:#333333"">Heart Rate<o:p></o:p></span></p><br><br><p class=""MsoNormal""><b><span style=""font-size:12.0pt;line-height:115%;<br>mso-ascii-font-family:Calibri;mso-fareast-font-family:SimSun;mso-hansi-font-family:<br>Calibri;mso-bidi-font-family:Calibri"">G-sensor : </span></b><span style=""font-size:13.0pt;line-height:115%;mso-ascii-font-family:Calibri;<br>mso-fareast-font-family:SimSun;mso-hansi-font-family:Calibri;mso-bidi-font-family:<br>Calibri;color:#333333"">support<o:p></o:p></span></p><br><br><p class=""MsoNormal""><b><span style=""font-size:12.0pt;line-height:115%;<br>mso-ascii-font-family:Calibri;mso-fareast-font-family:SimSun;mso-hansi-font-family:<br>Calibri;mso-bidi-font-family:Calibri"">TF CARD : </span></b><span style=""font-size:13.0pt;line-height:115%;mso-ascii-font-family:Calibri;<br>mso-fareast-font-family:SimSun;mso-hansi-font-family:Calibri;mso-bidi-font-family:<br>Calibri;color:#333333"">up to 32GB<o:p></o:p></span></p><br><br><p class=""MsoNormal""><b><span style=""font-size:12.0pt;line-height:115%;<br>mso-ascii-font-family:Calibri;mso-fareast-font-family:SimSun;mso-hansi-font-family:<br>Calibri;mso-bidi-font-family:Calibri"">Waterproof : </span></b><span style=""font-size:13.0pt;line-height:115%;mso-ascii-font-family:Calibri;<br>mso-fareast-font-family:SimSun;mso-hansi-font-family:Calibri;mso-bidi-font-family:<br>Calibri"">IP65<o:p></o:p></span></p><br><br><p class=""MsoNormal""><b><span style=""font-size:12.0pt;line-height:115%;<br>mso-ascii-font-family:Calibri;mso-fareast-font-family:SimSun;mso-hansi-font-family:<br>Calibri;mso-bidi-font-family:Calibri"">BATTERY : </span></b><span style=""font-size:13.0pt;line-height:115%;mso-ascii-font-family:Calibri;<br>mso-fareast-font-family:SimSun;mso-hansi-font-family:Calibri;mso-bidi-font-family:<br>Calibri;color:#333333"">300 mAh<o:p></o:p></span></p><br><br><p class=""MsoNormal""><b><span style=""font-size:12.0pt;line-height:115%;<br>mso-ascii-font-family:Calibri;mso-fareast-font-family:SimSun;mso-hansi-font-family:<br>Calibri;mso-bidi-font-family:Calibri"">FOR ANDROID : </span></b><span style=""font-size:13.0pt;line-height:115%;mso-ascii-font-family:Calibri;<br>mso-fareast-font-family:SimSun;mso-hansi-font-family:Calibri;mso-bidi-font-family:<br>Calibri;color:#333333"">support<o:p></o:p></span></p><br><br><p class=""MsoNormal""><b><span style=""font-size:12.0pt;line-height:115%;<br>mso-ascii-font-family:Calibri;mso-fareast-font-family:SimSun;mso-hansi-font-family:<br>Calibri;mso-bidi-font-family:Calibri"">FOR iOS : </span></b><span style=""font-size:13.0pt;line-height:115%;mso-ascii-font-family:Calibri;<br>mso-fareast-font-family:SimSun;mso-hansi-font-family:Calibri;mso-bidi-font-family:<br>Calibri;color:#333333"">support<o:p></o:p></span></p><br><br><p class=""MsoNormal""><b><span style=""font-size:12.0pt;line-height:115%;<br>mso-ascii-font-family:Calibri;mso-fareast-font-family:SimSun;mso-hansi-font-family:<br>Calibri;mso-bidi-font-family:Calibri"">Function : </span></b><b>Bluetooth&nbsp;Dialer,&nbsp;Call&nbsp;Reminder,&nbsp;waterproof,&nbsp;Pedometer,&nbsp;Sleep&nbsp;Monitor,&nbsp;Sedentary&nbsp;Reminder,&nbsp;Calendar, anti-lost,&nbsp;,Remote capture ,heartrate,<o:p></o:p></b></p>","<p class=""MsoNormal""><b><span style=""font-size:12.0pt;line-height:115%;<br>mso-ascii-font-family:Calibri;mso-fareast-font-family:SimSun;mso-hansi-font-family:<br>Calibri;mso-bidi-font-family:Calibri"">Smart Watch VS33/K88H<o:p></o:p></span></b></p><br><br><p class=""MsoNormal""><b><span style=""font-size:12.0pt;line-height:115%;<br>mso-ascii-font-family:Calibri;mso-fareast-font-family:SimSun;mso-hansi-font-family:<br>Calibri;mso-bidi-font-family:Calibri"">MODLE NO. : </span></b><b><span style=""mso-ascii-font-family:Calibri;mso-fareast-font-family:SimSun;mso-hansi-font-family:<br>Calibri;mso-bidi-font-family:Calibri;color:red"">VS33/K88H<o:p></o:p></span></b></p><br><br><p class=""MsoNormal""><b><span style=""font-size:12.0pt;line-height:115%;<br>mso-ascii-font-family:Calibri;mso-fareast-font-family:SimSun;mso-hansi-font-family:<br>Calibri;mso-bidi-font-family:Calibri"">CPU : </span></b><b><span style=""font-size:13.0pt;line-height:115%;mso-ascii-font-family:Calibri;<br>mso-fareast-font-family:SimSun;mso-hansi-font-family:Calibri;mso-bidi-font-family:<br>Calibri;color:#333333"">MTK2502C<o:p></o:p></span></b></p><br><br><p class=""MsoNormal""><b><span style=""font-size:12.0pt;line-height:115%;<br>mso-ascii-font-family:Calibri;mso-fareast-font-family:SimSun;mso-hansi-font-family:<br>Calibri;mso-bidi-font-family:Calibri"">SIZE : </span></b><span style=""font-size:<br>13.0pt;line-height:115%;mso-ascii-font-family:Calibri;mso-fareast-font-family:<br>SimSun;mso-hansi-font-family:Calibri;mso-bidi-font-family:Calibri;color:#333333"">1.33"" 240*240 px<o:p></o:p></span></p><br><br><p class=""MsoNormal""><b><span style=""font-size:12.0pt;line-height:115%;<br>mso-ascii-font-family:Calibri;mso-fareast-font-family:SimSun;mso-hansi-font-family:<br>Calibri;mso-bidi-font-family:Calibri"">TOUCH : </span></b><span style=""font-size:13.0pt;line-height:115%;mso-ascii-font-family:Calibri;<br>mso-fareast-font-family:SimSun;mso-hansi-font-family:Calibri;mso-bidi-font-family:<br>Calibri;color:#333333"">OGS<o:p></o:p></span></p><br><br><p class=""MsoNormal""><b><span style=""font-size:12.0pt;line-height:115%;<br>mso-ascii-font-family:Calibri;mso-fareast-font-family:SimSun;mso-hansi-font-family:<br>Calibri;mso-bidi-font-family:Calibri"">RAM : </span></b><span style=""font-size:<br>13.0pt;line-height:115%;mso-ascii-font-family:Calibri;mso-fareast-font-family:<br>SimSun;mso-hansi-font-family:Calibri;mso-bidi-font-family:Calibri;color:#333333"">64MB</span></p><br><br><p class=""MsoNormal""><b><span style=""font-size:12.0pt;line-height:115%;<br>mso-ascii-font-family:Calibri;mso-fareast-font-family:SimSun;mso-hansi-font-family:<br>Calibri;mso-bidi-font-family:Calibri"">ROM : </span></b><span style=""font-size:<br>13.0pt;line-height:115%;mso-ascii-font-family:Calibri;mso-fareast-font-family:<br>SimSun;mso-hansi-font-family:Calibri;mso-bidi-font-family:Calibri;color:#333333"">128MB<o:p></o:p></span></p><br><br><p class=""MsoNormal""><b><span style=""font-size:12.0pt;line-height:115%;<br>mso-ascii-font-family:Calibri;mso-fareast-font-family:SimSun;mso-hansi-font-family:<br>Calibri;mso-bidi-font-family:Calibri"">BLUETOOTH : </span></b><b><span style=""font-size:13.0pt;line-height:115%;mso-ascii-font-family:Calibri;<br>mso-fareast-font-family:SimSun;mso-hansi-font-family:Calibri;mso-bidi-font-family:<br>Calibri;color:#333333"">4.0<o:p></o:p></span></b></p><br><br><p class=""MsoNormal""><b><span style=""font-size:13.0pt;line-height:115%;<br>mso-ascii-font-family:Calibri;mso-fareast-font-family:SimSun;mso-hansi-font-family:<br>Calibri;mso-bidi-font-family:Calibri;color:#333333"">2G: </span></b><span style=""font-size:13.0pt;line-height:115%;mso-ascii-font-family:Calibri;<br>mso-fareast-font-family:SimSun;mso-hansi-font-family:Calibri;mso-bidi-font-family:<br>Calibri;color:#333333"">No GSM<o:p></o:p></span></p><br><br><p class=""MsoNormal""><b><span style=""font-size:12.0pt;line-height:115%;<br>mso-ascii-font-family:Calibri;mso-fareast-font-family:SimSun;mso-hansi-font-family:<br>Calibri;mso-bidi-font-family:Calibri"">3G : </span></b><span style=""font-size:<br>13.0pt;line-height:115%;mso-ascii-font-family:Calibri;mso-fareast-font-family:<br>SimSun;mso-hansi-font-family:Calibri;mso-bidi-font-family:Calibri;color:#333333"">No 3G<o:p></o:p></span></p><br><br><p class=""MsoNormal""><b><span style=""font-size:12.0pt;line-height:115%;<br>mso-ascii-font-family:Calibri;mso-fareast-font-family:SimSun;mso-hansi-font-family:<br>Calibri;mso-bidi-font-family:Calibri"">CAMERA : </span></b><span style=""font-size:13.0pt;line-height:115%;mso-ascii-font-family:Calibri;<br>mso-fareast-font-family:SimSun;mso-hansi-font-family:Calibri;mso-bidi-font-family:<br>Calibri;color:#333333"">no camera<o:p></o:p></span></p><br><br><p class=""MsoNormal""><b><span style=""font-size:12.0pt;line-height:115%;<br>mso-ascii-font-family:Calibri;mso-fareast-font-family:SimSun;mso-hansi-font-family:<br>Calibri;mso-bidi-font-family:Calibri"">HEART RATE : </span></b><span style=""font-size:13.0pt;line-height:115%;mso-ascii-font-family:Calibri;<br>mso-fareast-font-family:SimSun;mso-hansi-font-family:Calibri;mso-bidi-font-family:<br>Calibri;color:#333333"">Heart Rate<o:p></o:p></span></p><br><br><p class=""MsoNormal""><b><span style=""font-size:12.0pt;line-height:115%;<br>mso-ascii-font-family:Calibri;mso-fareast-font-family:SimSun;mso-hansi-font-family:<br>Calibri;mso-bidi-font-family:Calibri"">G-sensor : </span></b><span style=""font-size:13.0pt;line-height:115%;mso-ascii-font-family:Calibri;<br>mso-fareast-font-family:SimSun;mso-hansi-font-family:Calibri;mso-bidi-font-family:<br>Calibri;color:#333333"">support<o:p></o:p></span></p><br><br><p class=""MsoNormal""><b><span style=""font-size:12.0pt;line-height:115%;<br>mso-ascii-font-family:Calibri;mso-fareast-font-family:SimSun;mso-hansi-font-family:<br>Calibri;mso-bidi-font-family:Calibri"">TF CARD : </span></b><span style=""font-size:13.0pt;line-height:115%;mso-ascii-font-family:Calibri;<br>mso-fareast-font-family:SimSun;mso-hansi-font-family:Calibri;mso-bidi-font-family:<br>Calibri;color:#333333"">up to 32GB<o:p></o:p></span></p><br><br><p class=""MsoNormal""><b><span style=""font-size:12.0pt;line-height:115%;<br>mso-ascii-font-family:Calibri;mso-fareast-font-family:SimSun;mso-hansi-font-family:<br>Calibri;mso-bidi-font-family:Calibri"">Waterproof : </span></b><span style=""font-size:13.0pt;line-height:115%;mso-ascii-font-family:Calibri;<br>mso-fareast-font-family:SimSun;mso-hansi-font-family:Calibri;mso-bidi-font-family:<br>Calibri"">IP65<o:p></o:p></span></p><br><br><p class=""MsoNormal""><b><span style=""font-size:12.0pt;line-height:115%;<br>mso-ascii-font-family:Calibri;mso-fareast-font-family:SimSun;mso-hansi-font-family:<br>Calibri;mso-bidi-font-family:Calibri"">BATTERY : </span></b><span style=""font-size:13.0pt;line-height:115%;mso-ascii-font-family:Calibri;<br>mso-fareast-font-family:SimSun;mso-hansi-font-family:Calibri;mso-bidi-font-family:<br>Calibri;color:#333333"">300 mAh<o:p></o:p></span></p><br><br><p class=""MsoNormal""><b><span style=""font-size:12.0pt;line-height:115%;<br>mso-ascii-font-family:Calibri;mso-fareast-font-family:SimSun;mso-hansi-font-family:<br>Calibri;mso-bidi-font-family:Calibri"">FOR ANDROID : </span></b><span style=""font-size:13.0pt;line-height:115%;mso-ascii-font-family:Calibri;<br>mso-fareast-font-family:SimSun;mso-hansi-font-family:Calibri;mso-bidi-font-family:<br>Calibri;color:#333333"">support<o:p></o:p></span></p><br><br><p class=""MsoNormal""><b><span style=""font-size:12.0pt;line-height:115%;<br>mso-ascii-font-family:Calibri;mso-fareast-font-family:SimSun;mso-hansi-font-family:<br>Calibri;mso-bidi-font-family:Calibri"">FOR iOS : </span></b><span style=""font-size:13.0pt;line-height:115%;mso-ascii-font-family:Calibri;<br>mso-fareast-font-family:SimSun;mso-hansi-font-family:Calibri;mso-bidi-font-family:<br>Calibri;color:#333333"">support<o:p></o:p></span></p><br><br><p class=""MsoNormal""><b><span style=""font-size:12.0pt;line-height:115%;<br>mso-ascii-font-family:Calibri;mso-fareast-font-family:SimSun;mso-hansi-font-family:<br>Calibri;mso-bidi-font-family:Calibri"">Function : </span></b><b>Bluetooth&nbsp;Dialer,&nbsp;Call&nbsp;Reminder,&nbsp;waterproof,&nbsp;Pedometer,&nbsp;Sleep&nbsp;Monitor,&nbsp;Sedentary&nbsp;Reminder,&nbsp;Calendar, anti-lost,&nbsp;,Remote capture ,heartrate,<o:p></o:p></b></p>
Color: Black
RAM Size: 128
Operating System: Android
SIM card support: No
With Camera: 
Band Material: Leather
Compatible Operating Systems : Android & iOS"
Electronics,Headphones & Headsets,W126,W126,Enable,Light Wireless Bluetooth Headphone with built-in Mic - Black Color,0,0,Woopower,1000,45,45,45,45,45,"<p style=""box-sizing: border-box; margin: 0px 0px 0.714286rem; padding: 0px; line-height: 1.6; font-family: opensans, &#39;Helvetica Neue&#39;, Helvetica, Helvetica, Arial, sans-serif; font-size: 13.3333px; text-rendering: optimizeLegibility; color: rgb(51, 51, 51); background-color: rgb(255, 255, 255);"">Light Wireless Bluetooth Headphone &nbsp;with built-in Mic - Black Color</p><p style=""box-sizing: border-box; margin: 0px 0px 0.714286rem; padding: 0px; line-height: 1.6; font-family: opensans, &#39;Helvetica Neue&#39;, Helvetica, Helvetica, Arial, sans-serif; font-size: 13.3333px; text-rendering: optimizeLegibility; color: rgb(51, 51, 51); background-color: rgb(255, 255, 255);""><br style=""box-sizing: border-box;"">For Daily work and Sport.<br style=""box-sizing: border-box;""><br style=""box-sizing: border-box;"">Details:<br style=""box-sizing: border-box;""></p><ul style=""box-sizing: border-box; list-style-position: inside; margin: 0px 0px 0px 1.42857rem; padding: 0px; font-family: opensans, &#39;Helvetica Neue&#39;, Helvetica, Helvetica, Arial, sans-serif; font-size: 13.3333px; line-height: 1.6; color: rgb(51, 51, 51); text-transform: uppercase; background-color: rgb(255, 255, 255);""><li style=""box-sizing: border-box; margin: 0px; padding: 0px; text-transform: none; list-style: inherit !important;"">Standby life: 200Hr.</li><li style=""box-sizing: border-box; margin: 0px; padding: 0px; text-transform: none; list-style: inherit !important;"">CAlling Time: 3Hrs.</li><li style=""box-sizing: border-box; margin: 0px; padding: 0px; text-transform: none; list-style: inherit !important;"">Distance: 10m.</li><li style=""box-sizing: border-box; margin: 0px; padding: 0px; text-transform: none; list-style: inherit !important;"">Color: Black.</li></ul><p style=""box-sizing: border-box; margin: 0px 0px 0.714286rem; padding: 0px; line-height: 1.6; font-family: opensans, &#39;Helvetica Neue&#39;, Helvetica, Helvetica, Arial, sans-serif; font-size: 13.3333px; text-rendering: optimizeLegibility; color: rgb(51, 51, 51); background-color: rgb(255, 255, 255);"">Package:</p><ol style=""box-sizing: border-box; list-style-position: inside; margin: 0px 0px 0px 1.42857rem; padding: 0px; font-family: opensans, &#39;Helvetica Neue&#39;, Helvetica, Helvetica, Arial, sans-serif; font-size: 13.3333px; line-height: 1.6; color: rgb(51, 51, 51); text-transform: uppercase; background-color: rgb(255, 255, 255);""><li style=""box-sizing: border-box; margin: 0px; padding: 0px; text-transform: none; list-style: inherit !important;"">&nbsp;	Earphone.</li><li style=""box-sizing: border-box; margin: 0px; padding: 0px; text-transform: none; list-style: inherit !important;"">Box.<br></li><li style=""box-sizing: border-box; margin: 0px; padding: 0px; text-transform: none; list-style: inherit !important;"">1Charging Cable.</li><li style=""box-sizing: border-box; margin: 0px; padding: 0px; text-transform: none; list-style: inherit !important;""><span style=""font-size: 13.3333px; line-height: 1.6;"">&nbsp; English Instructions .<br></span></li></ol>","<p style=""box-sizing: border-box; margin: 0px 0px 0.714286rem; padding: 0px; line-height: 1.6; font-family: opensans, &#39;Helvetica Neue&#39;, Helvetica, Helvetica, Arial, sans-serif; font-size: 13.3333px; text-rendering: optimizeLegibility; color: rgb(51, 51, 51); background-color: rgb(255, 255, 255);"">Light Wireless Bluetooth Headphone &nbsp;with built-in Mic - Black Color</p><p style=""box-sizing: border-box; margin: 0px 0px 0.714286rem; padding: 0px; line-height: 1.6; font-family: opensans, &#39;Helvetica Neue&#39;, Helvetica, Helvetica, Arial, sans-serif; font-size: 13.3333px; text-rendering: optimizeLegibility; color: rgb(51, 51, 51); background-color: rgb(255, 255, 255);""><br style=""box-sizing: border-box;"">For Daily work and Sport.<br style=""box-sizing: border-box;""><br style=""box-sizing: border-box;"">Details:<br style=""box-sizing: border-box;""></p><ul style=""box-sizing: border-box; list-style-position: inside; margin: 0px 0px 0px 1.42857rem; padding: 0px; font-family: opensans, &#39;Helvetica Neue&#39;, Helvetica, Helvetica, Arial, sans-serif; font-size: 13.3333px; line-height: 1.6; color: rgb(51, 51, 51); text-transform: uppercase; background-color: rgb(255, 255, 255);""><li style=""box-sizing: border-box; margin: 0px; padding: 0px; text-transform: none; list-style: inherit !important;"">Standby life: 200Hr.</li><li style=""box-sizing: border-box; margin: 0px; padding: 0px; text-transform: none; list-style: inherit !important;"">CAlling Time: 3Hrs.</li><li style=""box-sizing: border-box; margin: 0px; padding: 0px; text-transform: none; list-style: inherit !important;"">Distance: 10m.</li><li style=""box-sizing: border-box; margin: 0px; padding: 0px; text-transform: none; list-style: inherit !important;"">Color: Black.</li></ul><p style=""box-sizing: border-box; margin: 0px 0px 0.714286rem; padding: 0px; line-height: 1.6; font-family: opensans, &#39;Helvetica Neue&#39;, Helvetica, Helvetica, Arial, sans-serif; font-size: 13.3333px; text-rendering: optimizeLegibility; color: rgb(51, 51, 51); background-color: rgb(255, 255, 255);"">Package:</p><ol style=""box-sizing: border-box; list-style-position: inside; margin: 0px 0px 0px 1.42857rem; padding: 0px; font-family: opensans, &#39;Helvetica Neue&#39;, Helvetica, Helvetica, Arial, sans-serif; font-size: 13.3333px; line-height: 1.6; color: rgb(51, 51, 51); text-transform: uppercase; background-color: rgb(255, 255, 255);""><li style=""box-sizing: border-box; margin: 0px; padding: 0px; text-transform: none; list-style: inherit !important;"">&nbsp;	Earphone.</li><li style=""box-sizing: border-box; margin: 0px; padding: 0px; text-transform: none; list-style: inherit !important;"">Box.<br></li><li style=""box-sizing: border-box; margin: 0px; padding: 0px; text-transform: none; list-style: inherit !important;"">1Charging Cable.</li><li style=""box-sizing: border-box; margin: 0px; padding: 0px; text-transform: none; list-style: inherit !important;""><span style=""font-size: 13.3333px; line-height: 1.6;"">&nbsp; English Instructions .<br></span></li></ol>
Compatible with #5705Mobile Phones
Type #5935In Ear"
Electronics,Smart Watches,WHITE - 007,WHITE007,Enable,"KULALA Smart Watch Silicone Band For Android , White - 007",0,0,Kulala,1000,125,125,125,125,125,<br/><ul><li>smart watch</li><li>accept memory card</li><li>accept SIM call</li><li>connect with smart phone by blutooth</li><li>2 INCH SCREEN</li></ul>,"<br/><ul><li>smart watch</li><li>accept memory card</li><li>accept SIM call</li><li>connect with smart phone by blutooth</li><li>2 INCH SCREEN</li></ul>
Color: White
RAM Size: 256
Operating System: Android
SIM card support: 
With Camera: 
Band Material: Silicone
Compatible Operating Systems : Android"
Electronics,Speakers,WS-887,WS887,Enable,Mini Bluetooth Speaker WS-887 (RED),0,0,Other,1000,44,44,44,44,44,"<font face=""""Arial, Verdana""""><span style=""""font-size: 13.3333px;"""">Mini Bluetooth Speaker WS-887 (RED)</span></font><div><font face=""""Arial, Verdana""""><span style=""""font-size: 13.3333px;"""">USB Port</span></font></div><div><font face=""""Arial, Verdana""""><span style=""""font-size: 13.3333px;"""">Loud And Clear Music</span></font></div>","<font face=""""Arial, Verdana""""><span style=""""font-size: 13.3333px;"""">Mini Bluetooth Speaker WS-887 (RED)</span></font><div><font face=""""Arial, Verdana""""><span style=""""font-size: 13.3333px;"""">USB Port</span></font></div><div><font face=""""Arial, Verdana""""><span style=""""font-size: 13.3333px;"""">Loud And Clear Music</span></font></div>
Color: Red
Port Type: USB
Speaker Type: Bluetooth Speakers
Connectivity Technology: Wired
Compatible with: Multi"
Electronics,Smart Watches,XAPBTWATCHBK,XAPBTWATCHBK,Enable,OXO Smart Watch for Android – Black,0,0,OXO,1000,55,55,55,55,55,"<br>
<p>OXO Android connected smart watch</p>

<p><b>Product Features</b></p>

<ul>
<li>Hands-free communication (micro and speaker)</li>
<li>SMS Notifications</li>
<li>Separation alert (when the Bluetooth connection is lost with your smartphone, you receive an alert on the watch)</li>
<li>Music control</li>
<li>Pictures (trigger)</li>
<li>Calculator</li>
<li>Chronometer</li>
<li>Pedometer</li>
<li>Sleeping Tracking</li>
<li>Calendar</li>
<li>Alarm</li>
<li>Stopwatch</li>
<li>Charging via microUSB</li>
</ul>

<p><b>Product Details</b></p>

<ul>
<li>Brand: OXO</li>
<li>Model: XAPBTWATCHBK</li>
<li>Display: LCD TFT </li>
<li>Resolution: 128 x 128 pixels</li>
<li>Processor: Mediatek 6261</li>
<li>Bluetooth: 3.0 V</li>
<li>Battery capacity: 220mAh</li>
<li>Autonomy: 160 hours of standby and 3 hours talk time</li>
<li>Box Contains: Watch, Charging cable, User guide</li>
<li>Box Weight: 200 g</li>
</ul>
","<br>
<p>OXO Android connected smart watch</p>

<p><b>Product Features</b></p>

<ul>
<li>Hands-free communication (micro and speaker)</li>
<li>SMS Notifications</li>
<li>Separation alert (when the Bluetooth connection is lost with your smartphone, you receive an alert on the watch)</li>
<li>Music control</li>
<li>Pictures (trigger)</li>
<li>Calculator</li>
<li>Chronometer</li>
<li>Pedometer</li>
<li>Sleeping Tracking</li>
<li>Calendar</li>
<li>Alarm</li>
<li>Stopwatch</li>
<li>Charging via microUSB</li>
</ul>

<p><b>Product Details</b></p>

<ul>
<li>Brand: OXO</li>
<li>Model: XAPBTWATCHBK</li>
<li>Display: LCD TFT </li>
<li>Resolution: 128 x 128 pixels</li>
<li>Processor: Mediatek 6261</li>
<li>Bluetooth: 3.0 V</li>
<li>Battery capacity: 220mAh</li>
<li>Autonomy: 160 hours of standby and 3 hours talk time</li>
<li>Box Contains: Watch, Charging cable, User guide</li>
<li>Box Weight: 200 g</li>
</ul>

Color: Black
RAM Size: 
Operating System: Android
SIM card support: No
With Camera: 
Band Material: Resin
Compatible Operating Systems : Android"
Electronics,Car Audio & Video Accessories,XT-305,XT305,Enable,"Car Mount Holder for Mobile Phone , Black , XT-305",0,0,Bluedio,1000,19,19,19,19,19,"Car Mount Holder for Mobile Phone , Black , XT-305
Type:Car Accessories","Car Mount Holder for Mobile Phone , Black , XT-305
Type:Car Accessories"
Electronics,Smart Watches,Y1,Y1,Enable,"Smart Watch Rubber Band For Android & iOS,Black - Y1",0,0,Other,1000,129,129,129,129,129,<ul class='generatedBullets'><li>Model Number : Y1</li><li>Brand : Other</li><li>RAM Size : Less Than 128 MB</li><li>SIM card support : Yes</li><li>Operating System : Android</li><li>Compatible Operating Systems  : Android & iOS</li><li>Color : Black</li><li>Band Material : Rubber</li></ul>,"<ul class='generatedBullets'><li>Model Number : Y1</li><li>Brand : Other</li><li>RAM Size : Less Than 128 MB</li><li>SIM card support : Yes</li><li>Operating System : Android</li><li>Compatible Operating Systems  : Android & iOS</li><li>Color : Black</li><li>Band Material : Rubber</li></ul>
Color: Black
RAM Size: 
Operating System: Android
SIM card support: Yes
With Camera: 
Band Material: Rubber
Compatible Operating Systems : Android & iOS"